
                        
                      	Year	
                        
                      	
                        
                      	
                        
                      
Adair County, MO (29001)	1968	250	23,017	1,086.2
	1969	258	22,788	1,132.2
	1970	270	22,630	1,193.1
	1971	227	22,409	1,013.0
	1972	222	23,394	949.0
	1973	221	23,943	923.0
	1974	229	23,889	958.6
	1975	219	23,447	934.0
	1976	247	24,108	1,024.6
	1977	198	24,090	821.9
	1978	226	24,355	927.9
	Total	2,567	258,070	994.7
Andrew County, MO (29003)	1968	135	11,242	1,200.9
	1969	134	11,608	1,154.4
	1970	130	11,943	1,088.5
	1971	141	12,397	1,137.4
	1972	166	12,575	1,320.1
	1973	149	12,771	1,166.7
	1974	132	12,947	1,019.5
	1975	162	13,438	1,205.5
	1976	118	13,415	879.6
	1977	140	13,435	1,042.1
	1978	115	13,816	832.4
	Total	1,522	139,587	1,090.4
Atchison County, MO (29005)	1968	102	8,695	1,173.1
	1969	96	9,014	1,065.0
	1970	113	9,291	1,216.2
	1971	107	9,714	1,101.5
	1972	138	9,838	1,402.7
	1973	112	9,509	1,177.8
	1974	124	9,646	1,285.5
	1975	96	9,613	998.6
	1976	122	9,337	1,306.6
	1977	86	9,312	923.5
	1978	103	8,949	1,151.0
	Total	1,199	102,918	1,165.0
Audrain County, MO (29007)	1968	293	24,494	1,196.2
	1969	311	24,949	1,246.5
	1970	329	25,350	1,297.8
	1971	289	26,082	1,108.0
	1972	296	26,003	1,138.3
	1973	311	25,485	1,220.3
	1974	286	25,863	1,105.8
	1975	315	26,041	1,209.6
	1976	308	26,271	1,172.4
	1977	274	26,183	1,046.5
	1978	299	25,993	1,150.3
	Total	3,311	282,714	1,171.1
Barry County, MO (29009)	1968	286	18,802	1,521.1
	1969	280	19,236	1,455.6
	1970	302	19,635	1,538.1
	1971	295	20,247	1,457.0
	1972	286	20,968	1,364.0
	1973	280	21,535	1,300.2
	1974	322	21,532	1,495.4
	1975	287	21,989	1,305.2
	1976	294	22,202	1,324.2
	1977	297	22,822	1,301.4
	1978	301	23,653	1,272.6
	Total	3,230	232,621	1,388.5
Barton County, MO (29011)	1968	160	10,052	1,591.7
	1969	170	10,247	1,659.0
	1970	148	10,413	1,421.3
	1971	176	10,793	1,630.7
	1972	160	11,054	1,447.4
	1973	182	10,845	1,678.2
	1974	162	10,963	1,477.7
	1975	163	10,970	1,485.9
	1976	159	10,856	1,464.6
	1977	171	10,832	1,578.7
	1978	153	11,065	1,382.7
	Total	1,804	118,090	1,527.6
Bates County, MO (29013)	1968	269	15,631	1,720.9
	1969	276	15,507	1,779.8
	1970	244	15,466	1,577.7
	1971	239	15,391	1,552.9
	1972	234	15,861	1,475.3
	1973	257	16,222	1,584.3
	1974	221	16,206	1,363.7
	1975	205	16,429	1,247.8
	1976	252	16,253	1,550.5
	1977	209	16,357	1,277.7
	1978	228	15,894	1,434.5
	Total	2,634	175,217	1,503.3
Benton County, MO (29015)	1968	152	9,141	1,662.8
	1969	165	9,463	1,743.6
	1970	163	9,669	1,685.8
	1971	163	10,145	1,606.7
	1972	200	10,740	1,862.2
	1973	178	10,815	1,645.9
	1974	166	10,746	1,544.8
	1975	163	10,945	1,489.3
	1976	144	10,858	1,326.2
	1977	175	10,970	1,595.3
	1978	183	10,984	1,666.1
	Total	1,852	114,476	1,617.8
Bollinger County, MO (29017)	1968	118	8,190	1,440.8
	1969	120	8,541	1,405.0
	1970	114	8,824	1,291.9
	1971	115	9,326	1,233.1
	1972	104	9,444	1,101.2
	1973	124	9,367	1,323.8
	1974	127	9,493	1,337.8
	1975	136	9,858	1,379.6
	1976	129	9,809	1,315.1
	1977	114	10,067	1,132.4
	1978	124	10,124	1,224.8
	Total	1,325	103,043	1,285.9
Boone County, MO (29019)	1968	539	79,130	681.2
	1969	553	80,260	689.0
	1970	562	81,301	691.3
	1971	490	82,677	592.7
	1972	558	84,058	663.8
	1973	586	88,448	662.5
	1974	513	90,868	564.6
	1975	515	88,746	580.3
	1976	545	92,632	588.3
	1977	546	94,276	579.2
	1978	556	97,018	573.1
	Total	5,963	959,414	621.5
Buchanan County, MO (29021)	1968	1,250	85,855	1,455.9
	1969	1,217	86,475	1,407.3
	1970	1,193	87,041	1,370.6
	1971	1,168	87,908	1,328.7
	1972	1,186	88,469	1,340.6
	1973	1,118	88,154	1,268.2
	1974	1,138	87,754	1,296.8
	1975	1,047	87,915	1,190.9
	1976	1,118	88,835	1,258.5
	1977	1,030	89,339	1,152.9
	1978	1,120	88,752	1,261.9
	Total	12,585	966,497	1,302.1
Butler County, MO (29023)	1968	501	31,721	1,579.4
	1969	472	32,763	1,440.6
	1970	472	33,513	1,408.4
	1971	487	35,091	1,387.8
	1972	444	35,878	1,237.5
	1973	492	36,140	1,361.4
	1974	494	36,080	1,369.2
	1975	455	37,415	1,216.1
	1976	459	37,957	1,209.3
	1977	425	38,265	1,110.7
	1978	452	37,997	1,189.6
	Total	5,153	392,820	1,311.8
Caldwell County, MO (29025)	1968	142	8,218	1,727.9
	1969	131	8,298	1,578.7
	1970	130	8,385	1,550.4
	1971	127	8,453	1,502.4
	1972	160	8,723	1,834.2
	1973	118	8,817	1,338.3
	1974	144	8,793	1,637.7
	1975	136	8,970	1,516.2
	1976	113	8,916	1,267.4
	1977	124	8,867	1,398.4
	1978	140	8,853	1,581.4
	Total	1,465	95,293	1,537.4
Callaway County, MO (29027)	1968	275	25,604	1,074.1
	1969	265	25,813	1,026.6
	1970	291	25,965	1,120.7
	1971	263	26,364	997.6
	1972	304	27,641	1,099.8
	1973	270	28,270	955.1
	1974	272	27,848	976.7
	1975	281	28,255	994.5
	1976	258	28,641	900.8
	1977	279	29,306	952.0
	1978	301	30,588	984.0
	Total	3,059	304,295	1,005.3
Camden County, MO (29029)	1968	158	12,553	1,258.7
	1969	172	12,982	1,324.9
	1970	158	13,304	1,187.6
	1971	185	13,946	1,326.5
	1972	176	14,854	1,184.9
	1973	201	15,648	1,284.5
	1974	193	16,081	1,200.2
	1975	184	16,698	1,101.9
	1976	209	17,163	1,217.7
	1977	185	18,238	1,014.4
	1978	202	18,856	1,071.3
	Total	2,023	170,323	1,187.7
Cape Girardeau County, MO (29031)	1968	474	48,104	985.4
	1969	456	48,808	934.3
	1970	496	49,406	1,003.9
	1971	444	50,450	880.1
	1972	512	51,952	985.5
	1973	483	51,548	937.0
	1974	452	52,960	853.5
	1975	489	52,292	935.1
	1976	495	54,237	912.7
	1977	455	54,933	828.3
	1978	473	56,578	836.0
	Total	5,229	571,268	915.3
Carroll County, MO (29033)	1968	198	12,498	1,584.3
	1969	205	12,530	1,636.1
	1970	208	12,587	1,652.5
	1971	193	12,689	1,521.0
	1972	204	12,560	1,624.2
	1973	180	12,405	1,451.0
	1974	208	12,323	1,687.9
	1975	178	12,401	1,435.4
	1976	147	12,228	1,202.2
	1977	150	11,957	1,254.5
	1978	188	11,909	1,578.6
	Total	2,059	136,087	1,513.0
Carter County, MO (29035)	1968	64	3,577	1,789.2
	1969	62	3,741	1,657.3
	1970	63	3,900	1,615.4
	1971	58	4,119	1,408.1
	1972	64	4,297	1,489.4
	1973	80	4,630	1,727.9
	1974	61	4,661	1,308.7
	1975	61	4,915	1,241.1
	1976	56	5,147	1,088.0
	1977	67	5,383	1,244.7
	1978	67	5,489	1,220.6
	Total	703	49,859	1,410.0
Cass County, MO (29037)	1968	337	36,650	919.5
	1969	319	38,255	833.9
	1970	318	39,527	804.5
	1971	322	41,729	771.6
	1972	360	44,126	815.8
	1973	376	46,667	805.7
	1974	331	47,309	699.7
	1975	354	48,341	732.3
	1976	308	49,155	626.6
	1977	329	49,029	671.0
	1978	370	49,783	743.2
	Total	3,724	490,571	759.1
Cedar County, MO (29039)	1968	151	9,203	1,640.8
	1969	157	9,329	1,682.9
	1970	174	9,423	1,846.5
	1971	150	9,629	1,557.8
	1972	172	10,009	1,718.5
	1973	183	10,304	1,776.0
	1974	149	10,702	1,392.3
	1975	162	10,709	1,512.7
	1976	184	11,187	1,644.8
	1977	181	11,116	1,628.3
	1978	167	11,070	1,508.6
	Total	1,830	112,681	1,624.1
Chariton County, MO (29041)	1968	196	11,654	1,681.8
	1969	184	11,294	1,629.2
	1970	179	11,075	1,616.3
	1971	171	10,724	1,594.6
	1972	180	10,804	1,666.0
	1973	171	11,019	1,551.9
	1974	170	10,820	1,571.2
	1975	171	11,092	1,541.7
	1976	146	10,663	1,369.2
	1977	174	10,688	1,628.0
	1978	154	10,825	1,422.6
	Total	1,896	120,658	1,571.4
Christian County, MO (29043)	1968	149	13,646	1,091.9
	1969	159	14,515	1,095.4
	1970	145	15,140	957.7
	1971	152	16,337	930.4
	1972	168	17,643	952.2
	1973	180	18,369	979.9
	1974	165	18,852	875.2
	1975	177	19,508	907.3
	1976	162	19,694	822.6
	1977	195	20,523	950.2
	1978	181	21,216	853.1
	Total	1,833	195,443	937.9
Clark County, MO (29045)	1968	115	8,306	1,384.5
	1969	118	8,264	1,427.9
	1970	133	8,254	1,611.3
	1971	125	8,220	1,520.7
	1972	122	8,273	1,474.7
	1973	115	8,254	1,393.3
	1974	118	8,191	1,440.6
	1975	124	8,279	1,497.8
	1976	83	8,201	1,012.1
	1977	122	8,219	1,484.4
	1978	95	8,266	1,149.3
	Total	1,270	90,727	1,399.8
Clay County, MO (29047)	1968	701	119,672	585.8
	1969	768	121,876	630.1
	1970	711	123,837	574.1
	1971	766	126,709	604.5
	1972	762	128,482	593.1
	1973	810	131,853	614.3
	1974	786	131,923	595.8
	1975	787	131,485	598.5
	1976	851	132,660	641.5
	1977	813	134,072	606.4
	1978	846	136,099	621.6
	Total	8,601	1,418,668	606.3
Clinton County, MO (29049)	1968	170	11,800	1,440.7
	1969	158	12,128	1,302.8
	1970	190	12,492	1,521.0
	1971	167	12,969	1,287.7
	1972	188	13,636	1,378.7
	1973	162	14,196	1,141.2
	1974	188	14,211	1,322.9
	1975	173	14,837	1,166.0
	1976	166	14,807	1,121.1
	1977	177	14,991	1,180.7
	1978	143	15,279	935.9
	Total	1,882	151,346	1,243.5
Cole County, MO (29051)	1968	387	46,001	841.3
	1969	403	46,074	874.7
	1970	466	46,178	1,009.1
	1971	391	46,450	841.8
	1972	408	47,390	860.9
	1973	401	47,613	842.2
	1974	383	49,334	776.3
	1975	425	49,998	850.0
	1976	421	51,543	816.8
	1977	412	52,381	786.5
	1978	409	54,075	756.4
	Total	4,506	537,037	839.0
Cooper County, MO (29053)	1968	194	15,114	1,283.6
	1969	204	14,883	1,370.7
	1970	190	14,728	1,290.1
	1971	181	14,467	1,251.1
	1972	204	14,618	1,395.5
	1973	201	14,411	1,394.8
	1974	191	14,355	1,330.5
	1975	189	14,251	1,326.2
	1976	184	14,612	1,259.2
	1977	173	14,620	1,183.3
	1978	181	14,376	1,259.0
	Total	2,092	160,435	1,304.0
Crawford County, MO (29055)	1968	175	14,736	1,187.6
	1969	205	14,802	1,384.9
	1970	181	14,837	1,219.9
	1971	216	14,939	1,445.9
	1972	208	15,744	1,321.1
	1973	233	16,076	1,449.4
	1974	213	16,528	1,288.7
	1975	200	16,621	1,203.3
	1976	199	16,795	1,184.9
	1977	187	17,329	1,079.1
	1978	202	17,459	1,157.0
	Total	2,219	175,866	1,261.8
Dade County, MO (29057)	1968	126	6,790	1,855.7
	1969	118	6,821	1,730.0
	1970	115	6,879	1,671.8
	1971	113	6,942	1,627.8
	1972	116	7,042	1,647.3
	1973	110	7,173	1,533.5
	1974	102	7,041	1,448.7
	1975	97	7,250	1,337.9
	1976	96	7,273	1,320.0
	1977	100	7,397	1,351.9
	1978	127	7,554	1,681.2
	Total	1,220	78,162	1,560.9
Dallas County, MO (29059)	1968	159	9,464	1,680.1
	1969	163	9,764	1,669.4
	1970	148	10,062	1,470.9
	1971	150	10,527	1,424.9
	1972	162	10,743	1,508.0
	1973	184	10,893	1,689.2
	1974	183	11,142	1,642.4
	1975	153	11,659	1,312.3
	1976	159	11,803	1,347.1
	1977	137	11,715	1,169.4
	1978	149	11,876	1,254.6
	Total	1,747	119,648	1,460.1
Daviess County, MO (29061)	1968	148	8,622	1,716.5
	1969	139	8,510	1,633.4
	1970	187	8,401	2,225.9
	1971	124	8,272	1,499.0
	1972	142	8,567	1,657.5
	1973	134	8,762	1,529.3
	1974	143	8,773	1,630.0
	1975	137	9,069	1,510.6
	1976	130	8,725	1,490.0
	1977	124	8,663	1,431.4
	1978	119	8,785	1,354.6
	Total	1,527	95,149	1,604.9
DeKalb County, MO (29063)	1968	102	6,928	1,472.3
	1969	97	7,132	1,360.1
	1970	112	7,309	1,532.4
	1971	116	7,605	1,525.3
	1972	104	7,891	1,318.0
	1973	122	8,040	1,517.4
	1974	101	8,219	1,228.9
	1975	102	8,320	1,226.0
	1976	100	8,359	1,196.3
	1977	93	8,261	1,125.8
	1978	122	8,309	1,468.3
	Total	1,171	86,373	1,355.7
Dent County, MO (29065)	1968	156	10,705	1,457.3
	1969	158	11,128	1,419.8
	1970	170	11,454	1,484.2
	1971	163	12,011	1,357.1
	1972	172	12,672	1,357.3
	1973	187	13,107	1,426.7
	1974	202	13,513	1,494.9
	1975	186	14,086	1,320.5
	1976	168	13,902	1,208.5
	1977	148	14,147	1,046.2
	1978	158	14,123	1,118.7
	Total	1,868	140,848	1,326.3
Douglas County, MO (29067)	1968	116	8,602	1,348.5
	1969	98	8,925	1,098.0
	1970	123	9,261	1,328.2
	1971	119	9,806	1,213.5
	1972	102	10,316	988.8
	1973	133	10,486	1,268.4
	1974	121	10,559	1,145.9
	1975	122	11,137	1,095.4
	1976	97	10,763	901.2
	1977	119	10,882	1,093.5
	1978	104	10,994	946.0
	Total	1,254	111,731	1,122.3
Dunklin County, MO (29069)	1968	436	32,839	1,327.7
	1969	510	33,385	1,527.6
	1970	480	33,856	1,417.8
	1971	473	34,634	1,365.7
	1972	458	34,985	1,309.1
	1973	464	36,056	1,286.9
	1974	513	36,169	1,418.3
	1975	477	37,335	1,277.6
	1976	398	37,488	1,061.7
	1977	432	37,665	1,147.0
	1978	434	37,634	1,153.2
	Total	5,075	392,046	1,294.5
Franklin County, MO (29071)	1968	534	52,134	1,024.3
	1969	545	53,723	1,014.5
	1970	592	55,129	1,073.8
	1971	578	57,525	1,004.8
	1972	636	59,579	1,067.5
	1973	639	62,323	1,025.3
	1974	631	64,207	982.8
	1975	599	64,828	924.0
	1976	618	65,768	939.7
	1977	603	67,323	895.7
	1978	630	68,946	913.8
	Total	6,605	671,485	983.6
Gasconade County, MO (29073)	1968	184	11,379	1,617.0
	1969	204	11,659	1,749.7
	1970	183	11,891	1,539.0
	1971	181	12,262	1,476.1
	1972	212	12,554	1,688.7
	1973	179	12,742	1,404.8
	1974	189	12,659	1,493.0
	1975	172	12,748	1,349.2
	1976	176	12,817	1,373.2
	1977	184	13,006	1,414.7
	1978	187	12,898	1,449.8
	Total	2,051	136,615	1,501.3
Gentry County, MO (29075)	1968	159	7,766	2,047.4
	1969	138	7,934	1,739.3
	1970	111	8,070	1,375.5
	1971	162	8,316	1,948.1
	1972	144	8,522	1,689.7
	1973	138	8,090	1,705.8
	1974	130	8,131	1,598.8
	1975	144	8,258	1,743.8
	1976	150	8,340	1,798.6
	1977	130	8,255	1,574.8
	1978	133	7,960	1,670.9
	Total	1,539	89,642	1,716.8
Greene County, MO (29077)	1968	1,521	145,530	1,045.1
	1969	1,556	149,741	1,039.1
	1970	1,507	153,377	982.5
	1971	1,547	159,287	971.2
	1972	1,614	163,313	988.3
	1973	1,599	166,914	958.0
	1974	1,586	169,353	936.5
	1975	1,573	168,136	935.6
	1976	1,567	172,713	907.3
	1977	1,544	177,431	870.2
	1978	1,600	181,502	881.5
	Total	17,214	1,807,297	952.5
Grundy County, MO (29079)	1968	219	11,566	1,893.5
	1969	212	11,734	1,806.7
	1970	226	11,844	1,908.1
	1971	201	12,021	1,672.1
	1972	200	11,917	1,678.3
	1973	185	12,087	1,530.6
	1974	181	12,093	1,496.7
	1975	191	12,057	1,584.1
	1976	213	11,977	1,778.4
	1977	186	12,026	1,546.6
	1978	175	12,073	1,449.5
	Total	2,189	131,395	1,666.0
Harrison County, MO (29081)	1968	199	10,179	1,955.0
	1969	186	10,200	1,823.5
	1970	175	10,268	1,704.3
	1971	156	10,347	1,507.7
	1972	148	10,147	1,458.6
	1973	165	10,178	1,621.1
	1974	156	10,184	1,531.8
	1975	115	10,281	1,118.6
	1976	153	10,098	1,515.2
	1977	148	10,253	1,443.5
	1978	153	9,969	1,534.8
	Total	1,754	112,104	1,564.6
Henry County, MO (29083)	1968	285	18,212	1,564.9
	1969	330	18,342	1,799.1
	1970	311	18,449	1,685.7
	1971	295	18,638	1,582.8
	1972	340	19,771	1,719.7
	1973	335	19,682	1,702.1
	1974	316	20,118	1,570.7
	1975	291	19,594	1,485.1
	1976	261	19,456	1,341.5
	1977	274	19,470	1,407.3
	1978	270	19,412	1,390.9
	Total	3,308	211,144	1,566.7
Hickory County, MO (29085)	1968	77	3,984	1,932.7
	1969	66	4,255	1,551.1
	1970	61	4,536	1,344.8
	1971	77	4,909	1,568.5
	1972	82	5,150	1,592.2
	1973	85	5,135	1,655.3
	1974	82	5,308	1,544.8
	1975	69	5,763	1,197.3
	1976	92	5,899	1,559.6
	1977	72	5,857	1,229.3
	1978	82	6,074	1,350.0
	Total	845	56,870	1,485.8
Holt County, MO (29087)	1968	128	6,660	1,921.9
	1969	119	6,644	1,791.1
	1970	119	6,651	1,789.2
	1971	103	6,663	1,545.9
	1972	120	6,911	1,736.4
	1973	98	6,882	1,424.0
	1974	115	6,814	1,687.7
	1975	114	6,841	1,666.4
	1976	101	7,013	1,440.2
	1977	86	6,963	1,235.1
	1978	96	6,882	1,394.9
	Total	1,199	74,924	1,600.3
Howard County, MO (29089)	1968	148	10,368	1,427.5
	1969	192	10,468	1,834.2
	1970	158	10,560	1,496.2
	1971	185	10,716	1,726.4
	1972	174	10,928	1,592.2
	1973	154	10,641	1,447.2
	1974	136	10,342	1,315.0
	1975	128	10,095	1,268.0
	1976	154	10,076	1,528.4
	1977	146	9,974	1,463.8
	1978	139	9,826	1,414.6
	Total	1,714	113,994	1,503.6
Howell County, MO (29091)	1968	325	22,744	1,428.9
	1969	335	23,261	1,440.2
	1970	278	23,573	1,179.3
	1971	337	24,231	1,390.8
	1972	346	25,617	1,350.7
	1973	368	25,718	1,430.9
	1974	301	26,647	1,129.6
	1975	319	27,328	1,167.3
	1976	311	27,975	1,111.7
	1977	309	28,598	1,080.5
	1978	292	28,571	1,022.0
	Total	3,521	284,263	1,238.6
Iron County, MO (29093)	1968	108	8,829	1,223.2
	1969	137	9,211	1,487.4
	1970	116	9,551	1,214.5
	1971	124	10,064	1,232.1
	1972	128	10,312	1,241.3
	1973	112	10,514	1,065.2
	1974	126	10,672	1,180.7
	1975	112	10,818	1,035.3
	1976	116	10,891	1,065.1
	1977	130	11,032	1,178.4
	1978	133	11,222	1,185.2
	Total	1,342	113,116	1,186.4
Jackson County, MO (29095)	1968	7,246	651,312	1,112.5
	1969	7,120	653,660	1,089.3
	1970	6,985	655,981	1,064.8
	1971	6,667	659,278	1,011.3
	1972	6,724	653,142	1,029.5
	1973	6,610	652,553	1,012.9
	1974	6,301	647,787	972.7
	1975	6,281	635,290	988.7
	1976	6,307	637,231	989.8
	1977	6,318	632,926	998.2
	1978	6,399	632,971	1,010.9
	Total	72,958	7,112,131	1,025.8
Jasper County, MO (29097)	1968	1,196	79,767	1,499.4
	1969	1,131	79,818	1,417.0
	1970	1,105	80,040	1,380.6
	1971	1,108	80,213	1,381.3
	1972	1,160	82,175	1,411.6
	1973	1,119	83,356	1,342.4
	1974	1,088	83,738	1,299.3
	1975	1,060	83,481	1,269.8
	1976	997	84,269	1,183.1
	1977	1,018	84,978	1,198.0
	1978	1,022	85,608	1,193.8
	Total	12,004	907,443	1,322.8
Jefferson County, MO (29099)	1968	670	100,835	664.5
	1969	721	103,328	697.8
	1970	714	105,253	678.4
	1971	753	108,500	694.0
	1972	762	114,144	667.6
	1973	760	119,651	635.2
	1974	830	122,605	677.0
	1975	766	127,899	598.9
	1976	799	128,901	619.9
	1977	818	133,450	613.0
	1978	830	139,025	597.0
	Total	8,423	1,303,591	646.1
Johnson County, MO (29101)	1968	285	32,424	879.0
	1969	296	33,481	884.1
	1970	298	34,344	867.7
	1971	281	35,782	785.3
	1972	286	36,427	785.1
	1973	276	36,621	753.7
	1974	271	35,756	757.9
	1975	300	33,885	885.3
	1976	242	35,767	676.6
	1977	264	36,941	714.7
	1978	229	38,121	600.7
	Total	3,028	389,549	777.3
Knox County, MO (29103)	1968	92	5,475	1,680.4
	1969	66	5,592	1,180.3
	1970	76	5,697	1,334.0
	1971	107	5,867	1,823.8
	1972	100	5,948	1,681.2
	1973	100	5,552	1,801.2
	1974	104	5,806	1,791.3
	1975	85	5,664	1,500.7
	1976	86	5,516	1,559.1
	1977	80	5,540	1,444.0
	1978	95	5,639	1,684.7
	Total	991	62,296	1,590.8
Laclede County, MO (29105)	1968	214	19,592	1,092.3
	1969	218	19,815	1,100.2
	1970	232	19,972	1,161.6
	1971	231	20,282	1,138.9
	1972	280	21,155	1,323.6
	1973	273	21,246	1,284.9
	1974	246	22,160	1,110.1
	1975	281	22,359	1,256.8
	1976	278	22,957	1,211.0
	1977	236	23,278	1,013.8
	1978	285	23,851	1,194.9
	Total	2,774	236,667	1,172.1
Lafayette County, MO (29107)	1968	360	26,167	1,375.8
	1969	347	26,433	1,312.8
	1970	344	26,686	1,289.1
	1971	331	27,012	1,225.4
	1972	332	27,653	1,200.6
	1973	388	28,591	1,357.1
	1974	363	28,604	1,269.1
	1975	328	28,999	1,131.1
	1976	350	28,677	1,220.5
	1977	336	29,050	1,156.6
	1978	355	29,232	1,214.4
	Total	3,834	307,104	1,248.4
Lawrence County, MO (29109)	1968	323	23,700	1,362.9
	1969	326	24,207	1,346.7
	1970	324	24,634	1,315.3
	1971	377	25,323	1,488.8
	1972	340	26,578	1,279.3
	1973	341	26,641	1,280.0
	1974	360	27,528	1,307.8
	1975	333	27,722	1,201.2
	1976	331	27,493	1,203.9
	1977	316	27,902	1,132.5
	1978	324	28,253	1,146.8
	Total	3,695	289,981	1,274.2
Lewis County, MO (29111)	1968	150	11,111	1,350.0
	1969	157	11,036	1,422.6
	1970	155	10,986	1,410.9
	1971	124	10,904	1,137.2
	1972	120	10,727	1,118.7
	1973	137	10,799	1,268.6
	1974	139	10,918	1,273.1
	1975	144	11,008	1,308.1
	1976	127	10,980	1,156.6
	1977	130	11,024	1,179.2
	1978	130	11,180	1,162.8
	Total	1,513	120,673	1,253.8
Lincoln County, MO (29113)	1968	243	17,634	1,378.0
	1969	231	17,846	1,294.4
	1970	236	18,025	1,309.3
	1971	239	18,308	1,305.4
	1972	274	19,053	1,438.1
	1973	230	19,843	1,159.1
	1974	228	20,017	1,139.0
	1975	215	20,512	1,048.2
	1976	233	20,428	1,140.6
	1977	219	20,807	1,052.5
	1978	234	21,082	1,110.0
	Total	2,582	213,555	1,209.1
Linn County, MO (29115)	1968	306	14,664	2,086.7
	1969	300	14,925	2,010.1
	1970	285	15,141	1,882.3
	1971	308	15,550	1,980.7
	1972	300	15,421	1,945.4
	1973	268	15,459	1,733.6
	1974	280	15,142	1,849.2
	1975	259	15,586	1,661.7
	1976	263	15,461	1,701.1
	1977	264	15,730	1,678.3
	1978	266	15,471	1,719.3
	Total	3,099	168,550	1,838.6
Livingston County, MO (29117)	1968	206	15,089	1,365.2
	1969	211	15,247	1,383.9
	1970	203	15,380	1,319.9
	1971	221	15,663	1,411.0
	1972	226	16,205	1,394.6
	1973	246	15,943	1,543.0
	1974	241	15,941	1,511.8
	1975	190	15,823	1,200.8
	1976	201	15,679	1,282.0
	1977	192	15,767	1,217.7
	1978	250	16,073	1,555.4
	Total	2,387	172,810	1,381.3
McDonald County, MO (29119)	1968	180	11,369	1,583.3
	1969	162	11,897	1,361.7
	1970	179	12,417	1,441.6
	1971	179	13,182	1,357.9
	1972	190	14,059	1,351.4
	1973	183	14,117	1,296.3
	1974	168	14,628	1,148.5
	1975	165	15,321	1,077.0
	1976	178	15,072	1,181.0
	1977	194	15,321	1,266.2
	1978	150	15,447	971.1
	Total	1,928	152,830	1,261.5
Macon County, MO (29121)	1968	292	15,603	1,871.4
	1969	261	15,544	1,679.1
	1970	259	15,465	1,674.7
	1971	234	15,327	1,526.7
	1972	250	15,470	1,616.0
	1973	260	15,624	1,664.1
	1974	267	16,211	1,647.0
	1975	184	16,100	1,142.9
	1976	253	16,133	1,568.2
	1977	209	16,185	1,291.3
	1978	219	16,125	1,358.1
	Total	2,688	173,787	1,546.7
Madison County, MO (29123)	1968	140	8,373	1,672.0
	1969	152	8,522	1,783.6
	1970	141	8,656	1,628.9
	1971	140	8,905	1,572.2
	1972	144	9,333	1,542.9
	1973	163	9,667	1,686.1
	1974	153	9,838	1,555.2
	1975	137	9,995	1,370.7
	1976	145	10,331	1,403.5
	1977	130	10,481	1,240.3
	1978	140	10,554	1,326.5
	Total	1,585	104,655	1,514.5
Maries County, MO (29125)	1968	102	6,523	1,563.7
	1969	92	6,690	1,375.2
	1970	74	6,856	1,079.3
	1971	80	7,124	1,123.0
	1972	70	7,348	952.6
	1973	84	7,318	1,147.9
	1974	65	7,342	885.3
	1975	77	7,401	1,040.4
	1976	84	7,503	1,119.6
	1977	65	7,487	868.2
	1978	80	7,564	1,057.6
	Total	873	79,156	1,102.9
Marion County, MO (29127)	1968	407	28,388	1,433.7
	1969	449	28,223	1,590.9
	1970	399	28,142	1,417.8
	1971	370	28,074	1,317.9
	1972	384	28,182	1,362.6
	1973	432	28,247	1,529.4
	1974	401	28,105	1,426.8
	1975	341	27,805	1,226.4
	1976	387	27,889	1,387.6
	1977	363	28,303	1,282.5
	1978	365	28,277	1,290.8
	Total	4,298	309,635	1,388.1
Mercer County, MO (29129)	1968	93	5,142	1,808.6
	1969	82	5,019	1,633.8
	1970	120	4,903	2,447.5
	1971	71	4,758	1,492.2
	1972	82	4,491	1,825.9
	1973	83	4,744	1,749.6
	1974	64	4,672	1,369.9
	1975	98	4,836	2,026.5
	1976	79	4,632	1,705.5
	1977	70	4,617	1,516.1
	1978	58	4,569	1,269.4
	Total	900	52,383	1,718.1
Miller County, MO (29131)	1968	153	14,324	1,068.1
	1969	168	14,714	1,141.8
	1970	162	15,084	1,074.0
	1971	191	15,574	1,226.4
	1972	222	16,456	1,349.1
	1973	224	16,726	1,339.2
	1974	207	16,583	1,248.3
	1975	184	16,626	1,106.7
	1976	205	17,097	1,199.0
	1977	207	17,660	1,172.1
	1978	230	18,196	1,264.0
	Total	2,153	179,040	1,202.5
Mississippi County, MO (29133)	1968	225	16,160	1,392.3
	1969	223	16,430	1,357.3
	1970	238	16,680	1,426.9
	1971	225	17,085	1,316.9
	1972	222	16,809	1,320.7
	1973	228	16,720	1,363.6
	1974	203	16,240	1,250.0
	1975	237	16,269	1,456.8
	1976	199	16,385	1,214.5
	1977	203	16,146	1,257.3
	1978	193	16,058	1,201.9
	Total	2,396	180,982	1,323.9
Moniteau County, MO (29135)	1968	157	10,696	1,467.8
	1969	162	10,705	1,513.3
	1970	148	10,730	1,379.3
	1971	146	10,820	1,349.4
	1972	168	11,358	1,479.1
	1973	139	11,027	1,260.5
	1974	140	11,193	1,250.8
	1975	149	11,557	1,289.3
	1976	142	11,640	1,219.9
	1977	146	11,552	1,263.9
	1978	150	11,602	1,292.9
	Total	1,647	122,880	1,340.3
Monroe County, MO (29137)	1968	170	9,504	1,788.7
	1969	166	9,486	1,749.9
	1970	144	9,532	1,510.7
	1971	159	9,622	1,652.5
	1972	152	9,679	1,570.4
	1973	156	9,506	1,641.1
	1974	149	9,565	1,557.8
	1975	151	9,907	1,524.2
	1976	156	9,878	1,579.3
	1977	128	9,810	1,304.8
	1978	147	9,872	1,489.1
	Total	1,678	106,361	1,577.6
Montgomery County, MO (29139)	1968	172	10,898	1,578.3
	1969	192	10,966	1,750.9
	1970	171	11,026	1,550.9
	1971	165	11,055	1,492.5
	1972	164	11,062	1,482.6
	1973	157	11,197	1,402.2
	1974	178	11,601	1,534.4
	1975	174	11,691	1,488.3
	1976	164	11,473	1,429.4
	1977	174	11,694	1,487.9
	1978	165	11,360	1,452.5
	Total	1,876	124,023	1,512.6
Morgan County, MO (29141)	1968	154	9,395	1,639.2
	1969	168	9,778	1,718.1
	1970	168	10,074	1,667.7
	1971	124	10,634	1,166.1
	1972	176	11,344	1,551.5
	1973	157	12,092	1,298.4
	1974	160	12,439	1,286.3
	1975	183	12,945	1,413.7
	1976	177	12,923	1,369.7
	1977	164	13,457	1,218.7
	1978	188	13,794	1,362.9
	Total	1,819	128,875	1,411.4
New Madrid County, MO (29143)	1968	331	22,517	1,470.0
	1969	301	23,036	1,306.7
	1970	270	23,437	1,152.0
	1971	308	24,181	1,273.7
	1972	324	24,643	1,314.8
	1973	302	24,000	1,258.3
	1974	292	23,857	1,224.0
	1975	281	23,900	1,175.7
	1976	277	23,972	1,155.5
	1977	270	23,967	1,126.5
	1978	255	23,663	1,077.6
	Total	3,211	261,173	1,229.5
Newton County, MO (29145)	1968	344	31,286	1,099.5
	1969	348	32,225	1,079.9
	1970	382	33,046	1,156.0
	1971	354	34,294	1,032.3
	1972	378	35,214	1,073.4
	1973	353	36,068	978.7
	1974	376	37,182	1,011.2
	1975	335	37,577	891.5
	1976	395	37,510	1,053.1
	1977	349	38,866	898.0
	1978	386	39,358	980.7
	Total	4,000	392,626	1,018.8
Nodaway County, MO (29147)	1968	279	22,151	1,259.5
	1969	241	22,324	1,079.6
	1970	269	22,524	1,194.3
	1971	267	22,826	1,169.7
	1972	312	23,436	1,331.3
	1973	277	23,084	1,200.0
	1974	250	22,498	1,111.2
	1975	226	21,793	1,037.0
	1976	211	22,150	952.6
	1977	213	22,022	967.2
	1978	215	22,142	971.0
	Total	2,760	246,950	1,117.6
Oregon County, MO (29149)	1968	138	9,095	1,517.3
	1969	143	9,148	1,563.2
	1970	160	9,201	1,738.9
	1971	138	9,250	1,491.9
	1972	152	9,501	1,599.8
	1973	148	9,663	1,531.6
	1974	137	9,455	1,449.0
	1975	140	10,075	1,389.6
	1976	149	10,098	1,475.5
	1977	135	10,338	1,305.9
	1978	151	10,357	1,458.0
	Total	1,591	106,181	1,498.4
Osage County, MO (29151)	1968	149	11,005	1,353.9
	1969	125	10,990	1,137.4
	1970	123	11,003	1,117.9
	1971	122	11,005	1,108.6
	1972	110	11,157	985.9
	1973	123	11,489	1,070.6
	1974	121	11,587	1,044.3
	1975	126	12,236	1,029.7
	1976	120	11,845	1,013.1
	1977	128	11,895	1,076.1
	1978	116	12,032	964.1
	Total	1,363	126,244	1,079.7
Ozark County, MO (29153)	1968	91	5,956	1,527.9
	1969	97	6,075	1,596.7
	1970	81	6,233	1,299.5
	1971	91	6,480	1,404.3
	1972	104	7,172	1,450.1
	1973	97	7,070	1,372.0
	1974	99	7,183	1,378.3
	1975	93	7,374	1,261.2
	1976	101	7,611	1,327.0
	1977	103	7,888	1,305.8
	1978	77	8,120	948.3
	Total	1,034	77,162	1,340.0
Pemiscot County, MO (29155)	1968	384	26,460	1,451.2
	1969	397	26,446	1,501.2
	1970	381	26,456	1,440.1
	1971	421	26,504	1,588.4
	1972	380	26,898	1,412.7
	1973	428	26,571	1,610.8
	1974	372	25,976	1,432.1
	1975	316	25,359	1,246.1
	1976	371	25,510	1,454.3
	1977	310	25,788	1,202.1
	1978	346	25,185	1,373.8
	Total	4,106	287,153	1,429.9
Perry County, MO (29157)	1968	204	13,969	1,460.4
	1969	180	14,198	1,267.8
	1970	147	14,376	1,022.5
	1971	176	14,750	1,193.2
	1972	168	15,331	1,095.8
	1973	192	15,091	1,272.3
	1974	170	15,295	1,111.5
	1975	203	15,671	1,295.4
	1976	167	16,150	1,034.1
	1977	186	16,191	1,148.8
	1978	191	16,440	1,161.8
	Total	1,984	167,462	1,184.7
Pettis County, MO (29159)	1968	484	33,794	1,432.2
	1969	504	33,965	1,483.9
	1970	478	34,195	1,397.9
	1971	450	34,452	1,306.2
	1972	504	34,205	1,473.5
	1973	468	35,619	1,313.9
	1974	452	35,518	1,272.6
	1975	433	34,870	1,241.8
	1976	416	35,400	1,175.1
	1977	435	35,633	1,220.8
	1978	468	36,075	1,297.3
	Total	5,092	383,726	1,327.0
Phelps County, MO (29161)	1968	300	27,396	1,095.1
	1969	299	28,606	1,045.2
	1970	307	29,627	1,036.2
	1971	306	31,442	973.2
	1972	304	31,905	952.8
	1973	295	30,952	953.1
	1974	299	31,081	962.0
	1975	291	30,013	969.6
	1976	346	31,110	1,112.2
	1977	314	32,134	977.2
	1978	333	33,364	998.1
	Total	3,394	337,630	1,005.2
Pike County, MO (29163)	1968	256	17,028	1,503.4
	1969	267	17,004	1,570.2
	1970	230	16,975	1,354.9
	1971	229	16,879	1,356.7
	1972	236	16,895	1,396.9
	1973	246	17,277	1,423.9
	1974	242	17,097	1,415.5
	1975	223	17,487	1,275.2
	1976	239	17,565	1,360.7
	1977	204	17,597	1,159.3
	1978	252	17,767	1,418.4
	Total	2,624	189,571	1,384.2
Platte County, MO (29165)	1968	208	29,895	695.8
	1969	210	31,076	675.8
	1970	230	32,059	717.4
	1971	228	33,730	676.0
	1972	222	34,676	640.2
	1973	224	36,464	614.3
	1974	215	37,506	573.2
	1975	198	39,449	501.9
	1976	215	40,740	527.7
	1977	255	42,526	599.6
	1978	248	44,888	552.5
	Total	2,453	403,009	608.7
Polk County, MO (29167)	1968	201	14,761	1,361.7
	1969	234	15,139	1,545.7
	1970	206	15,440	1,334.2
	1971	186	16,032	1,160.2
	1972	192	16,904	1,135.8
	1973	222	17,321	1,281.7
	1974	237	17,870	1,326.2
	1975	198	18,473	1,071.8
	1976	205	18,355	1,116.9
	1977	235	18,895	1,243.7
	1978	205	18,943	1,082.2
	Total	2,321	188,133	1,233.7
Pulaski County, MO (29169)	1968	178	58,930	302.1
	1969	168	55,518	302.6
	1970	197	53,582	367.7
	1971	186	51,860	358.7
	1972	244	44,875	543.7
	1973	213	41,732	510.4
	1974	217	44,760	484.8
	1975	208	45,174	460.4
	1976	224	48,192	464.8
	1977	208	49,332	421.6
	1978	214	44,055	485.8
	Total	2,257	538,010	419.5
Putnam County, MO (29171)	1968	108	5,915	1,825.9
	1969	116	5,923	1,958.5
	1970	110	5,919	1,858.4
	1971	108	5,926	1,822.5
	1972	110	5,945	1,850.3
	1973	112	6,002	1,866.0
	1974	105	6,161	1,704.3
	1975	116	6,335	1,831.1
	1976	99	6,259	1,581.7
	1977	107	6,319	1,693.3
	1978	95	6,521	1,456.8
	Total	1,186	67,225	1,764.2
Ralls County, MO (29173)	1968	87	8,068	1,078.3
	1969	120	7,890	1,520.9
	1970	90	7,751	1,161.1
	1971	96	7,548	1,271.9
	1972	100	7,607	1,314.6
	1973	105	7,941	1,322.3
	1974	85	8,025	1,059.2
	1975	106	8,411	1,260.3
	1976	89	8,427	1,056.1
	1977	88	8,388	1,049.1
	1978	99	8,408	1,177.5
	Total	1,065	88,464	1,203.9
Randolph County, MO (29175)	1968	382	22,807	1,674.9
	1969	358	22,606	1,583.7
	1970	384	22,462	1,709.6
	1971	358	22,298	1,605.5
	1972	382	22,919	1,666.7
	1973	361	22,861	1,579.1
	1974	317	23,033	1,376.3
	1975	288	23,575	1,221.6
	1976	326	24,063	1,354.8
	1977	313	24,497	1,277.7
	1978	302	24,661	1,224.6
	Total	3,771	255,782	1,474.3
Ray County, MO (29177)	1968	230	16,912	1,360.0
	1969	233	17,346	1,343.2
	1970	222	17,632	1,259.1
	1971	249	18,129	1,373.5
	1972	232	18,914	1,226.6
	1973	220	19,827	1,109.6
	1974	222	19,743	1,124.4
	1975	206	20,348	1,012.4
	1976	220	19,784	1,112.0
	1977	207	19,806	1,045.1
	1978	218	20,649	1,055.7
	Total	2,459	209,090	1,176.0
Reynolds County, MO (29179)	1968	75	5,897	1,271.8
	1969	74	6,005	1,232.3
	1970	70	6,109	1,145.9
	1971	82	6,246	1,312.8
	1972	104	6,132	1,696.0
	1973	68	6,346	1,071.5
	1974	75	6,376	1,176.3
	1975	76	6,719	1,131.1
	1976	72	6,692	1,075.9
	1977	69	6,810	1,013.2
	1978	69	6,894	1,000.9
	Total	834	70,226	1,187.6
Ripley County, MO (29181)	1968	128	9,187	1,393.3
	1969	139	9,521	1,459.9
	1970	143	9,829	1,454.9
	1971	166	10,352	1,603.6
	1972	158	11,053	1,429.5
	1973	169	11,206	1,508.1
	1974	141	11,332	1,244.3
	1975	172	12,040	1,428.6
	1976	170	11,979	1,419.2
	1977	168	12,546	1,339.1
	1978	141	12,496	1,128.4
	Total	1,695	121,541	1,394.6
St. Charles County, MO (29183)	1968	519	87,959	590.0
	1969	529	90,768	582.8
	1970	568	92,889	611.5
	1971	552	96,840	570.0
	1972	562	101,567	553.3
	1973	612	107,906	567.2
	1974	638	111,551	571.9
	1975	611	113,677	537.5
	1976	670	118,788	564.0
	1977	701	125,869	556.9
	1978	726	132,761	546.8
	Total	6,688	1,180,575	566.5
St. Clair County, MO (29185)	1968	126	7,619	1,653.8
	1969	145	7,655	1,894.2
	1970	126	7,664	1,644.1
	1971	143	7,742	1,847.1
	1972	150	8,262	1,815.5
	1973	136	7,862	1,729.8
	1974	174	8,001	2,174.7
	1975	136	8,665	1,569.5
	1976	122	8,368	1,457.9
	1977	131	8,467	1,547.2
	1978	145	8,409	1,724.3
	Total	1,534	88,714	1,729.2
Ste. Genevieve County, MO (29186)	1968	139	12,368	1,123.9
	1969	125	12,606	991.6
	1970	132	12,827	1,029.1
	1971	114	13,275	858.8
	1972	138	13,566	1,017.2
	1973	133	13,770	965.9
	1974	138	13,451	1,025.9
	1975	128	14,183	902.5
	1976	136	14,260	953.7
	1977	142	14,537	976.8
	1978	134	14,845	902.7
	Total	1,459	149,688	974.7
St. Francois County, MO (29187)	1968	511	35,311	1,447.1
	1969	488	36,184	1,348.7
	1970	540	36,954	1,461.3
	1971	512	38,192	1,340.6
	1972	606	39,237	1,544.5
	1973	528	39,267	1,344.6
	1974	502	39,016	1,286.7
	1975	481	39,881	1,206.1
	1976	507	39,698	1,277.1
	1977	539	40,361	1,335.4
	1978	518	40,364	1,283.3
	Total	5,732	424,465	1,350.4
St. Louis County, MO (29189)	1968	6,458	952,167	678.2
	1969	6,616	950,074	696.4
	1970	6,610	951,149	694.9
	1971	6,508	951,243	684.2
	1972	7,160	945,256	757.5
	1973	7,239	960,490	753.7
	1974	7,349	955,467	769.2
	1975	7,207	964,620	747.1
	1976	7,178	967,145	742.2
	1977	7,454	967,645	770.3
	1978	7,380	969,638	761.1
	Total	77,159	10,534,894	732.4
Saline County, MO (29195)	1968	319	25,291	1,261.3
	1969	356	24,990	1,424.6
	1970	344	24,851	1,384.3
	1971	354	24,610	1,438.4
	1972	388	24,623	1,575.8
	1973	398	24,383	1,632.3
	1974	383	24,488	1,564.0
	1975	347	25,206	1,376.7
	1976	317	24,788	1,278.8
	1977	283	24,373	1,161.1
	1978	334	24,354	1,371.4
	Total	3,823	271,957	1,405.7
Schuyler County, MO (29197)	1968	82	4,445	1,844.8
	1969	69	4,583	1,505.6
	1970	87	4,674	1,861.4
	1971	71	4,877	1,455.8
	1972	112	5,051	2,217.4
	1973	76	4,733	1,605.7
	1974	75	4,734	1,584.3
	1975	87	4,962	1,753.3
	1976	79	4,976	1,587.6
	1977	73	5,031	1,451.0
	1978	75	4,954	1,513.9
	Total	886	53,020	1,671.1
Scotland County, MO (29199)	1968	76	5,689	1,335.9
	1969	84	5,574	1,507.0
	1970	90	5,494	1,638.2
	1971	76	5,377	1,413.4
	1972	80	5,537	1,444.8
	1973	87	5,584	1,558.0
	1974	92	5,791	1,588.7
	1975	90	5,730	1,570.7
	1976	82	5,651	1,451.1
	1977	87	5,692	1,528.5
	1978	80	5,700	1,403.5
	Total	924	61,819	1,494.7
Scott County, MO (29201)	1968	376	31,770	1,183.5
	1969	381	32,569	1,169.8
	1970	389	33,370	1,165.7
	1971	368	34,573	1,064.4
	1972	324	34,796	931.1
	1973	409	35,139	1,163.9
	1974	358	35,258	1,015.4
	1975	384	36,472	1,052.9
	1976	361	37,068	973.9
	1977	382	37,775	1,011.3
	1978	392	38,281	1,024.0
	Total	4,124	387,071	1,065.4
Shannon County, MO (29203)	1968	90	6,947	1,295.5
	1969	96	7,095	1,353.1
	1970	79	7,203	1,096.8
	1971	86	7,371	1,166.7
	1972	76	7,341	1,035.3
	1973	95	7,569	1,255.1
	1974	89	7,759	1,147.1
	1975	87	7,781	1,118.1
	1976	72	7,900	911.4
	1977	103	7,864	1,309.8
	1978	72	7,799	923.2
	Total	945	82,629	1,143.7
Shelby County, MO (29205)	1968	163	7,544	2,160.7
	1969	161	7,756	2,075.8
	1970	145	7,889	1,838.0
	1971	154	8,190	1,880.3
	1972	154	8,100	1,901.2
	1973	145	7,998	1,813.0
	1974	140	7,897	1,772.8
	1975	131	8,151	1,607.2
	1976	136	8,145	1,669.7
	1977	120	8,209	1,461.8
	1978	128	8,040	1,592.0
	Total	1,577	87,919	1,793.7
Stoddard County, MO (29207)	1968	358	25,169	1,422.4
	1969	365	25,490	1,431.9
	1970	294	25,778	1,140.5
	1971	351	26,318	1,333.7
	1972	332	27,102	1,225.0
	1973	373	26,759	1,393.9
	1974	324	27,176	1,192.2
	1975	306	27,589	1,109.1
	1976	300	27,882	1,076.0
	1977	324	28,150	1,151.0
	1978	300	28,599	1,049.0
	Total	3,627	296,012	1,225.3
Stone County, MO (29209)	1968	120	9,478	1,266.1
	1969	123	9,730	1,264.1
	1970	108	9,912	1,089.6
	1971	119	10,307	1,154.6
	1972	134	11,193	1,197.2
	1973	149	11,792	1,263.6
	1974	129	12,295	1,049.2
	1975	157	12,676	1,238.6
	1976	132	13,116	1,006.4
	1977	159	13,872	1,146.2
	1978	164	14,341	1,143.6
	Total	1,494	128,712	1,160.7
Sullivan County, MO (29211)	1968	157	7,896	1,988.3
	1969	159	7,685	2,069.0
	1970	141	7,598	1,855.8
	1971	126	7,373	1,708.9
	1972	170	7,626	2,229.2
	1973	134	7,724	1,734.9
	1974	158	7,728	2,044.5
	1975	133	7,561	1,759.0
	1976	129	7,399	1,743.5
	1977	107	7,397	1,446.5
	1978	126	7,419	1,698.3
	Total	1,540	83,406	1,846.4
Taney County, MO (29213)	1968	165	11,835	1,394.2
	1969	189	12,496	1,512.5
	1970	187	13,027	1,435.5
	1971	149	14,033	1,061.8
	1972	178	15,218	1,169.7
	1973	200	16,813	1,189.6
	1974	212	17,293	1,225.9
	1975	230	17,422	1,320.2
	1976	212	18,098	1,171.4
	1977	228	19,001	1,199.9
	1978	257	19,771	1,299.9
	Total	2,207	175,007	1,261.1
Texas County, MO (29215)	1968	234	17,697	1,322.3
	1969	273	18,048	1,512.6
	1970	236	18,341	1,286.7
	1971	231	18,889	1,222.9
	1972	246	19,727	1,247.0
	1973	283	20,047	1,411.7
	1974	237	20,434	1,159.8
	1975	213	20,275	1,050.6
	1976	267	20,428	1,307.0
	1977	246	20,657	1,190.9
	1978	239	20,660	1,156.8
	Total	2,705	215,203	1,257.0
Vernon County, MO (29217)	1968	276	19,298	1,430.2
	1969	280	19,136	1,463.2
	1970	298	19,044	1,564.8
	1971	261	18,911	1,380.1
	1972	268	19,022	1,408.9
	1973	275	19,353	1,421.0
	1974	243	19,489	1,246.9
	1975	269	19,914	1,350.8
	1976	286	19,758	1,447.5
	1977	289	19,957	1,448.1
	1978	257	19,715	1,303.6
	Total	3,002	213,597	1,405.5
Warren County, MO (29219)	1968	115	8,870	1,296.5
	1969	116	9,304	1,246.8
	1970	126	9,702	1,298.7
	1971	110	10,406	1,057.1
	1972	164	11,238	1,459.3
	1973	129	11,782	1,094.9
	1974	152	12,248	1,241.0
	1975	129	12,885	1,001.2
	1976	152	13,002	1,169.1
	1977	141	13,575	1,038.7
	1978	134	14,673	913.2
	Total	1,468	127,685	1,149.7
Washington County, MO (29221)	1968	152	14,724	1,032.3
	1969	178	14,902	1,194.5
	1970	165	15,122	1,091.1
	1971	186	15,435	1,205.1
	1972	148	16,066	921.2
	1973	178	16,298	1,092.2
	1974	172	16,161	1,064.3
	1975	150	16,833	891.1
	1976	151	16,471	916.8
	1977	187	16,835	1,110.8
	1978	181	17,522	1,033.0
	Total	1,848	176,369	1,047.8
Wayne County, MO (29223)	1968	122	7,789	1,566.3
	1969	108	8,187	1,319.2
	1970	126	8,545	1,474.5
	1971	115	9,187	1,251.8
	1972	146	9,651	1,512.8
	1973	139	9,935	1,399.1
	1974	152	9,976	1,523.7
	1975	144	10,536	1,366.7
	1976	141	10,728	1,314.3
	1977	155	11,060	1,401.4
	1978	159	11,349	1,401.0
	Total	1,507	106,943	1,409.2
Webster County, MO (29225)	1968	190	14,821	1,282.0
	1969	203	15,236	1,332.4
	1970	191	15,569	1,226.8
	1971	198	16,209	1,221.5
	1972	230	17,112	1,344.1
	1973	208	17,765	1,170.8
	1974	165	18,136	909.8
	1975	189	18,599	1,016.2
	1976	170	18,590	914.5
	1977	203	18,783	1,080.8
	1978	191	19,491	979.9
	Total	2,138	190,311	1,123.4
Worth County, MO (29227)	1968	53	3,278	1,616.8
	1969	56	3,320	1,686.7
	1970	52	3,344	1,555.0
	1971	64	3,404	1,880.1
	1972	68	3,410	1,994.1
	1973	63	3,257	1,934.3
	1974	51	3,192	1,597.7
	1975	62	3,350	1,850.7
	1976	52	3,291	1,580.1
	1977	58	3,238	1,791.2
	1978	52	3,243	1,603.5
	Total	631	36,327	1,737.0
Wright County, MO (29229)	1968	207	13,006	1,591.6
	1969	193	13,371	1,443.4
	1970	224	13,681	1,637.3
	1971	198	14,234	1,391.0
	1972	236	14,699	1,605.6
	1973	217	15,124	1,434.8
	1974	237	15,238	1,555.3
	1975	199	15,275	1,302.8
	1976	218	15,675	1,390.7
	1977	221	15,882	1,391.5
	1978	207	15,827	1,307.9
	Total	2,357	162,012	1,454.8
St. Louis city, MO (29510)	1968	9,996	655,819	1,524.2
	1969	9,894	638,055	1,550.7
	1970	9,708	624,865	1,553.6
	1971	9,571	605,501	1,580.7
	1972	8,958	580,868	1,542.2
	1973	8,568	540,351	1,585.6
	1974	8,200	531,813	1,541.9
	1975	7,677	515,092	1,490.4
	1976	7,473	506,219	1,476.2
	1977	7,353	488,492	1,505.2
	1978	7,224	472,205	1,529.8
	Total	94,622	6,159,280	1,536.3
Total		559,005	52,362,760	1,067.6
