
                        
                      	Year	
                        
                      	
                        
                      	
                        
                      
Adair County, IA (19001)	1968	136	9,834	1,383.0
	1969	124	9,630	1,287.6
	1970	116	9,494	1,221.8
	1971	123	9,268	1,327.1
	1972	136	9,448	1,439.5
	1973	117	9,545	1,225.8
	1974	109	9,316	1,170.0
	1975	109	9,305	1,171.4
	1976	101	9,344	1,080.9
	1977	123	9,402	1,308.2
	1978	111	9,444	1,175.3
	Total	1,305	104,030	1,254.4
Adams County, IA (19003)	1968	66	6,356	1,038.4
	1969	79	6,343	1,245.5
	1970	72	6,319	1,139.4
	1971	97	6,291	1,541.9
	1972	86	6,291	1,367.0
	1973	88	6,068	1,450.2
	1974	70	5,979	1,170.8
	1975	81	5,910	1,370.6
	1976	98	5,838	1,678.7
	1977	68	5,929	1,146.9
	1978	78	5,946	1,311.8
	Total	883	67,270	1,312.6
Allamakee County, IA (19005)	1968	177	14,640	1,209.0
	1969	178	14,787	1,203.8
	1970	190	14,947	1,271.2
	1971	200	15,255	1,311.0
	1972	194	15,442	1,256.3
	1973	205	15,062	1,361.0
	1974	198	14,935	1,325.7
	1975	159	15,179	1,047.5
	1976	197	15,238	1,292.8
	1977	174	15,654	1,111.5
	1978	179	15,732	1,137.8
	Total	2,051	166,871	1,229.1
Appanoose County, IA (19007)	1968	249	14,764	1,686.5
	1969	246	14,880	1,653.2
	1970	238	15,011	1,585.5
	1971	255	15,240	1,673.2
	1972	246	15,468	1,590.4
	1973	228	14,962	1,523.9
	1974	227	14,692	1,545.1
	1975	255	14,869	1,715.0
	1976	235	15,160	1,550.1
	1977	206	15,588	1,321.5
	1978	200	15,420	1,297.0
	Total	2,585	166,054	1,556.7
Audubon County, IA (19009)	1968	99	9,885	1,001.5
	1969	131	9,702	1,350.2
	1970	111	9,566	1,160.4
	1971	115	9,365	1,228.0
	1972	140	9,387	1,491.4
	1973	100	9,118	1,096.7
	1974	89	8,891	1,001.0
	1975	106	8,914	1,189.1
	1976	111	8,970	1,237.5
	1977	103	8,992	1,145.5
	1978	102	9,025	1,130.2
	Total	1,207	101,815	1,185.5
Benton County, IA (19011)	1968	264	22,791	1,158.4
	1969	244	22,827	1,068.9
	1970	239	22,836	1,046.6
	1971	288	22,871	1,259.2
	1972	254	22,885	1,109.9
	1973	239	22,808	1,047.9
	1974	246	22,716	1,082.9
	1975	236	22,905	1,030.3
	1976	248	23,029	1,076.9
	1977	247	23,383	1,056.3
	1978	245	23,474	1,043.7
	Total	2,750	252,525	1,089.0
Black Hawk County, IA (19013)	1968	1,128	132,758	849.7
	1969	1,048	132,728	789.6
	1970	1,127	132,990	847.4
	1971	1,104	133,282	828.3
	1972	1,152	132,126	871.9
	1973	1,121	132,578	845.5
	1974	1,071	132,372	809.1
	1975	1,090	133,123	818.8
	1976	1,043	134,395	776.1
	1977	985	135,200	728.6
	1978	1,087	136,386	797.0
	Total	11,956	1,467,938	814.5
Boone County, IA (19015)	1968	301	25,941	1,160.3
	1969	290	26,207	1,106.6
	1970	284	26,470	1,072.9
	1971	341	26,901	1,267.6
	1972	348	27,386	1,270.7
	1973	315	26,775	1,176.5
	1974	311	26,397	1,178.2
	1975	342	26,170	1,306.8
	1976	305	26,260	1,161.5
	1977	282	26,489	1,064.6
	1978	322	26,369	1,221.1
	Total	3,441	291,365	1,181.0
Bremer County, IA (19017)	1968	212	22,770	931.0
	1969	206	22,727	906.4
	1970	208	22,685	916.9
	1971	207	22,761	909.5
	1972	214	22,997	930.6
	1973	195	23,286	837.4
	1974	234	23,704	987.2
	1975	199	23,767	837.3
	1976	178	23,746	749.6
	1977	215	23,867	900.8
	1978	208	24,068	864.2
	Total	2,276	256,378	887.8
Buchanan County, IA (19019)	1968	227	22,077	1,028.2
	1969	220	21,883	1,005.3
	1970	236	21,741	1,085.5
	1971	212	21,494	986.3
	1972	236	21,540	1,095.6
	1973	230	22,006	1,045.2
	1974	194	22,056	879.6
	1975	236	22,488	1,049.4
	1976	213	22,689	938.8
	1977	222	23,116	960.4
	1978	223	23,142	963.6
	Total	2,449	244,232	1,002.7
Buena Vista County, IA (19021)	1968	226	20,329	1,111.7
	1969	254	20,518	1,237.9
	1970	253	20,694	1,222.6
	1971	222	21,073	1,053.5
	1972	224	21,206	1,056.3
	1973	227	20,965	1,082.8
	1974	218	20,837	1,046.2
	1975	223	20,778	1,073.3
	1976	225	20,860	1,078.6
	1977	203	20,974	967.9
	1978	200	20,917	956.2
	Total	2,475	229,151	1,080.1
Butler County, IA (19023)	1968	200	16,935	1,181.0
	1969	211	16,928	1,246.5
	1970	198	16,952	1,168.0
	1971	199	16,977	1,172.2
	1972	206	17,055	1,207.9
	1973	190	17,175	1,106.3
	1974	201	17,330	1,159.8
	1975	204	17,352	1,175.7
	1976	165	17,483	943.8
	1977	178	17,740	1,003.4
	1978	177	17,743	997.6
	Total	2,129	189,670	1,122.5
Calhoun County, IA (19025)	1968	170	14,545	1,168.8
	1969	191	14,363	1,329.8
	1970	192	14,323	1,340.5
	1971	192	14,135	1,358.3
	1972	186	13,884	1,339.7
	1973	181	13,927	1,299.6
	1974	190	13,757	1,381.1
	1975	174	13,808	1,260.1
	1976	191	13,870	1,377.1
	1977	174	13,778	1,262.9
	1978	217	13,682	1,586.0
	Total	2,058	154,072	1,335.7
Carroll County, IA (19027)	1968	246	23,107	1,064.6
	1969	238	22,964	1,036.4
	1970	256	22,865	1,119.6
	1971	247	22,793	1,083.7
	1972	242	22,700	1,066.1
	1973	264	23,006	1,147.5
	1974	243	23,084	1,052.7
	1975	246	23,059	1,066.8
	1976	272	23,066	1,179.2
	1977	254	23,012	1,103.8
	1978	264	23,086	1,143.6
	Total	2,772	252,742	1,096.8
Cass County, IA (19029)	1968	220	16,739	1,314.3
	1969	212	16,881	1,255.8
	1970	234	17,021	1,374.8
	1971	231	17,216	1,341.8
	1972	218	16,973	1,284.4
	1973	283	17,181	1,647.2
	1974	225	17,081	1,317.3
	1975	227	16,935	1,340.4
	1976	218	17,018	1,281.0
	1977	210	17,159	1,223.8
	1978	253	17,214	1,469.7
	Total	2,531	187,418	1,350.5
Cedar County, IA (19031)	1968	174	17,336	1,003.7
	1969	193	17,452	1,105.9
	1970	208	17,635	1,179.5
	1971	213	17,926	1,188.2
	1972	184	18,014	1,021.4
	1973	191	17,984	1,062.1
	1974	177	17,694	1,000.3
	1975	166	17,858	929.6
	1976	222	18,257	1,216.0
	1977	180	18,767	959.1
	1978	202	18,883	1,069.7
	Total	2,110	197,806	1,066.7
Cerro Gordo County, IA (19033)	1968	527	49,064	1,074.1
	1969	562	49,112	1,144.3
	1970	559	49,314	1,133.6
	1971	532	49,462	1,075.6
	1972	500	49,243	1,015.4
	1973	541	49,563	1,091.5
	1974	518	49,588	1,044.6
	1975	515	49,301	1,044.6
	1976	521	49,242	1,058.0
	1977	492	49,195	1,000.1
	1978	504	48,871	1,031.3
	Total	5,771	541,955	1,064.8
Cherokee County, IA (19035)	1968	205	17,215	1,190.8
	1969	175	17,254	1,014.3
	1970	181	17,257	1,048.8
	1971	191	17,268	1,106.1
	1972	206	17,397	1,184.1
	1973	186	17,125	1,086.1
	1974	190	16,845	1,127.9
	1975	153	16,544	924.8
	1976	164	16,465	996.1
	1977	168	16,599	1,012.1
	1978	185	16,604	1,114.2
	Total	2,004	186,573	1,074.1
Chickasaw County, IA (19037)	1968	150	15,375	975.6
	1969	182	15,105	1,204.9
	1970	180	14,924	1,206.1
	1971	180	14,698	1,224.7
	1972	166	14,793	1,122.2
	1973	146	14,866	982.1
	1974	139	14,962	929.0
	1975	163	15,206	1,071.9
	1976	153	15,290	1,000.7
	1977	154	15,445	997.1
	1978	166	15,468	1,073.2
	Total	1,779	166,132	1,070.8
Clarke County, IA (19039)	1968	126	7,555	1,667.8
	1969	109	7,568	1,440.3
	1970	117	7,591	1,541.3
	1971	103	7,632	1,349.6
	1972	126	7,911	1,592.7
	1973	99	7,826	1,265.0
	1974	90	7,824	1,150.3
	1975	116	7,986	1,452.5
	1976	96	8,068	1,189.9
	1977	90	8,233	1,093.2
	1978	94	8,304	1,132.0
	Total	1,166	86,498	1,348.0
Clay County, IA (19041)	1968	204	18,397	1,108.9
	1969	198	18,414	1,075.3
	1970	192	18,510	1,037.3
	1971	208	18,526	1,122.7
	1972	218	18,345	1,188.3
	1973	177	18,369	963.6
	1974	186	18,531	1,003.7
	1975	193	18,798	1,026.7
	1976	174	19,061	912.9
	1977	155	19,244	805.4
	1978	166	19,513	850.7
	Total	2,071	205,708	1,006.8
Clayton County, IA (19043)	1968	272	20,483	1,327.9
	1969	272	20,541	1,324.2
	1970	250	20,575	1,215.1
	1971	262	20,729	1,263.9
	1972	260	21,242	1,224.0
	1973	244	21,113	1,155.7
	1974	231	21,100	1,094.8
	1975	220	21,410	1,027.6
	1976	238	21,527	1,105.6
	1977	243	21,856	1,111.8
	1978	222	21,802	1,018.3
	Total	2,714	232,378	1,167.9
Clinton County, IA (19045)	1968	614	56,000	1,096.4
	1969	579	56,343	1,027.6
	1970	610	56,774	1,074.4
	1971	658	57,307	1,148.2
	1972	606	56,978	1,063.6
	1973	590	56,718	1,040.2
	1974	584	57,312	1,019.0
	1975	550	57,833	951.0
	1976	598	58,208	1,027.4
	1977	528	58,311	905.5
	1978	588	58,382	1,007.2
	Total	6,505	630,166	1,032.3
Crawford County, IA (19047)	1968	213	19,447	1,095.3
	1969	238	19,215	1,238.6
	1970	202	19,139	1,055.4
	1971	197	18,926	1,040.9
	1972	198	18,808	1,052.7
	1973	203	18,689	1,086.2
	1974	194	18,670	1,039.1
	1975	187	18,743	997.7
	1976	200	18,930	1,056.5
	1977	187	19,149	976.6
	1978	201	19,196	1,047.1
	Total	2,220	208,912	1,062.6
Dallas County, IA (19049)	1968	301	25,706	1,170.9
	1969	308	25,870	1,190.6
	1970	297	26,087	1,138.5
	1971	326	26,318	1,238.7
	1972	310	26,553	1,167.5
	1973	305	26,806	1,137.8
	1974	276	27,181	1,015.4
	1975	293	27,505	1,065.3
	1976	326	27,808	1,172.3
	1977	266	28,361	937.9
	1978	246	28,849	852.7
	Total	3,254	297,044	1,095.5
Davis County, IA (19051)	1968	107	8,186	1,307.1
	1969	118	8,218	1,435.9
	1970	122	8,218	1,484.5
	1971	131	8,263	1,585.4
	1972	94	8,399	1,119.2
	1973	101	8,458	1,194.1
	1974	112	8,470	1,322.3
	1975	101	8,611	1,172.9
	1976	105	8,828	1,189.4
	1977	91	9,178	991.5
	1978	92	9,109	1,010.0
	Total	1,174	93,938	1,249.8
Decatur County, IA (19053)	1968	144	9,813	1,467.4
	1969	154	9,755	1,578.7
	1970	129	9,771	1,320.2
	1971	138	9,718	1,420.0
	1972	138	9,756	1,414.5
	1973	143	9,607	1,488.5
	1974	117	9,664	1,210.7
	1975	124	9,861	1,257.5
	1976	99	9,861	1,004.0
	1977	114	10,004	1,139.5
	1978	120	9,817	1,222.4
	Total	1,420	107,627	1,319.4
Delaware County, IA (19055)	1968	223	19,305	1,155.1
	1969	215	18,964	1,133.7
	1970	203	18,705	1,085.3
	1971	176	18,340	959.7
	1972	224	18,740	1,195.3
	1973	191	18,784	1,016.8
	1974	181	18,642	970.9
	1975	196	18,890	1,037.6
	1976	161	18,897	852.0
	1977	154	18,809	818.8
	1978	191	18,794	1,016.3
	Total	2,115	206,870	1,022.4
Des Moines County, IA (19057)	1968	495	47,934	1,032.7
	1969	509	47,340	1,075.2
	1970	517	47,069	1,098.4
	1971	505	46,360	1,089.3
	1972	494	45,385	1,088.5
	1973	526	45,493	1,156.2
	1974	482	45,718	1,054.3
	1975	474	45,586	1,039.8
	1976	506	45,653	1,108.4
	1977	461	45,791	1,006.7
	1978	457	46,011	993.2
	Total	5,426	508,340	1,067.4
Dickinson County, IA (19059)	1968	145	12,231	1,185.5
	1969	154	12,387	1,243.2
	1970	149	12,597	1,182.8
	1971	143	12,868	1,111.3
	1972	136	12,975	1,048.2
	1973	125	13,347	936.5
	1974	184	13,715	1,341.6
	1975	161	14,245	1,130.2
	1976	140	14,636	956.5
	1977	172	15,118	1,137.7
	1978	152	15,310	992.8
	Total	1,661	149,429	1,111.6
Dubuque County, IA (19061)	1968	896	89,223	1,004.2
	1969	805	89,799	896.4
	1970	887	90,485	980.3
	1971	817	91,633	891.6
	1972	850	92,445	919.5
	1973	819	93,427	876.6
	1974	842	93,553	900.0
	1975	835	94,578	882.9
	1976	789	95,580	825.5
	1977	780	94,220	827.8
	1978	826	93,763	880.9
	Total	9,146	1,018,706	897.8
Emmet County, IA (19063)	1968	152	14,199	1,070.5
	1969	154	14,102	1,092.0
	1970	144	14,009	1,027.9
	1971	145	13,930	1,040.9
	1972	188	14,226	1,321.5
	1973	159	13,836	1,149.2
	1974	153	13,672	1,119.1
	1975	152	13,658	1,112.9
	1976	160	13,701	1,167.8
	1977	138	13,923	991.2
	1978	129	13,760	937.5
	Total	1,674	153,016	1,094.0
Fayette County, IA (19065)	1968	344	27,036	1,272.4
	1969	279	26,910	1,036.8
	1970	320	26,874	1,190.7
	1971	306	26,780	1,142.6
	1972	306	26,995	1,133.5
	1973	290	26,375	1,099.5
	1974	284	26,228	1,082.8
	1975	290	26,040	1,113.7
	1976	277	26,150	1,059.3
	1977	265	26,138	1,013.8
	1978	266	25,823	1,030.1
	Total	3,227	291,349	1,107.6
Floyd County, IA (19067)	1968	227	18,473	1,228.8
	1969	215	19,244	1,117.2
	1970	241	19,850	1,214.1
	1971	258	20,949	1,231.6
	1972	244	20,212	1,207.2
	1973	221	19,673	1,123.4
	1974	206	19,817	1,039.5
	1975	176	20,273	868.1
	1976	209	20,104	1,039.6
	1977	218	19,834	1,099.1
	1978	222	19,828	1,119.6
	Total	2,437	218,257	1,116.6
Franklin County, IA (19069)	1968	165	13,292	1,241.3
	1969	175	13,243	1,321.5
	1970	150	13,268	1,130.5
	1971	167	13,228	1,262.5
	1972	194	13,197	1,470.0
	1973	170	12,914	1,316.4
	1974	173	12,881	1,343.1
	1975	135	13,024	1,036.5
	1976	159	13,043	1,219.0
	1977	157	12,849	1,221.9
	1978	164	12,931	1,268.3
	Total	1,809	143,870	1,257.4
Fremont County, IA (19071)	1968	130	8,821	1,473.8
	1969	123	9,071	1,356.0
	1970	142	9,261	1,533.3
	1971	141	9,692	1,454.8
	1972	134	9,826	1,363.7
	1973	131	9,608	1,363.4
	1974	136	9,573	1,420.7
	1975	116	9,580	1,210.9
	1976	142	9,651	1,471.4
	1977	132	9,623	1,371.7
	1978	111	9,670	1,147.9
	Total	1,438	104,376	1,377.7
Greene County, IA (19073)	1968	174	12,668	1,373.5
	1969	165	12,698	1,299.4
	1970	163	12,739	1,279.5
	1971	184	12,733	1,445.1
	1972	166	12,601	1,317.4
	1973	176	12,438	1,415.0
	1974	177	12,344	1,433.9
	1975	165	12,344	1,336.7
	1976	167	12,337	1,353.7
	1977	156	12,286	1,269.7
	1978	132	12,158	1,085.7
	Total	1,825	137,346	1,328.8
Grundy County, IA (19075)	1968	138	14,187	972.7
	1969	153	14,126	1,083.1
	1970	122	14,132	863.3
	1971	173	14,074	1,229.2
	1972	148	14,109	1,049.0
	1973	132	13,987	943.7
	1974	123	13,970	880.5
	1975	123	14,065	874.5
	1976	111	14,055	789.8
	1977	142	14,047	1,010.9
	1978	138	14,189	972.6
	Total	1,503	154,941	970.0
Guthrie County, IA (19077)	1968	162	12,150	1,333.3
	1969	158	12,192	1,295.9
	1970	146	12,233	1,193.5
	1971	142	12,310	1,153.5
	1972	158	12,686	1,245.5
	1973	158	12,378	1,276.5
	1974	181	12,308	1,470.6
	1975	158	12,176	1,297.6
	1976	152	12,236	1,242.2
	1977	145	12,313	1,177.6
	1978	120	11,995	1,000.4
	Total	1,680	134,977	1,244.7
Hamilton County, IA (19079)	1968	227	18,925	1,199.5
	1969	233	18,596	1,253.0
	1970	226	18,409	1,227.7
	1971	191	18,010	1,060.5
	1972	182	17,825	1,021.0
	1973	186	18,335	1,014.5
	1974	182	18,060	1,007.8
	1975	196	18,185	1,077.8
	1976	213	18,241	1,167.7
	1977	193	18,008	1,071.7
	1978	181	18,070	1,001.7
	Total	2,210	200,664	1,101.3
Hancock County, IA (19081)	1968	150	13,560	1,106.2
	1969	142	13,504	1,051.5
	1970	126	13,491	934.0
	1971	173	13,507	1,280.8
	1972	160	13,854	1,154.9
	1973	142	13,734	1,033.9
	1974	152	13,387	1,135.4
	1975	171	13,516	1,265.2
	1976	166	13,792	1,203.6
	1977	153	13,965	1,095.6
	1978	135	13,930	969.1
	Total	1,670	150,240	1,111.6
Hardin County, IA (19083)	1968	256	22,292	1,148.4
	1969	282	22,221	1,269.1
	1970	269	22,260	1,208.4
	1971	266	22,279	1,193.9
	1972	286	22,273	1,284.1
	1973	247	21,986	1,123.4
	1974	290	22,239	1,304.0
	1975	263	22,152	1,187.3
	1976	229	22,226	1,030.3
	1977	233	22,084	1,055.1
	1978	234	21,714	1,077.6
	Total	2,855	243,726	1,171.4
Harrison County, IA (19085)	1968	203	15,853	1,280.5
	1969	228	16,037	1,421.7
	1970	203	16,280	1,246.9
	1971	224	16,617	1,348.0
	1972	228	17,052	1,337.1
	1973	212	16,768	1,264.3
	1974	189	16,552	1,141.9
	1975	206	16,585	1,242.1
	1976	203	16,706	1,215.1
	1977	212	16,895	1,254.8
	1978	170	16,592	1,024.6
	Total	2,278	181,937	1,252.1
Henry County, IA (19087)	1968	243	17,978	1,351.7
	1969	233	18,044	1,291.3
	1970	219	18,123	1,208.4
	1971	210	18,279	1,148.9
	1972	240	18,152	1,322.2
	1973	187	18,159	1,029.8
	1974	205	18,288	1,121.0
	1975	205	18,295	1,120.5
	1976	206	18,372	1,121.3
	1977	180	18,638	965.8
	1978	177	18,998	931.7
	Total	2,305	201,326	1,144.9
Howard County, IA (19089)	1968	163	11,757	1,386.4
	1969	156	11,538	1,352.1
	1970	153	11,430	1,338.6
	1971	156	11,259	1,385.6
	1972	154	11,181	1,377.3
	1973	132	11,246	1,173.8
	1974	130	11,316	1,148.8
	1975	152	11,476	1,324.5
	1976	121	11,508	1,051.4
	1977	130	11,476	1,132.8
	1978	121	11,317	1,069.2
	Total	1,568	125,504	1,249.4
Humboldt County, IA (19091)	1968	136	12,284	1,107.1
	1969	119	12,398	959.8
	1970	131	12,490	1,048.8
	1971	128	12,667	1,010.5
	1972	146	12,780	1,142.4
	1973	123	12,500	984.0
	1974	143	12,385	1,154.6
	1975	139	12,356	1,125.0
	1976	126	12,560	1,003.2
	1977	128	12,628	1,013.6
	1978	125	12,395	1,008.5
	Total	1,444	137,443	1,050.6
Ida County, IA (19093)	1968	139	9,471	1,467.6
	1969	120	9,349	1,283.6
	1970	107	9,264	1,155.0
	1971	115	9,169	1,254.2
	1972	102	9,232	1,104.9
	1973	129	9,325	1,383.4
	1974	138	9,209	1,498.5
	1975	120	9,118	1,316.1
	1976	113	9,087	1,243.5
	1977	124	9,088	1,364.4
	1978	95	9,025	1,052.6
	Total	1,302	101,337	1,284.8
Iowa County, IA (19095)	1968	175	15,480	1,130.5
	1969	171	15,442	1,107.4
	1970	187	15,406	1,213.8
	1971	168	15,368	1,093.2
	1972	160	15,452	1,035.5
	1973	166	15,805	1,050.3
	1974	194	15,752	1,231.6
	1975	187	15,814	1,182.5
	1976	190	15,826	1,200.6
	1977	178	15,900	1,119.5
	1978	155	15,750	984.1
	Total	1,931	171,995	1,122.7
Jackson County, IA (19097)	1968	244	20,221	1,206.7
	1969	231	20,531	1,125.1
	1970	235	20,804	1,129.6
	1971	237	21,363	1,109.4
	1972	214	21,084	1,015.0
	1973	231	21,172	1,091.1
	1974	214	21,265	1,006.3
	1975	203	21,578	940.8
	1976	223	21,876	1,019.4
	1977	208	22,151	939.0
	1978	230	22,348	1,029.2
	Total	2,470	234,393	1,053.8
Jasper County, IA (19099)	1968	361	35,075	1,029.2
	1969	372	35,208	1,056.6
	1970	402	35,442	1,134.2
	1971	348	35,703	974.7
	1972	362	35,466	1,020.7
	1973	337	36,480	923.8
	1974	353	36,410	969.5
	1975	346	36,575	946.0
	1976	330	36,666	900.0
	1977	341	36,705	929.0
	1978	332	36,696	904.7
	Total	3,884	396,426	979.8
Jefferson County, IA (19101)	1968	182	15,251	1,193.4
	1969	172	15,529	1,107.6
	1970	174	15,782	1,102.5
	1971	176	16,238	1,083.9
	1972	176	16,223	1,084.9
	1973	168	15,887	1,057.5
	1974	195	14,647	1,331.3
	1975	174	15,300	1,137.3
	1976	162	15,701	1,031.8
	1977	159	15,972	995.5
	1978	148	16,148	916.5
	Total	1,886	172,678	1,092.2
Johnson County, IA (19103)	1968	418	70,633	591.8
	1969	383	71,468	535.9
	1970	375	72,322	518.5
	1971	414	73,513	563.2
	1972	382	73,071	522.8
	1973	390	74,689	522.2
	1974	382	76,033	502.4
	1975	436	76,460	570.2
	1976	396	79,090	500.7
	1977	377	79,311	475.3
	1978	396	79,649	497.2
	Total	4,349	826,239	526.4
Jones County, IA (19105)	1968	224	20,024	1,118.7
	1969	218	19,906	1,095.1
	1970	224	19,887	1,126.4
	1971	234	19,776	1,183.3
	1972	240	19,760	1,214.6
	1973	206	19,600	1,051.0
	1974	194	19,448	997.5
	1975	179	19,916	898.8
	1976	197	20,244	973.1
	1977	168	20,241	830.0
	1978	180	20,136	893.9
	Total	2,264	218,938	1,034.1
Keokuk County, IA (19107)	1968	220	13,700	1,605.8
	1969	165	13,826	1,193.4
	1970	181	13,971	1,295.5
	1971	198	14,158	1,398.5
	1972	220	13,875	1,585.6
	1973	197	13,841	1,423.3
	1974	186	13,552	1,372.5
	1975	192	13,507	1,421.5
	1976	164	13,489	1,215.8
	1977	154	13,491	1,141.5
	1978	143	13,309	1,074.5
	Total	2,020	150,719	1,340.2
Kossuth County, IA (19109)	1968	229	22,910	999.6
	1969	237	22,889	1,035.4
	1970	217	22,901	947.6
	1971	242	22,944	1,054.7
	1972	218	23,037	946.3
	1973	228	22,565	1,010.4
	1974	235	22,243	1,056.5
	1975	205	22,399	915.2
	1976	217	22,301	973.1
	1977	207	22,158	934.2
	1978	213	22,130	962.5
	Total	2,448	248,477	985.2
Lee County, IA (19111)	1968	526	41,512	1,267.1
	1969	519	42,325	1,226.2
	1970	522	43,016	1,213.5
	1971	524	44,113	1,187.9
	1972	544	43,366	1,254.4
	1973	546	42,731	1,277.8
	1974	468	42,831	1,092.7
	1975	501	42,515	1,178.4
	1976	474	43,346	1,093.5
	1977	489	43,835	1,115.5
	1978	454	43,897	1,034.2
	Total	5,567	473,487	1,175.7
Linn County, IA (19113)	1968	1,306	161,655	807.9
	1969	1,366	162,386	841.2
	1970	1,349	163,289	826.1
	1971	1,361	164,699	826.4
	1972	1,422	164,787	862.9
	1973	1,312	164,021	799.9
	1974	1,380	165,387	834.4
	1975	1,211	167,085	724.8
	1976	1,269	168,099	754.9
	1977	1,172	167,281	700.6
	1978	1,244	167,519	742.6
	Total	14,392	1,816,208	792.4
Louisa County, IA (19115)	1968	160	10,239	1,562.7
	1969	129	10,426	1,237.3
	1970	111	10,655	1,041.8
	1971	137	10,999	1,245.6
	1972	114	11,217	1,016.3
	1973	107	11,106	963.4
	1974	126	11,219	1,123.1
	1975	117	11,291	1,036.2
	1976	117	11,505	1,016.9
	1977	128	11,878	1,077.6
	1978	109	12,075	902.7
	Total	1,355	122,610	1,105.1
Lucas County, IA (19117)	1968	148	9,983	1,482.5
	1969	161	10,082	1,596.9
	1970	151	10,177	1,483.7
	1971	151	10,318	1,463.5
	1972	160	10,406	1,537.6
	1973	174	10,372	1,677.6
	1974	168	10,263	1,636.9
	1975	144	10,311	1,396.6
	1976	134	10,237	1,309.0
	1977	126	10,190	1,236.5
	1978	124	10,271	1,207.3
	Total	1,641	112,610	1,457.2
Lyon County, IA (19119)	1968	123	13,835	889.0
	1969	134	13,561	988.1
	1970	114	13,310	856.5
	1971	112	13,007	861.1
	1972	140	13,083	1,070.1
	1973	134	13,349	1,003.8
	1974	131	13,189	993.3
	1975	100	13,108	762.9
	1976	118	13,065	903.2
	1977	113	13,035	866.9
	1978	120	13,063	918.6
	Total	1,339	145,605	919.6
Madison County, IA (19121)	1968	157	11,446	1,371.7
	1969	153	11,494	1,331.1
	1970	144	11,573	1,244.3
	1971	137	11,665	1,174.5
	1972	184	12,231	1,504.4
	1973	157	12,225	1,284.3
	1974	166	12,136	1,367.8
	1975	143	12,146	1,177.3
	1976	163	12,260	1,329.5
	1977	152	12,639	1,202.6
	1978	135	12,766	1,057.5
	Total	1,691	132,581	1,275.4
Mahaska County, IA (19123)	1968	286	21,770	1,313.7
	1969	277	21,982	1,260.1
	1970	306	22,182	1,379.5
	1971	299	22,539	1,326.6
	1972	290	22,570	1,284.9
	1973	293	22,425	1,306.6
	1974	262	22,447	1,167.2
	1975	272	22,099	1,230.8
	1976	287	22,235	1,290.8
	1977	281	22,895	1,227.3
	1978	247	22,986	1,074.6
	Total	3,100	246,130	1,259.5
Marion County, IA (19125)	1968	334	25,833	1,292.9
	1969	255	26,113	976.5
	1970	297	26,327	1,128.1
	1971	247	26,723	924.3
	1972	318	26,841	1,184.8
	1973	308	26,779	1,150.2
	1974	285	26,993	1,055.8
	1975	309	27,392	1,128.1
	1976	314	27,910	1,125.0
	1977	277	28,677	965.9
	1978	274	29,258	936.5
	Total	3,218	298,846	1,076.8
Marshall County, IA (19127)	1968	434	40,224	1,079.0
	1969	451	40,638	1,109.8
	1970	396	41,087	963.8
	1971	414	41,786	990.8
	1972	396	42,286	936.5
	1973	395	41,910	942.5
	1974	367	42,138	870.9
	1975	403	42,690	944.0
	1976	419	42,652	982.4
	1977	364	43,046	845.6
	1978	395	42,425	931.1
	Total	4,434	460,882	962.1
Mills County, IA (19129)	1968	126	11,278	1,117.2
	1969	142	11,569	1,227.4
	1970	117	11,842	988.0
	1971	151	12,301	1,227.5
	1972	142	12,591	1,127.8
	1973	147	12,366	1,188.7
	1974	122	12,591	968.9
	1975	148	12,561	1,178.3
	1976	101	12,882	784.0
	1977	123	13,221	930.3
	1978	109	13,368	815.4
	Total	1,428	136,570	1,045.6
Mitchell County, IA (19131)	1968	144	13,498	1,066.8
	1969	143	13,242	1,079.9
	1970	168	13,105	1,282.0
	1971	153	12,874	1,188.4
	1972	142	12,543	1,132.1
	1973	149	12,639	1,178.9
	1974	160	12,564	1,273.5
	1975	157	12,572	1,248.8
	1976	159	12,696	1,252.4
	1977	122	12,496	976.3
	1978	151	12,498	1,208.2
	Total	1,648	140,727	1,171.1
Monona County, IA (19133)	1968	156	12,107	1,288.5
	1969	165	12,102	1,363.4
	1970	165	12,076	1,366.3
	1971	156	12,040	1,295.7
	1972	200	12,220	1,636.7
	1973	175	12,136	1,442.0
	1974	154	11,964	1,287.2
	1975	160	12,009	1,332.3
	1976	164	12,054	1,360.5
	1977	147	12,165	1,208.4
	1978	174	12,253	1,420.1
	Total	1,816	133,126	1,364.1
Monroe County, IA (19135)	1968	139	9,257	1,501.6
	1969	137	9,298	1,473.4
	1970	131	9,353	1,400.6
	1971	140	9,460	1,479.9
	1972	130	9,413	1,381.1
	1973	142	9,340	1,520.3
	1974	116	9,278	1,250.3
	1975	115	9,281	1,239.1
	1976	120	9,341	1,284.7
	1977	122	9,455	1,290.3
	1978	114	9,407	1,211.9
	Total	1,406	102,883	1,366.6
Montgomery County, IA (19137)	1968	185	12,390	1,493.1
	1969	154	12,598	1,222.4
	1970	193	12,812	1,506.4
	1971	198	13,139	1,507.0
	1972	208	13,547	1,535.4
	1973	185	13,085	1,413.8
	1974	185	13,143	1,407.6
	1975	169	13,199	1,280.4
	1976	174	13,340	1,304.3
	1977	162	13,613	1,190.0
	1978	169	13,476	1,254.1
	Total	1,982	144,342	1,373.1
Muscatine County, IA (19139)	1968	472	36,380	1,297.4
	1969	401	36,781	1,090.2
	1970	416	37,192	1,118.5
	1971	422	37,812	1,116.0
	1972	400	38,043	1,051.4
	1973	401	38,418	1,043.8
	1974	381	38,973	977.6
	1975	358	39,778	900.0
	1976	387	40,257	961.3
	1977	364	40,472	899.4
	1978	389	40,509	960.3
	Total	4,391	424,615	1,034.1
O'Brien County, IA (19141)	1968	220	17,227	1,277.1
	1969	203	17,379	1,168.1
	1970	203	17,523	1,158.5
	1971	251	17,758	1,413.4
	1972	208	17,739	1,172.6
	1973	221	17,386	1,271.1
	1974	223	17,468	1,276.6
	1975	202	17,416	1,159.9
	1976	196	17,410	1,125.8
	1977	182	17,401	1,045.9
	1978	181	17,270	1,048.1
	Total	2,290	191,977	1,192.9
Osceola County, IA (19143)	1968	73	8,730	836.2
	1969	90	8,616	1,044.6
	1970	87	8,552	1,017.3
	1971	78	8,462	921.8
	1972	92	8,505	1,081.7
	1973	109	8,598	1,267.7
	1974	90	8,569	1,050.3
	1975	95	8,383	1,133.2
	1976	93	8,486	1,095.9
	1977	91	8,397	1,083.7
	1978	96	8,428	1,139.1
	Total	994	93,726	1,060.5
Page County, IA (19145)	1968	256	18,038	1,419.2
	1969	272	18,326	1,484.2
	1970	248	18,580	1,334.8
	1971	267	19,006	1,404.8
	1972	290	19,248	1,506.7
	1973	258	18,913	1,364.1
	1974	249	19,054	1,306.8
	1975	251	19,046	1,317.9
	1976	246	19,106	1,287.6
	1977	228	19,262	1,183.7
	1978	244	19,303	1,264.1
	Total	2,809	207,882	1,351.2
Palo Alto County, IA (19147)	1968	161	12,883	1,249.7
	1969	136	13,109	1,037.5
	1970	159	13,269	1,198.3
	1971	167	13,652	1,223.3
	1972	150	13,700	1,094.9
	1973	146	13,173	1,108.3
	1974	165	13,312	1,239.5
	1975	198	13,173	1,503.1
	1976	140	13,327	1,050.5
	1977	145	13,442	1,078.7
	1978	137	13,151	1,041.7
	Total	1,704	146,191	1,165.6
Plymouth County, IA (19149)	1968	245	24,325	1,007.2
	1969	223	24,312	917.2
	1970	233	24,365	956.3
	1971	249	24,353	1,022.5
	1972	234	24,329	961.8
	1973	240	24,056	997.7
	1974	232	24,095	962.9
	1975	217	24,275	893.9
	1976	223	24,661	904.3
	1977	233	25,122	927.5
	1978	221	25,032	882.9
	Total	2,550	268,925	948.2
Pocahontas County, IA (19151)	1968	140	12,912	1,084.3
	1969	134	12,835	1,044.0
	1970	138	12,794	1,078.6
	1971	153	12,708	1,204.0
	1972	134	12,277	1,091.5
	1973	133	12,120	1,097.4
	1974	146	11,973	1,219.4
	1975	144	12,198	1,180.5
	1976	153	12,061	1,268.6
	1977	147	11,904	1,234.9
	1978	156	11,837	1,317.9
	Total	1,578	135,619	1,163.6
Polk County, IA (19153)	1968	2,640	280,221	942.1
	1969	2,599	283,645	916.3
	1970	2,686	286,777	936.6
	1971	2,551	291,394	875.4
	1972	2,632	292,573	899.6
	1973	2,667	296,863	898.4
	1974	2,518	300,366	838.3
	1975	2,543	302,907	839.5
	1976	2,489	304,392	817.7
	1977	2,445	302,408	808.5
	1978	2,494	303,275	822.4
	Total	28,264	3,244,821	871.0
Pottawattamie County, IA (19155)	1968	801	85,424	937.7
	1969	849	86,230	984.6
	1970	789	87,125	905.6
	1971	829	88,413	937.6
	1972	788	88,821	887.2
	1973	800	87,275	916.6
	1974	763	86,767	879.4
	1975	784	86,640	904.9
	1976	735	87,206	842.8
	1977	785	87,769	894.4
	1978	757	86,898	871.1
	Total	8,680	958,568	905.5
Poweshiek County, IA (19157)	1968	207	18,983	1,090.4
	1969	215	18,916	1,136.6
	1970	226	18,792	1,202.6
	1971	220	18,659	1,179.1
	1972	232	18,970	1,223.0
	1973	199	19,225	1,035.1
	1974	214	19,198	1,114.7
	1975	179	19,362	924.5
	1976	185	19,241	961.5
	1977	198	19,253	1,028.4
	1978	206	19,084	1,079.4
	Total	2,281	209,683	1,087.8
Ringgold County, IA (19159)	1968	100	6,374	1,568.9
	1969	91	6,341	1,435.1
	1970	91	6,391	1,423.9
	1971	82	6,401	1,281.0
	1972	98	6,391	1,533.4
	1973	94	6,282	1,496.3
	1974	104	6,165	1,686.9
	1975	90	6,153	1,462.7
	1976	72	6,190	1,163.2
	1977	86	6,273	1,371.0
	1978	104	6,231	1,669.1
	Total	1,012	69,192	1,462.6
Sac County, IA (19161)	1968	181	15,681	1,154.3
	1969	191	15,620	1,222.8
	1970	180	15,556	1,157.1
	1971	213	15,483	1,375.7
	1972	192	15,292	1,255.6
	1973	208	15,189	1,369.4
	1974	200	15,015	1,332.0
	1975	191	14,917	1,280.4
	1976	160	14,977	1,068.3
	1977	164	14,848	1,104.5
	1978	162	14,550	1,113.4
	Total	2,042	167,128	1,221.8
Scott County, IA (19163)	1968	1,282	139,803	917.0
	1969	1,225	141,328	866.8
	1970	1,239	142,809	867.6
	1971	1,280	144,870	883.6
	1972	1,314	144,344	910.3
	1973	1,308	145,902	896.5
	1974	1,312	149,479	877.7
	1975	1,159	152,925	757.9
	1976	1,224	155,204	788.6
	1977	1,142	157,156	726.7
	1978	1,170	158,869	736.5
	Total	13,655	1,632,689	836.4
Shelby County, IA (19165)	1968	183	15,388	1,189.2
	1969	157	15,439	1,016.9
	1970	165	15,503	1,064.3
	1971	170	15,650	1,086.3
	1972	176	15,727	1,119.1
	1973	146	15,452	944.9
	1974	175	15,169	1,153.7
	1975	144	15,171	949.2
	1976	138	14,997	920.2
	1977	151	15,038	1,004.1
	1978	143	14,828	964.4
	Total	1,748	168,362	1,038.2
Sioux County, IA (19167)	1968	276	27,878	990.0
	1969	292	27,898	1,046.7
	1970	252	27,997	900.1
	1971	239	28,118	850.0
	1972	250	28,111	889.3
	1973	255	28,486	895.2
	1974	270	28,862	935.5
	1975	255	29,001	879.3
	1976	244	29,456	828.4
	1977	231	30,000	770.0
	1978	236	30,381	776.8
	Total	2,800	316,188	885.5
Story County, IA (19169)	1968	385	62,122	619.7
	1969	453	62,497	724.8
	1970	390	62,950	619.5
	1971	417	63,705	654.6
	1972	402	64,569	622.6
	1973	446	66,235	673.4
	1974	402	67,612	594.6
	1975	372	68,038	546.8
	1976	401	69,100	580.3
	1977	390	70,004	557.1
	1978	397	71,454	555.6
	Total	4,455	728,286	611.7
Tama County, IA (19171)	1968	246	19,793	1,242.9
	1969	241	19,972	1,206.7
	1970	242	20,150	1,201.0
	1971	257	20,431	1,257.9
	1972	200	20,088	995.6
	1973	267	20,139	1,325.8
	1974	264	20,172	1,308.7
	1975	230	19,622	1,172.2
	1976	230	19,880	1,156.9
	1977	222	20,030	1,108.3
	1978	253	20,130	1,256.8
	Total	2,652	220,407	1,203.2
Taylor County, IA (19173)	1968	153	8,635	1,771.9
	1969	134	8,703	1,539.7
	1970	151	8,793	1,717.3
	1971	148	8,923	1,658.6
	1972	142	8,753	1,622.3
	1973	141	8,612	1,637.3
	1974	122	8,352	1,460.7
	1975	125	8,417	1,485.1
	1976	131	8,352	1,568.5
	1977	118	8,361	1,411.3
	1978	157	8,439	1,860.4
	Total	1,522	94,340	1,613.3
Union County, IA (19175)	1968	199	13,415	1,483.4
	1969	194	13,510	1,436.0
	1970	167	13,567	1,230.9
	1971	207	13,693	1,511.7
	1972	202	13,865	1,456.9
	1973	218	13,627	1,599.8
	1974	189	13,638	1,385.8
	1975	195	13,559	1,438.2
	1976	173	13,669	1,265.6
	1977	182	13,839	1,315.1
	1978	165	13,956	1,182.3
	Total	2,091	150,338	1,390.9
Van Buren County, IA (19177)	1968	135	8,823	1,530.1
	1969	140	8,707	1,607.9
	1970	134	8,619	1,554.7
	1971	116	8,539	1,358.5
	1972	136	8,804	1,544.8
	1973	124	8,461	1,465.5
	1974	144	8,473	1,699.5
	1975	102	8,349	1,221.7
	1976	126	8,374	1,504.7
	1977	111	8,645	1,284.0
	1978	114	8,503	1,340.7
	Total	1,382	94,297	1,465.6
Wapello County, IA (19179)	1968	558	42,092	1,325.7
	1969	520	42,076	1,235.9
	1970	540	42,200	1,279.6
	1971	505	42,212	1,196.3
	1972	536	41,793	1,282.5
	1973	517	41,981	1,231.5
	1974	486	40,761	1,192.3
	1975	496	39,776	1,247.0
	1976	515	40,082	1,284.9
	1977	477	40,523	1,177.1
	1978	524	40,540	1,292.6
	Total	5,674	454,036	1,249.7
Warren County, IA (19181)	1968	212	26,558	798.3
	1969	239	27,015	884.7
	1970	218	27,451	794.1
	1971	184	28,077	655.3
	1972	212	28,893	733.7
	1973	234	30,226	774.2
	1974	234	30,654	763.4
	1975	236	31,160	757.4
	1976	206	31,893	645.9
	1977	220	32,862	669.5
	1978	239	33,620	710.9
	Total	2,434	328,409	741.1
Washington County, IA (19183)	1968	229	18,966	1,207.4
	1969	229	18,960	1,207.8
	1970	223	18,979	1,175.0
	1971	217	19,044	1,139.5
	1972	258	19,348	1,333.5
	1973	199	19,325	1,029.8
	1974	256	19,422	1,318.1
	1975	248	19,453	1,274.9
	1976	204	19,718	1,034.6
	1977	188	20,038	938.2
	1978	207	20,126	1,028.5
	Total	2,458	213,379	1,151.9
Wayne County, IA (19185)	1968	148	8,647	1,711.6
	1969	136	8,504	1,599.2
	1970	153	8,394	1,822.7
	1971	124	8,275	1,498.5
	1972	136	8,308	1,637.0
	1973	153	8,383	1,825.1
	1974	123	8,355	1,472.2
	1975	123	8,199	1,500.2
	1976	126	8,214	1,534.0
	1977	120	8,287	1,448.1
	1978	112	8,162	1,372.2
	Total	1,454	91,728	1,585.1
Webster County, IA (19187)	1968	521	48,870	1,066.1
	1969	534	48,501	1,101.0
	1970	461	48,367	953.1
	1971	475	48,174	986.0
	1972	470	48,252	974.1
	1973	482	47,084	1,023.7
	1974	521	46,902	1,110.8
	1975	475	46,961	1,011.5
	1976	502	47,148	1,064.7
	1977	459	46,898	978.7
	1978	512	46,548	1,099.9
	Total	5,412	523,705	1,033.4
Winnebago County, IA (19189)	1968	138	13,072	1,055.7
	1969	145	13,009	1,114.6
	1970	170	13,010	1,306.7
	1971	134	12,898	1,038.9
	1972	164	13,478	1,216.8
	1973	149	13,986	1,065.4
	1974	164	13,727	1,194.7
	1975	135	13,417	1,006.2
	1976	151	13,612	1,109.3
	1977	141	13,652	1,032.8
	1978	146	13,747	1,062.0
	Total	1,637	147,608	1,109.0
Winneshiek County, IA (19191)	1968	230	21,605	1,064.6
	1969	206	21,635	952.2
	1970	188	21,723	865.4
	1971	219	21,856	1,002.0
	1972	208	22,053	943.2
	1973	224	21,924	1,021.7
	1974	209	21,778	959.7
	1975	214	21,671	987.5
	1976	185	21,757	850.3
	1977	197	21,905	899.3
	1978	213	21,965	969.7
	Total	2,293	239,872	955.9
Woodbury County, IA (19193)	1968	1,150	101,694	1,130.8
	1969	1,102	102,465	1,075.5
	1970	1,143	103,301	1,106.5
	1971	1,121	104,599	1,071.7
	1972	1,140	104,285	1,093.2
	1973	1,060	104,348	1,015.8
	1974	1,064	104,418	1,019.0
	1975	1,053	104,659	1,006.1
	1976	979	105,433	928.6
	1977	923	105,411	875.6
	1978	979	104,207	939.5
	Total	11,714	1,144,820	1,023.2
Worth County, IA (19195)	1968	118	9,140	1,291.0
	1969	110	9,041	1,216.7
	1970	103	8,977	1,147.4
	1971	106	8,901	1,190.9
	1972	122	8,955	1,362.4
	1973	118	9,020	1,308.2
	1974	107	8,752	1,222.6
	1975	120	8,841	1,357.3
	1976	93	8,855	1,050.3
	1977	89	9,008	988.0
	1978	117	9,153	1,278.3
	Total	1,203	98,643	1,219.5
Wright County, IA (19197)	1968	238	17,504	1,359.7
	1969	211	17,313	1,218.7
	1970	214	17,309	1,236.4
	1971	175	17,149	1,020.5
	1972	224	16,882	1,326.9
	1973	226	17,054	1,325.2
	1974	212	16,706	1,269.0
	1975	191	16,680	1,145.1
	1976	214	16,776	1,275.6
	1977	186	16,491	1,127.9
	1978	205	16,627	1,232.9
	Total	2,296	186,491	1,231.2
Total		316,373	31,488,319	1,004.7
