
                        
                      	Year	
                        
                      	
                        
                      	
                        
                      
Appling County, GA (13001)	1999	178	17,323	1,027.5
	2000	197	17,419	1,130.9
	2001	182	17,455	1,042.7
	2002	194	17,502	1,108.4
	2003	162	17,732	913.6
	2004	187	17,740	1,054.1
	2005	185	17,769	1,041.1
	2006	202	17,725	1,139.6
	2007	179	17,985	995.3
	2008	196	18,133	1,080.9
	2009	179	18,144	986.6
	2010	208	18,236	1,140.6
	2011	183	18,457	991.5
	2012	169	18,393	918.8
	Total	2,601	250,013	1,040.3
Atkinson County, GA (13003)	1999	57	7,575	752.5
	2000	67	7,609	880.5
	2001	70	7,641	916.1
	2002	69	7,748	890.6
	2003	74	7,990	926.2
	2004	80	7,985	1,001.9
	2005	67	8,096	827.6
	2006	83	8,197	1,012.6
	2007	59	8,346	706.9
	2008	77	8,366	920.4
	2009	62	8,386	739.3
	2010	89	8,375	1,062.7
	2011	68	8,360	813.4
	2012	83	8,257	1,005.2
	Total	1,005	112,931	889.9
Bacon County, GA (13005)	1999	113	10,053	1,124.0
	2000	114	10,103	1,128.4
	2001	135	10,133	1,332.3
	2002	110	10,101	1,089.0
	2003	126	10,253	1,228.9
	2004	119	10,283	1,157.2
	2005	118	10,552	1,118.3
	2006	124	10,682	1,160.8
	2007	133	10,968	1,212.6
	2008	136	10,987	1,237.8
	2009	107	11,134	961.0
	2010	141	11,096	1,270.7
	2011	114	11,185	1,019.2
	2012	123	11,174	1,100.8
	Total	1,713	148,704	1,152.0
Baker County, GA (13007)	1999	38	4,089	929.3
	2000	38	4,074	932.7
	2001	36	4,005	898.9
	2002	51	3,923	1,300.0
	2003	44	4,124	1,066.9
	2004	33	4,024	820.1
	2005	27	3,967	680.6
	2006	27	3,877	696.4
	2007	45	3,706	1,214.2
	2008	38	3,728	1,019.3
	2009	39	3,560	1,095.5
	2010	22	3,451	637.5
	2011	24	3,328	721.2
	2012	21	3,377	621.9
	Total	483	53,233	907.3
Baldwin County, GA (13009)	1999	377	44,440	848.3
	2000	340	44,700	760.6
	2001	440	44,764	982.9
	2002	402	45,203	889.3
	2003	413	45,433	909.0
	2004	370	45,967	804.9
	2005	383	46,304	827.1
	2006	402	46,513	864.3
	2007	380	47,336	802.8
	2008	407	47,855	850.5
	2009	428	47,087	909.0
	2010	384	45,720	839.9
	2011	373	44,987	829.1
	2012	371	46,373	800.0
	Total	5,470	642,682	851.1
Banks County, GA (13011)	1999	98	14,037	698.2
	2000	102	14,422	707.3
	2001	106	15,025	705.5
	2002	101	15,485	652.2
	2003	126	15,836	795.7
	2004	87	16,250	535.4
	2005	145	16,683	869.1
	2006	121	17,076	708.6
	2007	153	17,550	871.8
	2008	138	17,953	768.7
	2009	111	18,208	609.6
	2010	158	18,395	858.9
	2011	136	18,344	741.4
	2012	161	18,284	880.6
	Total	1,743	233,548	746.3
Barrow County, GA (13013)	1999	287	44,615	643.3
	2000	397	46,144	860.4
	2001	373	48,171	774.3
	2002	384	50,409	761.8
	2003	406	52,253	777.0
	2004	400	55,032	726.8
	2005	401	57,889	692.7
	2006	446	61,395	726.4
	2007	448	64,760	691.8
	2008	421	67,362	625.0
	2009	476	68,548	694.4
	2010	512	69,367	738.1
	2011	504	69,815	721.9
	2012	490	70,165	698.4
	Total	5,945	825,925	719.8
Bartow County, GA (13015)	1999	600	74,128	809.4
	2000	624	76,019	820.8
	2001	603	79,984	753.9
	2002	668	83,106	803.8
	2003	680	85,731	793.2
	2004	654	87,834	744.6
	2005	707	90,334	782.7
	2006	709	92,983	762.5
	2007	794	95,714	829.6
	2008	721	98,415	732.6
	2009	772	99,807	773.5
	2010	794	100,157	792.8
	2011	781	100,223	779.3
	2012	814	100,480	810.1
	Total	9,921	1,264,915	784.3
Ben Hill County, GA (13017)	1999	232	17,516	1,324.5
	2000	208	17,484	1,189.7
	2001	208	17,315	1,201.3
	2002	216	17,178	1,257.4
	2003	206	17,095	1,205.0
	2004	219	17,106	1,280.3
	2005	206	17,243	1,194.7
	2006	199	17,525	1,135.5
	2007	184	17,719	1,038.4
	2008	194	17,675	1,097.6
	2009	208	17,581	1,183.1
	2010	198	17,634	1,122.8
	2011	211	17,602	1,198.7
	2012	197	17,545	1,122.8
	Total	2,886	244,218	1,181.7
Berrien County, GA (13019)	1999	191	16,086	1,187.4
	2000	150	16,235	923.9
	2001	184	16,392	1,122.5
	2002	166	16,671	995.7
	2003	185	17,017	1,087.1
	2004	183	17,399	1,051.8
	2005	174	17,735	981.1
	2006	177	18,051	980.6
	2007	187	18,255	1,024.4
	2008	194	18,863	1,028.5
	2009	195	19,067	1,022.7
	2010	200	19,286	1,037.0
	2011	183	19,338	946.3
	2012	204	19,077	1,069.4
	Total	2,573	249,472	1,031.4
Bibb County, GA (13021)	1999	1,725	154,254	1,118.3
	2000	1,654	153,887	1,074.8
	2001	1,675	153,548	1,090.9
	2002	1,686	153,929	1,095.3
	2003	1,623	153,697	1,056.0
	2004	1,607	154,159	1,042.4
	2005	1,725	154,003	1,120.1
	2006	1,674	154,510	1,083.4
	2007	1,642	154,286	1,064.3
	2008	1,586	154,384	1,027.3
	2009	1,632	155,154	1,051.9
	2010	1,742	155,547	1,119.9
	2011	1,682	155,949	1,078.6
	2012	1,709	156,162	1,094.4
	Total	23,362	2,163,469	1,079.8
Bleckley County, GA (13023)	1999	136	11,573	1,175.1
	2000	126	11,666	1,080.1
	2001	103	11,781	874.3
	2002	136	11,757	1,156.8
	2003	126	11,807	1,067.2
	2004	120	12,018	998.5
	2005	139	12,127	1,146.2
	2006	125	12,553	995.8
	2007	125	13,016	960.4
	2008	130	12,985	1,001.2
	2009	126	13,034	966.7
	2010	153	13,063	1,171.2
	2011	146	13,046	1,119.1
	2012	132	12,905	1,022.9
	Total	1,823	173,331	1,051.7
Brantley County, GA (13025)	1999	102	14,369	709.9
	2000	119	14,629	813.5
	2001	145	15,093	960.7
	2002	136	15,556	874.3
	2003	144	15,911	905.0
	2004	153	16,222	943.2
	2005	145	16,535	876.9
	2006	172	16,895	1,018.1
	2007	149	17,198	866.4
	2008	154	17,593	875.3
	2009	179	18,129	987.4
	2010	170	18,411	923.4
	2011	184	18,595	989.5
	2012	169	18,566	910.3
	Total	2,121	233,702	907.6
Brooks County, GA (13027)	1999	190	16,379	1,160.0
	2000	218	16,450	1,325.2
	2001	203	16,307	1,244.9
	2002	186	16,229	1,146.1
	2003	220	16,051	1,370.6
	2004	201	16,127	1,246.4
	2005	196	16,124	1,215.6
	2006	165	16,309	1,011.7
	2007	204	16,333	1,249.0
	2008	176	16,475	1,068.3
	2009	177	16,375	1,080.9
	2010	156	16,243	960.4
	2011	158	15,881	994.9
	2012	161	15,458	1,041.5
	Total	2,611	226,741	1,151.5
Bryan County, GA (13029)	1999	140	23,150	604.8
	2000	134	23,417	572.2
	2001	165	23,867	691.3
	2002	164	24,377	672.8
	2003	171	25,069	682.1
	2004	198	26,061	759.8
	2005	216	26,557	813.3
	2006	207	27,346	757.0
	2007	163	28,302	575.9
	2008	180	29,178	616.9
	2009	203	29,987	677.0
	2010	238	30,233	787.2
	2011	215	31,247	688.1
	2012	251	32,250	778.3
	Total	2,645	381,041	694.2
Bulloch County, GA (13031)	1999	391	55,183	708.6
	2000	391	55,983	698.4
	2001	410	56,808	721.7
	2002	388	57,361	676.4
	2003	398	59,314	671.0
	2004	437	60,832	718.4
	2005	442	63,048	701.1
	2006	435	64,304	676.5
	2007	414	65,768	629.5
	2008	484	67,092	721.4
	2009	461	68,598	672.0
	2010	447	70,217	636.6
	2011	467	72,780	641.7
	2012	478	72,737	657.2
	Total	6,043	890,025	679.0
Burke County, GA (13033)	1999	217	22,156	979.4
	2000	216	22,243	971.1
	2001	222	22,582	983.1
	2002	237	22,626	1,047.5
	2003	256	22,692	1,128.2
	2004	226	22,867	988.3
	2005	286	22,939	1,246.8
	2006	253	22,875	1,106.0
	2007	216	22,972	940.3
	2008	240	23,084	1,039.7
	2009	199	23,117	860.8
	2010	218	23,316	935.0
	2011	252	23,560	1,069.6
	2012	209	23,157	902.5
	Total	3,247	320,186	1,014.1
Butts County, GA (13035)	1999	172	18,927	908.8
	2000	187	19,522	957.9
	2001	208	20,186	1,030.4
	2002	190	20,993	905.1
	2003	198	21,540	919.2
	2004	191	21,706	879.9
	2005	200	22,055	906.8
	2006	210	22,669	926.4
	2007	237	23,184	1,022.3
	2008	239	23,794	1,004.5
	2009	237	23,682	1,000.8
	2010	259	23,655	1,094.9
	2011	227	23,559	963.5
	2012	265	23,480	1,128.6
	Total	3,020	308,952	977.5
Calhoun County, GA (13037)	1999	77	6,176	1,246.8
	2000	56	6,320	886.1
	2001	67	6,271	1,068.4
	2002	66	6,359	1,037.9
	2003	66	6,286	1,050.0
	2004	72	6,306	1,141.8
	2005	71	6,256	1,134.9
	2006	108	6,350	1,700.8
	2007	99	6,269	1,579.2
	2008	48	6,456	743.5
	2009	52	6,670	779.6
	2010	57	6,694	851.5
	2011	64	6,550	977.1
	2012	67	6,509	1,029.3
	Total	970	89,472	1,084.1
Camden County, GA (13039)	1999	165	43,574	378.7
	2000	188	43,664	430.6
	2001	190	44,469	427.3
	2002	211	45,299	465.8
	2003	227	44,568	509.3
	2004	265	46,096	574.9
	2005	237	46,673	507.8
	2006	250	47,086	530.9
	2007	250	48,947	510.8
	2008	313	49,713	629.6
	2009	255	50,024	509.8
	2010	312	50,513	617.7
	2011	302	50,332	600.0
	2012	312	51,460	606.3
	Total	3,477	662,418	524.9
Candler County, GA (13043)	1999	122	9,530	1,280.2
	2000	142	9,577	1,482.7
	2001	145	9,442	1,535.7
	2002	114	9,772	1,166.6
	2003	116	9,937	1,167.4
	2004	141	10,039	1,404.5
	2005	127	10,158	1,250.2
	2006	102	10,388	981.9
	2007	128	10,586	1,209.1
	2008	127	10,691	1,187.9
	2009	129	10,880	1,185.7
	2010	132	10,998	1,200.2
	2011	116	11,284	1,028.0
	2012	136	11,107	1,224.5
	Total	1,777	144,389	1,230.7
Carroll County, GA (13045)	1999	717	85,082	842.7
	2000	771	87,268	883.5
	2001	783	91,132	859.2
	2002	820	94,087	871.5
	2003	810	97,396	831.7
	2004	808	99,774	809.8
	2005	873	102,526	851.5
	2006	831	105,853	785.1
	2007	841	108,947	771.9
	2008	835	110,242	757.4
	2009	885	110,433	801.4
	2010	965	110,527	873.1
	2011	967	110,772	873.0
	2012	934	111,499	837.7
	Total	11,840	1,425,538	830.6
Catoosa County, GA (13047)	1999	419	52,118	803.9
	2000	444	53,282	833.3
	2001	421	54,638	770.5
	2002	489	56,024	872.8
	2003	460	57,614	798.4
	2004	487	58,866	827.3
	2005	505	59,745	845.3
	2006	482	61,095	788.9
	2007	521	62,539	833.1
	2008	536	63,271	847.1
	2009	518	63,874	811.0
	2010	475	63,942	742.9
	2011	508	64,855	783.3
	2012	568	64,979	874.1
	Total	6,833	836,842	816.5
Charlton County, GA (13049)	1999	98	10,258	955.4
	2000	71	10,282	690.5
	2001	105	10,675	983.6
	2002	89	10,910	815.8
	2003	99	11,282	877.5
	2004	94	11,378	826.2
	2005	90	11,635	773.5
	2006	88	12,089	727.9
	2007	96	12,056	796.3
	2008	109	12,604	864.8
	2009	87	12,665	686.9
	2010	96	12,171	788.8
	2011	117	13,381	874.4
	2012	114	13,289	857.9
	Total	1,353	164,675	821.6
Chatham County, GA (13051)	1999	2,207	231,630	952.8
	2000	2,245	232,048	967.5
	2001	2,322	234,150	991.7
	2002	2,237	236,510	945.8
	2003	2,247	237,348	946.7
	2004	2,293	240,818	952.2
	2005	2,143	242,242	884.7
	2006	2,327	246,896	942.5
	2007	2,246	251,981	891.3
	2008	2,295	255,269	899.1
	2009	2,194	262,122	837.0
	2010	2,302	265,128	868.3
	2011	2,137	272,101	785.4
	2012	2,252	276,832	813.5
	Total	31,447	3,485,075	902.3
Chattahoochee County, GA (13053)	1999	33	14,781	223.3
	2000	31	14,882	208.3
	2001	37	15,780	234.5
	2002	31	18,043	171.8
	2003	40	15,289	261.6
	2004	36	15,515	232.0
	2005	26	14,096	184.4
	2006	29	11,828	245.2
	2007	19	11,965	158.8 (Unreliable)
	2008	48	11,624	412.9
	2009	43	11,955	359.7
	2010	32	11,267	284.0
	2011	36	11,862	303.5
	2012	27	13,183	204.8
	Total	468	192,070	243.7
Chattooga County, GA (13055)	1999	263	25,158	1,045.4
	2000	309	25,470	1,213.2
	2001	262	25,675	1,020.4
	2002	272	25,688	1,058.9
	2003	282	25,981	1,085.4
	2004	265	25,537	1,037.7
	2005	292	25,506	1,144.8
	2006	289	25,640	1,127.1
	2007	295	26,230	1,124.7
	2008	308	26,146	1,178.0
	2009	279	25,894	1,077.5
	2010	302	26,015	1,160.9
	2011	280	25,704	1,089.3
	2012	323	25,632	1,260.1
	Total	4,021	360,276	1,116.1
Cherokee County, GA (13057)	1999	770	137,416	560.3
	2000	787	141,903	554.6
	2001	769	151,189	508.6
	2002	842	158,682	530.6
	2003	907	165,585	547.8
	2004	905	173,105	522.8
	2005	961	182,128	527.7
	2006	963	193,241	498.3
	2007	1,011	202,544	499.2
	2008	1,039	208,271	498.9
	2009	1,045	212,232	492.4
	2010	1,280	214,346	597.2
	2011	1,236	217,850	567.4
	2012	1,218	220,973	551.2
	Total	13,733	2,579,465	532.4
Clarke County, GA (13059)	1999	658	100,173	656.9
	2000	651	101,489	641.4
	2001	628	103,890	604.5
	2002	624	104,673	596.1
	2003	661	106,287	621.9
	2004	621	109,752	565.8
	2005	656	109,536	598.9
	2006	612	112,074	546.1
	2007	624	113,995	547.4
	2008	649	115,768	560.6
	2009	665	116,843	569.1
	2010	628	116,714	538.1
	2011	681	118,586	574.3
	2012	699	120,310	581.0
	Total	9,057	1,550,090	584.3
Clay County, GA (13061)	1999	69	3,347	2,061.5
	2000	47	3,357	1,400.1
	2001	46	3,360	1,369.0
	2002	50	3,314	1,508.8
	2003	50	3,303	1,513.8
	2004	53	3,233	1,639.3
	2005	47	3,216	1,461.4
	2006	39	3,232	1,206.7
	2007	51	3,262	1,563.5
	2008	48	3,233	1,484.7
	2009	60	3,201	1,874.4
	2010	51	3,183	1,602.3
	2011	35	3,152	1,110.4
	2012	51	3,106	1,642.0
	Total	697	45,499	1,531.9
Clayton County, GA (13063)	1999	1,230	229,966	534.9
	2000	1,358	236,517	574.2
	2001	1,296	245,327	528.3
	2002	1,380	248,954	554.3
	2003	1,391	252,631	550.6
	2004	1,331	255,322	521.3
	2005	1,355	256,292	528.7
	2006	1,377	258,552	532.6
	2007	1,398	260,441	536.8
	2008	1,382	262,099	527.3
	2009	1,360	260,067	522.9
	2010	1,384	259,424	533.5
	2011	1,374	262,367	523.7
	2012	1,361	265,810	512.0
	Total	18,977	3,553,769	534.0
Clinch County, GA (13065)	1999	76	6,892	1,102.7
	2000	80	6,878	1,163.1
	2001	84	6,901	1,217.2
	2002	86	6,870	1,251.8
	2003	79	6,933	1,139.5
	2004	80	6,893	1,160.6
	2005	74	6,948	1,065.1
	2006	71	6,828	1,039.8
	2007	62	6,838	906.7
	2008	72	6,941	1,037.3
	2009	65	6,799	956.0
	2010	79	6,798	1,162.1
	2011	69	6,742	1,023.4
	2012	68	6,708	1,013.7
	Total	1,045	95,969	1,088.9
Cobb County, GA (13067)	1999	3,057	588,871	519.1
	2000	3,203	607,751	527.0
	2001	3,415	623,006	548.1
	2002	3,250	631,018	515.0
	2003	3,302	634,638	520.3
	2004	3,351	640,346	523.3
	2005	3,373	646,754	521.5
	2006	3,370	661,913	509.1
	2007	3,375	670,438	503.4
	2008	3,584	679,822	527.2
	2009	3,603	684,776	526.2
	2010	3,639	688,078	528.9
	2011	3,748	697,277	537.5
	2012	3,701	707,277	523.3
	Total	47,971	9,161,965	523.6
Coffee County, GA (13069)	1999	305	36,813	828.5
	2000	329	37,413	879.4
	2001	310	38,350	808.3
	2002	364	38,791	938.4
	2003	346	39,183	883.0
	2004	351	39,383	891.2
	2005	351	39,829	881.3
	2006	334	40,702	820.6
	2007	329	41,299	796.6
	2008	371	41,813	887.3
	2009	342	42,089	812.6
	2010	340	42,356	802.7
	2011	402	43,007	934.7
	2012	377	43,151	873.7
	Total	4,851	564,179	859.8
Colquitt County, GA (13071)	1999	479	41,737	1,147.7
	2000	441	42,053	1,048.7
	2001	439	42,223	1,039.7
	2002	444	42,570	1,043.0
	2003	438	42,554	1,029.3
	2004	447	42,987	1,039.8
	2005	449	42,993	1,044.4
	2006	467	43,700	1,068.6
	2007	449	44,209	1,015.6
	2008	397	44,872	884.7
	2009	403	45,152	892.5
	2010	415	45,498	912.1
	2011	485	45,781	1,059.4
	2012	481	46,045	1,044.6
	Total	6,234	612,374	1,018.0
Columbia County, GA (13073)	1999	496	88,280	561.8
	2000	498	89,288	557.7
	2001	561	92,537	606.2
	2002	550	95,818	574.0
	2003	584	98,761	591.3
	2004	591	102,934	574.2
	2005	675	106,477	633.9
	2006	640	110,845	577.4
	2007	705	115,074	612.6
	2008	700	117,504	595.7
	2009	690	121,050	570.0
	2010	751	124,053	605.4
	2011	769	128,096	600.3
	2012	816	131,563	620.2
	Total	9,026	1,522,280	592.9
Cook County, GA (13075)	1999	173	15,563	1,111.6
	2000	178	15,771	1,128.7
	2001	202	15,885	1,271.6
	2002	159	15,985	994.7
	2003	154	16,060	958.9
	2004	187	16,268	1,149.5
	2005	187	16,567	1,128.7
	2006	175	16,622	1,052.8
	2007	185	16,848	1,098.1
	2008	172	17,067	1,007.8
	2009	175	17,114	1,022.6
	2010	194	17,212	1,127.1
	2011	148	17,007	870.2
	2012	185	16,909	1,094.1
	Total	2,474	230,878	1,071.6
Coweta County, GA (13077)	1999	609	86,837	701.3
	2000	665	89,215	745.4
	2001	630	93,627	672.9
	2002	650	97,191	668.8
	2003	693	100,382	690.4
	2004	688	104,089	661.0
	2005	731	108,371	674.5
	2006	791	113,749	695.4
	2007	801	118,156	677.9
	2008	788	122,281	644.4
	2009	767	125,501	611.2
	2010	873	127,317	685.7
	2011	858	129,453	662.8
	2012	833	130,918	636.3
	Total	10,377	1,547,087	670.7
Crawford County, GA (13079)	1999	95	12,369	768.0
	2000	102	12,495	816.3
	2001	119	12,496	952.3
	2002	110	12,553	876.3
	2003	104	12,592	825.9
	2004	125	12,784	977.8
	2005	99	12,875	768.9
	2006	86	12,943	664.5
	2007	119	12,895	922.8
	2008	102	12,967	786.6
	2009	109	12,711	857.5
	2010	82	12,630	649.2
	2011	103	12,614	816.6
	2012	111	12,618	879.7
	Total	1,466	177,542	825.7
Crisp County, GA (13081)	1999	237	21,895	1,082.4
	2000	268	21,996	1,218.4
	2001	255	22,184	1,149.5
	2002	239	22,284	1,072.5
	2003	228	22,194	1,027.3
	2004	240	22,320	1,075.3
	2005	266	22,456	1,184.5
	2006	267	22,718	1,175.3
	2007	229	23,146	989.4
	2008	239	23,243	1,028.3
	2009	242	23,378	1,035.2
	2010	231	23,439	985.5
	2011	254	23,801	1,067.2
	2012	265	23,679	1,119.1
	Total	3,460	318,733	1,085.5
Dade County, GA (13083)	1999	131	15,029	871.6
	2000	132	15,154	871.1
	2001	138	15,520	889.2
	2002	152	15,658	970.7
	2003	153	15,901	962.2
	2004	146	16,028	910.9
	2005	160	16,188	988.4
	2006	154	16,411	938.4
	2007	160	16,648	961.1
	2008	173	16,651	1,039.0
	2009	160	16,657	960.6
	2010	198	16,633	1,190.4
	2011	168	16,587	1,012.8
	2012	178	16,523	1,077.3
	Total	2,203	225,588	976.6
Dawson County, GA (13085)	1999	96	15,203	631.5
	2000	107	15,999	668.8
	2001	114	16,875	675.6
	2002	112	17,521	639.2
	2003	137	18,406	744.3
	2004	148	18,831	785.9
	2005	135	19,611	688.4
	2006	162	20,660	784.1
	2007	171	21,509	795.0
	2008	167	21,951	760.8
	2009	142	22,325	636.1
	2010	179	22,330	801.6
	2011	182	22,218	819.2
	2012	169	22,395	754.6
	Total	2,021	275,834	732.7
Decatur County, GA (13087)	1999	303	28,063	1,079.7
	2000	316	28,240	1,119.0
	2001	312	27,870	1,119.5
	2002	296	27,892	1,061.2
	2003	300	27,795	1,079.3
	2004	290	27,763	1,044.6
	2005	300	27,511	1,090.5
	2006	293	27,835	1,052.6
	2007	281	27,883	1,007.8
	2008	331	28,010	1,181.7
	2009	323	28,058	1,151.2
	2010	308	27,842	1,106.2
	2011	308	27,666	1,113.3
	2012	319	27,472	1,161.2
	Total	4,280	389,900	1,097.7
DeKalb County, GA (13089)	1999	3,932	656,625	598.8
	2000	3,943	665,865	592.2
	2001	3,913	670,900	583.2
	2002	3,988	669,789	595.4
	2003	3,986	668,148	596.6
	2004	3,952	666,204	593.2
	2005	3,915	668,998	585.2
	2006	4,017	676,687	593.6
	2007	3,977	680,962	584.0
	2008	4,009	685,646	584.7
	2009	3,942	690,658	570.8
	2010	4,118	691,893	595.2
	2011	4,071	697,538	583.6
	2012	4,230	707,401	598.0
	Total	55,993	9,497,314	589.6
Dodge County, GA (13091)	1999	223	19,139	1,165.2
	2000	213	19,171	1,111.1
	2001	237	19,513	1,214.6
	2002	234	19,771	1,183.6
	2003	218	20,180	1,080.3
	2004	201	20,319	989.2
	2005	186	20,550	905.1
	2006	206	20,954	983.1
	2007	254	21,225	1,196.7
	2008	234	21,399	1,093.5
	2009	216	21,659	997.3
	2010	222	21,796	1,018.5
	2011	243	21,459	1,132.4
	2012	227	21,381	1,061.7
	Total	3,114	288,516	1,079.3
Dooly County, GA (13093)	1999	102	11,461	890.0
	2000	121	11,525	1,049.9
	2001	109	12,040	905.3
	2002	123	12,207	1,007.6
	2003	114	12,508	911.4
	2004	120	12,848	934.0
	2005	126	13,292	947.9
	2006	105	13,719	765.4
	2007	126	13,867	908.6
	2008	110	14,191	775.1
	2009	122	14,769	826.1
	2010	110	14,918	737.4
	2011	129	14,545	886.9
	2012	114	14,316	796.3
	Total	1,631	186,206	875.9
Dougherty County, GA (13095)	1999	902	96,199	937.6
	2000	841	96,065	875.4
	2001	862	95,944	898.4
	2002	858	95,429	899.1
	2003	889	95,015	935.6
	2004	915	94,596	967.3
	2005	836	94,610	883.6
	2006	911	94,418	964.9
	2007	902	94,522	954.3
	2008	842	94,363	892.3
	2009	862	94,688	910.4
	2010	732	94,565	774.1
	2011	916	94,564	968.7
	2012	901	94,267	955.8
	Total	12,169	1,329,245	915.5
Douglas County, GA (13097)	1999	585	90,955	643.2
	2000	580	92,174	629.2
	2001	645	95,720	673.8
	2002	695	98,582	705.0
	2003	676	102,034	662.5
	2004	685	107,377	637.9
	2005	717	113,354	632.5
	2006	774	119,918	645.4
	2007	773	125,560	615.6
	2008	742	129,508	572.9
	2009	805	131,292	613.1
	2010	816	132,403	616.3
	2011	837	133,180	628.5
	2012	822	133,957	613.6
	Total	10,152	1,606,014	632.1
Early County, GA (13099)	1999	150	12,311	1,218.4
	2000	138	12,354	1,117.0
	2001	140	12,207	1,146.9
	2002	147	12,047	1,220.2
	2003	139	11,978	1,160.5
	2004	145	11,800	1,228.8
	2005	158	11,749	1,344.8
	2006	143	11,648	1,227.7
	2007	158	11,429	1,382.4
	2008	162	11,262	1,438.5
	2009	139	11,101	1,252.1
	2010	130	11,008	1,181.0
	2011	117	10,731	1,090.3
	2012	152	10,599	1,434.1
	Total	2,018	162,224	1,244.0
Echols County, GA (13101)	1999	22	3,553	619.2
	2000	25	3,754	666.0
	2001	25	3,774	662.4
	2002	22	3,751	586.5
	2003	21	3,844	546.3
	2004	21	3,926	534.9
	2005	18	3,946	456.2 (Unreliable)
	2006	22	3,913	562.2
	2007	21	3,938	533.3
	2008	24	3,954	607.0
	2009	24	4,012	598.2
	2010	27	4,034	669.3
	2011	27	4,135	653.0
	2012	29	4,027	720.1
	Total	328	54,561	601.2
Effingham County, GA (13103)	1999	221	36,838	599.9
	2000	263	37,535	700.7
	2001	254	39,116	649.4
	2002	266	40,757	652.6
	2003	327	42,168	775.5
	2004	265	43,674	606.8
	2005	258	45,729	564.2
	2006	295	47,823	616.9
	2007	313	49,660	630.3
	2008	346	50,738	681.9
	2009	323	51,908	622.3
	2010	341	52,250	652.6
	2011	317	52,648	602.1
	2012	388	53,359	727.2
	Total	4,177	644,203	648.4
Elbert County, GA (13105)	1999	249	20,425	1,219.1
	2000	249	20,511	1,214.0
	2001	234	20,544	1,139.0
	2002	232	20,610	1,125.7
	2003	239	20,572	1,161.8
	2004	229	20,693	1,106.7
	2005	255	20,593	1,238.3
	2006	246	20,631	1,192.4
	2007	242	20,551	1,177.6
	2008	269	20,477	1,313.7
	2009	245	20,335	1,204.8
	2010	229	20,166	1,135.6
	2011	254	19,857	1,279.1
	2012	242	19,642	1,232.1
	Total	3,414	285,607	1,195.3
Emanuel County, GA (13107)	1999	241	21,784	1,106.3
	2000	240	21,837	1,099.1
	2001	268	21,683	1,236.0
	2002	260	21,511	1,208.7
	2003	294	21,616	1,360.1
	2004	242	21,579	1,121.5
	2005	248	21,777	1,138.8
	2006	269	22,091	1,217.7
	2007	268	22,109	1,212.2
	2008	241	22,421	1,074.9
	2009	265	22,456	1,180.1
	2010	282	22,598	1,247.9
	2011	255	22,568	1,129.9
	2012	258	22,841	1,129.5
	Total	3,631	308,871	1,175.6
Evans County, GA (13109)	1999	102	10,289	991.3
	2000	124	10,495	1,181.5
	2001	102	10,691	954.1
	2002	127	10,885	1,166.7
	2003	119	11,020	1,079.9
	2004	98	10,889	900.0
	2005	105	10,895	963.7
	2006	120	10,889	1,102.0
	2007	128	10,899	1,174.4
	2008	133	11,020	1,206.9
	2009	126	11,016	1,143.8
	2010	98	11,000	890.9
	2011	116	10,963	1,058.1
	2012	105	10,691	982.1
	Total	1,603	151,642	1,057.1
Fannin County, GA (13111)	1999	221	19,443	1,136.7
	2000	255	19,798	1,288.0
	2001	248	20,412	1,215.0
	2002	259	21,041	1,230.9
	2003	267	21,424	1,246.3
	2004	287	21,873	1,312.1
	2005	291	22,174	1,312.3
	2006	307	22,758	1,349.0
	2007	237	23,185	1,022.2
	2008	271	23,416	1,157.3
	2009	260	23,661	1,098.9
	2010	299	23,682	1,262.6
	2011	268	23,501	1,140.4
	2012	324	23,458	1,381.2
	Total	3,794	309,826	1,224.6
Fayette County, GA (13113)	1999	527	89,342	589.9
	2000	494	91,263	541.3
	2001	539	94,086	572.9
	2002	587	95,707	613.3
	2003	612	97,634	626.8
	2004	637	99,443	640.6
	2005	594	101,961	582.6
	2006	609	104,099	585.0
	2007	625	104,989	595.3
	2008	646	105,192	614.1
	2009	655	105,493	620.9
	2010	738	106,567	692.5
	2011	742	107,232	692.0
	2012	683	107,442	635.7
	Total	8,688	1,410,450	616.0
Floyd County, GA (13115)	1999	970	89,659	1,081.9
	2000	1,019	90,565	1,125.2
	2001	930	91,181	1,019.9
	2002	1,013	92,597	1,094.0
	2003	1,016	93,539	1,086.2
	2004	966	94,014	1,027.5
	2005	990	94,332	1,049.5
	2006	993	95,165	1,043.5
	2007	999	95,308	1,048.2
	2008	973	95,922	1,014.4
	2009	1,001	96,383	1,038.6
	2010	976	96,317	1,013.3
	2011	1,016	96,149	1,056.7
	2012	995	95,995	1,036.5
	Total	13,857	1,317,126	1,052.1
Forsyth County, GA (13117)	1999	474	93,244	508.3
	2000	544	98,407	552.8
	2001	580	108,491	534.6
	2002	620	115,797	535.4
	2003	640	122,698	521.6
	2004	622	129,639	479.8
	2005	594	137,643	431.6
	2006	696	147,228	472.7
	2007	643	157,129	409.2
	2008	761	166,338	457.5
	2009	815	171,993	473.9
	2010	722	175,511	411.4
	2011	807	182,439	442.3
	2012	865	187,927	460.3
	Total	9,383	1,994,484	470.4
Franklin County, GA (13119)	1999	199	20,021	994.0
	2000	241	20,285	1,188.1
	2001	227	20,703	1,096.5
	2002	259	20,942	1,236.7
	2003	230	21,193	1,085.3
	2004	236	21,430	1,101.3
	2005	213	21,725	980.4
	2006	238	21,956	1,084.0
	2007	242	22,195	1,090.3
	2008	266	22,254	1,195.3
	2009	273	22,152	1,232.4
	2010	269	22,084	1,218.1
	2011	259	21,906	1,182.3
	2012	285	21,857	1,303.9
	Total	3,437	300,703	1,143.0
Fulton County, GA (13121)	1999	6,199	807,365	767.8
	2000	6,361	816,006	779.5
	2001	6,228	820,213	759.3
	2002	6,172	815,224	757.1
	2003	6,071	812,568	747.1
	2004	5,837	809,481	721.1
	2005	5,883	818,737	718.5
	2006	6,024	845,181	712.7
	2007	5,851	869,329	673.0
	2008	6,388	888,694	718.8
	2009	6,083	905,511	671.8
	2010	6,172	920,581	670.4
	2011	6,008	949,777	632.6
	2012	5,938	977,129	607.7
	Total	85,215	12,055,796	706.8
Gilmer County, GA (13123)	1999	211	22,357	943.8
	2000	228	23,456	972.0
	2001	211	24,229	870.9
	2002	244	24,920	979.1
	2003	218	25,575	852.4
	2004	220	26,175	840.5
	2005	262	26,808	977.3
	2006	248	27,665	896.4
	2007	276	27,996	985.9
	2008	252	28,211	893.3
	2009	257	28,174	912.2
	2010	225	28,292	795.3
	2011	180	28,277	636.6
	2012	272	28,212	964.1
	Total	3,304	370,347	892.1
Glascock County, GA (13125)	1999	38	2,562	1,483.2
	2000	32	2,556	1,252.0
	2001	34	2,586	1,314.8
	2002	45	2,618	1,718.9
	2003	40	2,644	1,512.9
	2004	49	2,720	1,801.5
	2005	45	2,763	1,628.7
	2006	30	2,893	1,037.0
	2007	37	2,988	1,238.3
	2008	44	3,010	1,461.8
	2009	45	3,066	1,467.7
	2010	34	3,082	1,103.2
	2011	46	3,108	1,480.1
	2012	44	3,130	1,405.8
	Total	563	39,726	1,417.2
Glynn County, GA (13127)	1999	689	67,426	1,021.9
	2000	692	67,568	1,024.2
	2001	686	68,558	1,000.6
	2002	703	69,408	1,012.9
	2003	785	70,391	1,115.2
	2004	723	71,475	1,011.5
	2005	749	72,589	1,031.8
	2006	768	74,870	1,025.8
	2007	754	76,513	985.5
	2008	775	78,013	993.4
	2009	735	78,946	931.0
	2010	797	79,626	1,000.9
	2011	755	80,216	941.2
	2012	789	80,923	975.0
	Total	10,400	1,036,522	1,003.4
Gordon County, GA (13129)	1999	371	43,354	855.7
	2000	400	44,104	906.9
	2001	414	45,757	904.8
	2002	399	46,939	850.0
	2003	361	48,145	749.8
	2004	420	49,426	849.8
	2005	464	50,602	917.0
	2006	422	52,161	809.0
	2007	429	53,409	803.2
	2008	466	54,567	854.0
	2009	472	54,945	859.0
	2010	487	55,186	882.5
	2011	500	55,458	901.6
	2012	462	55,688	829.6
	Total	6,067	709,741	854.8
Grady County, GA (13131)	1999	257	23,568	1,090.5
	2000	270	23,659	1,141.2
	2001	258	23,635	1,091.6
	2002	234	23,635	990.1
	2003	270	23,716	1,138.5
	2004	246	23,840	1,031.9
	2005	289	24,031	1,202.6
	2006	247	24,384	1,013.0
	2007	250	24,624	1,015.3
	2008	258	24,728	1,043.4
	2009	215	24,893	863.7
	2010	196	25,011	783.7
	2011	214	25,160	850.6
	2012	239	25,336	943.3
	Total	3,443	340,220	1,012.0
Greene County, GA (13133)	1999	143	14,199	1,007.1
	2000	182	14,406	1,263.4
	2001	164	14,703	1,115.4
	2002	168	14,984	1,121.2
	2003	183	15,110	1,211.1
	2004	179	15,330	1,167.6
	2005	161	15,499	1,038.8
	2006	149	15,587	955.9
	2007	174	15,823	1,099.7
	2008	159	15,869	1,002.0
	2009	174	15,934	1,092.0
	2010	183	15,994	1,144.2
	2011	173	16,041	1,078.5
	2012	175	16,167	1,082.5
	Total	2,367	215,646	1,097.6
Gwinnett County, GA (13135)	1999	2,189	567,569	385.7
	2000	2,374	588,448	403.4
	2001	2,606	620,025	420.3
	2002	2,680	641,986	417.5
	2003	2,726	663,391	410.9
	2004	2,781	687,468	404.5
	2005	2,879	710,978	404.9
	2006	3,029	740,267	409.2
	2007	3,035	764,129	397.2
	2008	3,225	780,721	413.1
	2009	3,242	796,276	407.1
	2010	3,231	805,321	401.2
	2011	3,335	825,094	404.2
	2012	3,500	840,575	416.4
	Total	40,832	10,032,248	407.0
Habersham County, GA (13137)	1999	321	35,196	912.0
	2000	316	35,902	880.2
	2001	355	36,914	961.7
	2002	351	37,421	938.0
	2003	370	38,051	972.4
	2004	306	38,491	795.0
	2005	339	39,155	865.8
	2006	309	40,616	760.8
	2007	335	41,865	800.2
	2008	349	42,550	820.2
	2009	399	42,947	929.1
	2010	408	43,041	947.9
	2011	423	43,081	981.9
	2012	402	43,475	924.7
	Total	4,983	558,705	891.9
Hall County, GA (13139)	1999	978	134,781	725.6
	2000	1,021	139,277	733.1
	2001	1,023	146,148	700.0
	2002	1,076	150,229	716.2
	2003	1,077	153,561	701.3
	2004	1,091	156,385	697.6
	2005	1,117	160,979	693.9
	2006	1,151	166,524	691.2
	2007	1,164	172,446	675.0
	2008	1,143	177,277	644.8
	2009	1,216	178,503	681.2
	2010	1,156	179,684	643.4
	2011	1,208	182,888	660.5
	2012	1,339	185,055	723.6
	Total	15,760	2,283,737	690.1
Hancock County, GA (13141)	1999	107	10,021	1,067.8
	2000	99	10,076	982.5
	2001	110	10,022	1,097.6
	2002	124	9,829	1,261.6
	2003	110	9,764	1,126.6
	2004	107	9,673	1,106.2
	2005	116	9,634	1,204.1
	2006	98	9,650	1,015.5
	2007	83	9,889	839.3
	2008	99	9,808	1,009.4
	2009	105	9,508	1,104.3
	2010	69	9,429	731.8
	2011	96	9,363	1,025.3
	2012	91	9,005	1,010.5
	Total	1,414	135,671	1,042.2
Haralson County, GA (13143)	1999	275	25,301	1,086.9
	2000	267	25,690	1,039.3
	2001	280	26,232	1,067.4
	2002	304	26,676	1,139.6
	2003	290	27,227	1,065.1
	2004	273	27,621	988.4
	2005	312	27,987	1,114.8
	2006	292	28,121	1,038.4
	2007	356	28,558	1,246.6
	2008	321	28,645	1,120.6
	2009	318	28,774	1,105.2
	2010	358	28,780	1,243.9
	2011	346	28,533	1,212.6
	2012	332	28,388	1,169.5
	Total	4,324	386,533	1,118.7
Harris County, GA (13145)	1999	186	23,382	795.5
	2000	182	23,695	768.1
	2001	210	24,547	855.5
	2002	212	25,327	837.1
	2003	187	26,256	712.2
	2004	210	27,180	772.6
	2005	228	28,170	809.4
	2006	215	29,289	734.1
	2007	231	30,276	763.0
	2008	254	30,807	824.5
	2009	260	31,494	825.6
	2010	237	32,024	740.1
	2011	204	32,384	629.9
	2012	219	32,628	671.2
	Total	3,035	397,459	763.6
Hart County, GA (13147)	1999	281	22,754	1,234.9
	2000	284	22,997	1,234.9
	2001	262	23,049	1,136.7
	2002	289	23,286	1,241.1
	2003	258	23,402	1,102.5
	2004	283	23,966	1,180.8
	2005	269	24,376	1,103.5
	2006	297	24,764	1,199.3
	2007	271	24,894	1,088.6
	2008	279	25,138	1,109.9
	2009	280	25,108	1,115.2
	2010	270	25,213	1,070.9
	2011	271	25,446	1,065.0
	2012	267	25,547	1,045.1
	Total	3,861	339,940	1,135.8
Heard County, GA (13149)	1999	98	10,737	912.7
	2000	105	11,012	953.5
	2001	101	11,173	904.0
	2002	99	11,207	883.4
	2003	110	11,169	984.9
	2004	105	11,273	931.4
	2005	102	11,350	898.7
	2006	103	11,553	891.5
	2007	97	11,618	834.9
	2008	128	11,809	1,083.9
	2009	113	11,765	960.5
	2010	103	11,834	870.4
	2011	122	11,714	1,041.5
	2012	109	11,652	935.5
	Total	1,495	159,866	935.2
Henry County, GA (13151)	1999	683	113,011	604.4
	2000	747	119,341	625.9
	2001	743	131,000	567.2
	2002	817	140,747	580.5
	2003	864	150,928	572.5
	2004	815	159,971	509.5
	2005	946	169,607	557.8
	2006	973	180,304	539.6
	2007	1,070	188,736	566.9
	2008	1,129	194,658	580.0
	2009	1,163	199,622	582.6
	2010	1,171	203,922	574.2
	2011	1,272	207,148	614.1
	2012	1,344	208,622	644.2
	Total	13,737	2,367,617	580.2
Houston County, GA (13153)	1999	727	109,216	665.7
	2000	761	110,765	687.0
	2001	836	113,432	737.0
	2002	843	116,411	724.2
	2003	845	119,396	707.7
	2004	843	123,723	681.4
	2005	838	126,201	664.0
	2006	854	128,978	662.1
	2007	890	132,373	672.3
	2008	913	134,922	676.7
	2009	989	137,416	719.7
	2010	957	139,900	684.1
	2011	996	144,145	691.0
	2012	956	146,067	654.5
	Total	12,248	1,782,945	687.0
Irwin County, GA (13155)	1999	96	9,793	980.3
	2000	116	9,931	1,168.1
	2001	115	9,953	1,155.4
	2002	115	9,775	1,176.5
	2003	117	9,777	1,196.7
	2004	102	9,402	1,084.9
	2005	112	9,779	1,145.3
	2006	94	9,852	954.1
	2007	104	9,493	1,095.5
	2008	101	9,803	1,030.3
	2009	115	9,536	1,206.0
	2010	97	9,538	1,017.0
	2011	86	9,686	887.9
	2012	95	9,612	988.3
	Total	1,465	135,930	1,077.8
Jackson County, GA (13157)	1999	361	40,445	892.6
	2000	411	41,589	988.2
	2001	389	43,367	897.0
	2002	368	44,940	818.9
	2003	448	46,230	969.1
	2004	454	48,288	940.2
	2005	426	50,607	841.8
	2006	429	54,037	793.9
	2007	473	57,521	822.3
	2008	476	59,420	801.1
	2009	474	60,052	789.3
	2010	511	60,485	844.8
	2011	520	60,534	859.0
	2012	567	60,497	937.2
	Total	6,307	728,012	866.3
Jasper County, GA (13159)	1999	106	11,177	948.4
	2000	103	11,426	901.5
	2001	117	11,629	1,006.1
	2002	103	12,027	856.4
	2003	119	12,417	958.4
	2004	114	12,588	905.6
	2005	108	12,985	831.7
	2006	108	13,370	807.8
	2007	127	13,569	936.0
	2008	115	13,769	835.2
	2009	118	13,842	852.5
	2010	114	13,900	820.1
	2011	114	13,785	827.0
	2012	127	13,614	932.9
	Total	1,593	180,098	884.5
Jeff Davis County, GA (13161)	1999	125	12,609	991.4
	2000	151	12,684	1,190.5
	2001	133	12,877	1,032.8
	2002	151	13,088	1,153.7
	2003	152	13,234	1,148.6
	2004	153	13,433	1,139.0
	2005	155	13,729	1,129.0
	2006	143	14,028	1,019.4
	2007	159	14,204	1,119.4
	2008	146	14,577	1,001.6
	2009	162	14,892	1,087.8
	2010	126	15,068	836.2
	2011	144	15,100	953.6
	2012	148	15,119	978.9
	Total	2,048	194,642	1,052.2
Jefferson County, GA (13163)	1999	202	17,342	1,164.8
	2000	210	17,266	1,216.3
	2001	207	17,121	1,209.0
	2002	209	17,091	1,222.9
	2003	198	17,019	1,163.4
	2004	185	16,988	1,089.0
	2005	189	16,924	1,116.8
	2006	222	16,889	1,314.5
	2007	201	16,830	1,194.3
	2008	206	16,925	1,217.1
	2009	218	17,067	1,277.3
	2010	192	16,930	1,134.1
	2011	211	16,746	1,260.0
	2012	236	16,460	1,433.8
	Total	2,886	237,598	1,214.7
Jenkins County, GA (13165)	1999	85	8,510	998.8
	2000	97	8,575	1,131.2
	2001	86	8,577	1,002.7
	2002	108	8,543	1,264.2
	2003	96	8,518	1,127.0
	2004	109	8,490	1,283.9
	2005	95	8,510	1,116.3
	2006	93	8,533	1,089.9
	2007	96	8,442	1,137.2
	2008	94	8,340	1,127.1
	2009	104	8,339	1,247.2
	2010	92	8,340	1,103.1
	2011	104	8,130	1,279.2
	2012	115	9,149	1,257.0
	Total	1,374	118,996	1,154.7
Johnson County, GA (13167)	1999	91	8,551	1,064.2
	2000	105	8,560	1,226.6
	2001	104	8,768	1,186.1
	2002	104	9,436	1,102.2
	2003	93	9,456	983.5
	2004	112	9,613	1,165.1
	2005	108	9,516	1,134.9
	2006	100	9,638	1,037.6
	2007	109	10,107	1,078.5
	2008	97	10,127	957.8
	2009	112	9,990	1,121.1
	2010	87	9,980	871.7
	2011	102	9,912	1,029.1
	2012	99	9,876	1,002.4
	Total	1,423	133,530	1,065.7
Jones County, GA (13169)	1999	209	23,437	891.8
	2000	174	23,639	736.1
	2001	182	24,315	748.5
	2002	178	24,909	714.6
	2003	202	25,738	784.8
	2004	190	26,537	716.0
	2005	208	27,189	765.0
	2006	182	27,563	660.3
	2007	241	28,000	860.7
	2008	234	28,552	819.6
	2009	237	28,710	825.5
	2010	189	28,669	659.2
	2011	209	28,702	728.2
	2012	238	28,615	831.7
	Total	2,873	374,575	767.0
Lamar County, GA (13171)	1999	155	15,593	994.0
	2000	162	15,912	1,018.1
	2001	165	16,464	1,002.2
	2002	153	16,289	939.3
	2003	173	16,470	1,050.4
	2004	183	16,567	1,104.6
	2005	167	16,961	984.6
	2006	206	17,115	1,203.6
	2007	182	17,476	1,041.4
	2008	177	18,025	982.0
	2009	189	18,233	1,036.6
	2010	190	18,317	1,037.3
	2011	180	18,184	989.9
	2012	206	18,048	1,141.4
	Total	2,488	239,654	1,038.2
Lanier County, GA (13173)	1999	46	7,170	641.6
	2000	84	7,241	1,160.1
	2001	53	7,253	730.7
	2002	63	7,422	848.8
	2003	76	7,748	980.9
	2004	75	7,824	958.6
	2005	63	8,068	780.9
	2006	69	8,509	810.9
	2007	66	9,013	732.3
	2008	80	9,560	836.8
	2009	102	9,810	1,039.8
	2010	89	10,078	883.1
	2011	68	10,475	649.2
	2012	87	10,458	831.9
	Total	1,021	120,629	846.4
Laurens County, GA (13175)	1999	445	44,573	998.4
	2000	444	44,874	989.4
	2001	459	45,123	1,017.2
	2002	486	45,634	1,065.0
	2003	517	46,277	1,117.2
	2004	488	46,329	1,053.3
	2005	488	46,751	1,043.8
	2006	467	47,287	987.6
	2007	535	47,649	1,122.8
	2008	512	48,192	1,062.4
	2009	494	48,601	1,016.4
	2010	525	48,434	1,083.9
	2011	502	48,014	1,045.5
	2012	552	48,016	1,149.6
	Total	6,914	655,754	1,054.4
Lee County, GA (13177)	1999	103	24,335	423.3
	2000	123	24,757	496.8
	2001	133	24,945	533.2
	2002	130	25,115	517.6
	2003	143	25,260	566.1
	2004	144	25,965	554.6
	2005	138	26,505	520.7
	2006	171	27,365	624.9
	2007	147	27,792	528.9
	2008	159	28,111	565.6
	2009	196	28,326	691.9
	2010	144	28,298	508.9
	2011	178	28,610	622.2
	2012	178	28,720	619.8
	Total	2,087	374,104	557.9
Liberty County, GA (13179)	1999	248	61,987	400.1
	2000	284	61,610	461.0
	2001	245	61,388	399.1
	2002	277	62,505	443.2
	2003	301	60,403	498.3
	2004	284	63,254	449.0
	2005	256	64,718	395.6
	2006	319	63,047	506.0
	2007	277	63,708	434.8
	2008	313	62,635	499.7
	2009	304	67,061	453.3
	2010	288	63,453	453.9
	2011	302	65,162	463.5
	2012	316	65,461	482.7
	Total	4,014	886,392	452.8
Lincoln County, GA (13181)	1999	102	8,313	1,227.0
	2000	87	8,348	1,042.2
	2001	103	8,375	1,229.9
	2002	103	8,375	1,229.9
	2003	99	8,357	1,184.6
	2004	86	8,284	1,038.1
	2005	83	8,274	1,003.1
	2006	97	8,198	1,183.2
	2007	76	8,161	931.3
	2008	99	8,156	1,213.8
	2009	86	8,073	1,065.3
	2010	92	7,996	1,150.6
	2011	83	7,886	1,052.5
	2012	88	7,770	1,132.6
	Total	1,284	114,566	1,120.8
Long County, GA (13183)	1999	58	10,108	573.8
	2000	62	10,304	601.7
	2001	61	10,551	578.1
	2002	56	10,894	514.0
	2003	70	10,849	645.2
	2004	57	11,355	502.0
	2005	67	11,677	573.8
	2006	72	12,152	592.5
	2007	81	12,381	654.2
	2008	67	12,744	525.7
	2009	80	13,787	580.3
	2010	69	14,464	477.0
	2011	91	15,194	598.9
	2012	96	16,170	593.7
	Total	987	172,630	571.7
Lowndes County, GA (13185)	1999	713	91,472	779.5
	2000	695	92,115	754.5
	2001	699	92,402	756.5
	2002	689	93,903	733.7
	2003	770	94,207	817.3
	2004	725	96,510	751.2
	2005	714	98,273	726.5
	2006	764	100,592	759.5
	2007	740	101,752	727.3
	2008	749	104,918	713.9
	2009	816	107,583	758.5
	2010	826	109,233	756.2
	2011	805	111,832	719.8
	2012	794	114,638	692.6
	Total	10,499	1,409,430	744.9
Lumpkin County, GA (13187)	1999	136	20,547	661.9
	2000	185	21,016	880.3
	2001	153	22,152	690.7
	2002	161	23,048	698.5
	2003	179	24,162	740.8
	2004	183	24,916	734.5
	2005	182	25,884	703.1
	2006	209	27,300	765.6
	2007	229	28,228	811.3
	2008	219	29,128	751.9
	2009	208	29,723	699.8
	2010	216	29,966	720.8
	2011	235	30,479	771.0
	2012	219	30,708	713.2
	Total	2,714	367,257	739.0
McDuffie County, GA (13189)	1999	233	21,212	1,098.4
	2000	227	21,231	1,069.2
	2001	241	21,323	1,130.2
	2002	239	21,141	1,130.5
	2003	263	21,155	1,243.2
	2004	248	21,256	1,166.7
	2005	235	21,419	1,097.2
	2006	228	21,564	1,057.3
	2007	208	21,527	966.2
	2008	241	21,790	1,106.0
	2009	228	21,836	1,044.1
	2010	296	21,875	1,353.1
	2011	201	21,610	930.1
	2012	217	21,650	1,002.3
	Total	3,305	300,589	1,099.5
McIntosh County, GA (13191)	1999	105	10,625	988.2
	2000	97	10,847	894.3
	2001	106	11,401	929.7
	2002	122	11,648	1,047.4
	2003	98	11,878	825.1
	2004	123	12,182	1,009.7
	2005	113	12,408	910.7
	2006	106	12,950	818.5
	2007	94	13,623	690.0
	2008	123	13,973	880.3
	2009	100	14,268	700.9
	2010	119	14,333	830.3
	2011	110	14,263	771.2
	2012	120	13,866	865.4
	Total	1,536	178,265	861.6
Macon County, GA (13193)	1999	150	14,029	1,069.2
	2000	163	14,074	1,158.2
	2001	151	14,186	1,064.4
	2002	148	14,245	1,039.0
	2003	144	14,294	1,007.4
	2004	132	14,304	922.8
	2005	190	14,241	1,334.2
	2006	177	14,364	1,232.2
	2007	175	14,402	1,215.1
	2008	139	14,496	958.9
	2009	150	14,842	1,010.6
	2010	133	14,740	902.3
	2011	142	14,482	980.5
	2012	150	14,286	1,050.0
	Total	2,144	200,985	1,066.7
Madison County, GA (13195)	1999	231	25,334	911.8
	2000	233	25,730	905.6
	2001	233	26,046	894.6
	2002	245	26,512	924.1
	2003	260	26,857	968.1
	2004	233	26,859	867.5
	2005	240	27,123	884.9
	2006	245	27,347	895.9
	2007	255	27,649	922.3
	2008	263	27,820	945.4
	2009	244	28,008	871.2
	2010	300	28,120	1,066.9
	2011	270	28,010	963.9
	2012	290	27,940	1,037.9
	Total	3,542	379,355	933.7
Marion County, GA (13197)	1999	61	7,020	868.9
	2000	60	7,144	839.9
	2001	84	7,322	1,147.2
	2002	87	7,400	1,175.7
	2003	91	7,521	1,209.9
	2004	75	7,637	982.1
	2005	84	7,818	1,074.4
	2006	73	8,089	902.5
	2007	94	8,255	1,138.7
	2008	73	8,357	873.5
	2009	85	8,561	992.9
	2010	77	8,742	880.8
	2011	80	8,714	918.1
	2012	70	8,702	804.4
	Total	1,094	111,282	983.1
Meriwether County, GA (13199)	1999	265	22,502	1,177.7
	2000	240	22,534	1,065.1
	2001	239	22,524	1,061.1
	2002	264	22,726	1,161.7
	2003	284	22,615	1,255.8
	2004	265	22,563	1,174.5
	2005	261	22,587	1,155.5
	2006	253	22,694	1,114.8
	2007	241	22,506	1,070.8
	2008	249	22,632	1,100.2
	2009	225	22,446	1,002.4
	2010	259	21,992	1,177.7
	2011	228	21,630	1,054.1
	2012	251	21,318	1,177.4
	Total	3,524	313,269	1,124.9
Miller County, GA (13201)	1999	78	6,399	1,218.9
	2000	77	6,383	1,206.3
	2001	73	6,372	1,145.6
	2002	89	6,336	1,404.7
	2003	93	6,206	1,498.5
	2004	81	6,135	1,320.3
	2005	76	6,096	1,246.7
	2006	79	6,104	1,294.2
	2007	88	6,124	1,437.0
	2008	88	6,158	1,429.0
	2009	87	6,131	1,419.0
	2010	89	6,125	1,453.1
	2011	83	6,077	1,365.8
	2012	64	5,975	1,071.1
	Total	1,145	86,621	1,321.9
Mitchell County, GA (13205)	1999	229	23,615	969.7
	2000	246	23,932	1,027.9
	2001	265	23,872	1,110.1
	2002	262	23,698	1,105.6
	2003	225	23,594	953.6
	2004	246	23,520	1,045.9
	2005	214	23,363	916.0
	2006	227	23,579	962.7
	2007	245	23,974	1,021.9
	2008	244	23,840	1,023.5
	2009	226	23,592	958.0
	2010	217	23,498	923.5
	2011	208	23,450	887.0
	2012	231	23,104	999.8
	Total	3,285	330,631	993.6
Monroe County, GA (13207)	1999	186	21,430	867.9
	2000	222	21,757	1,020.4
	2001	193	22,092	873.6
	2002	200	22,767	878.5
	2003	199	23,499	846.8
	2004	205	23,648	866.9
	2005	215	24,080	892.9
	2006	222	24,924	890.7
	2007	238	25,726	925.1
	2008	215	25,969	827.9
	2009	249	26,233	949.2
	2010	226	26,424	855.3
	2011	217	26,659	814.0
	2012	225	26,737	841.5
	Total	3,012	341,945	880.8
Montgomery County, GA (13209)	1999	71	8,215	864.3
	2000	76	8,270	919.0
	2001	72	8,505	846.6
	2002	63	8,532	738.4
	2003	78	8,805	885.9
	2004	83	9,040	918.1
	2005	93	8,997	1,033.7
	2006	73	9,165	796.5
	2007	79	9,175	861.0
	2008	87	9,100	956.0
	2009	86	9,136	941.3
	2010	78	9,123	855.0
	2011	91	9,053	1,005.2
	2012	77	8,948	860.5
	Total	1,107	124,064	892.3
Morgan County, GA (13211)	1999	163	15,274	1,067.2
	2000	143	15,457	925.1
	2001	140	15,951	877.7
	2002	150	16,244	923.4
	2003	125	16,397	762.3
	2004	136	16,604	819.1
	2005	147	16,925	868.5
	2006	170	17,316	981.8
	2007	161	17,648	912.3
	2008	163	17,958	907.7
	2009	131	17,921	731.0
	2010	191	17,868	1,069.0
	2011	177	17,928	987.3
	2012	170	17,827	953.6
	Total	2,167	237,318	913.1
Murray County, GA (13213)	1999	231	35,495	650.8
	2000	262	36,506	717.7
	2001	248	37,683	658.1
	2002	253	38,167	662.9
	2003	272	38,998	697.5
	2004	306	39,465	775.4
	2005	313	39,723	788.0
	2006	294	40,173	731.8
	2007	322	40,138	802.2
	2008	301	39,869	755.0
	2009	348	39,888	872.4
	2010	297	39,628	749.5
	2011	358	39,448	907.5
	2012	343	39,371	871.2
	Total	4,148	544,552	761.7
Muscogee County, GA (13215)	1999	1,737	185,734	935.2
	2000	1,799	186,291	965.7
	2001	1,744	186,375	935.7
	2002	1,903	185,139	1,027.9
	2003	1,823	180,838	1,008.1
	2004	1,791	185,057	967.8
	2005	1,747	186,543	936.5
	2006	1,866	189,464	984.9
	2007	1,759	184,704	952.3
	2008	1,788	184,763	967.7
	2009	1,738	188,796	920.6
	2010	1,797	189,885	946.4
	2011	1,776	193,970	915.6
	2012	1,763	198,701	887.3
	Total	25,031	2,626,260	953.1
Newton County, GA (13217)	1999	442	59,506	742.8
	2000	499	62,001	804.8
	2001	560	66,823	838.0
	2002	534	71,102	751.0
	2003	548	75,610	724.8
	2004	559	80,603	693.5
	2005	627	85,647	732.1
	2006	651	90,647	718.2
	2007	629	95,699	657.3
	2008	631	98,240	642.3
	2009	663	99,494	666.4
	2010	737	99,958	737.3
	2011	764	100,746	758.3
	2012	735	101,299	725.6
	Total	8,579	1,187,375	722.5
Oconee County, GA (13219)	1999	156	25,637	608.5
	2000	154	26,225	587.2
	2001	150	26,135	573.9
	2002	171	26,501	645.3
	2003	174	27,334	636.6
	2004	167	27,904	598.5
	2005	181	28,616	632.5
	2006	171	29,720	575.4
	2007	183	30,755	595.0
	2008	193	31,697	608.9
	2009	176	32,386	543.4
	2010	214	32,808	652.3
	2011	194	33,247	583.5
	2012	217	33,525	647.3
	Total	2,501	412,490	606.3
Oglethorpe County, GA (13221)	1999	111	12,312	901.6
	2000	124	12,635	981.4
	2001	109	12,902	844.8
	2002	118	13,152	897.2
	2003	116	13,369	867.7
	2004	104	13,591	765.2
	2005	126	13,699	919.8
	2006	121	14,030	862.4
	2007	119	14,382	827.4
	2008	119	14,663	811.6
	2009	129	14,784	872.6
	2010	98	14,899	657.8
	2011	122	14,769	826.1
	2012	120	14,637	819.8
	Total	1,636	193,824	844.1
Paulding County, GA (13223)	1999	370	77,863	475.2
	2000	426	81,678	521.6
	2001	442	88,910	497.1
	2002	444	94,561	469.5
	2003	529	100,340	527.2
	2004	544	106,350	511.5
	2005	527	113,132	465.8
	2006	605	122,635	493.3
	2007	655	131,172	499.3
	2008	628	137,066	458.2
	2009	717	140,761	509.4
	2010	642	142,324	451.1
	2011	673	143,816	468.0
	2012	739	144,920	509.9
	Total	7,941	1,625,528	488.5
Peach County, GA (13225)	1999	244	23,348	1,045.1
	2000	221	23,668	933.8
	2001	209	24,063	868.6
	2002	207	24,348	850.2
	2003	236	24,595	959.5
	2004	222	24,818	894.5
	2005	225	24,756	908.9
	2006	227	25,510	889.8
	2007	240	26,467	906.8
	2008	213	27,222	782.5
	2009	221	27,474	804.4
	2010	275	27,695	993.0
	2011	296	27,568	1,073.7
	2012	276	27,571	1,001.1
	Total	3,312	359,103	922.3
Pickens County, GA (13227)	1999	192	21,840	879.1
	2000	206	22,983	896.3
	2001	229	24,334	941.1
	2002	239	25,258	946.2
	2003	242	26,209	923.3
	2004	206	26,810	768.4
	2005	262	27,277	960.5
	2006	269	28,169	955.0
	2007	238	29,095	818.0
	2008	246	29,531	833.0
	2009	280	29,542	947.8
	2010	289	29,431	982.0
	2011	284	29,474	963.6
	2012	300	29,365	1,021.6
	Total	3,482	379,318	918.0
Pierce County, GA (13229)	1999	179	15,387	1,163.3
	2000	168	15,636	1,074.4
	2001	171	15,811	1,081.5
	2002	174	15,995	1,087.8
	2003	177	16,278	1,087.4
	2004	181	16,755	1,080.3
	2005	162	17,179	943.0
	2006	192	17,502	1,097.0
	2007	179	17,933	998.2
	2008	167	18,210	917.1
	2009	193	18,564	1,039.6
	2010	206	18,758	1,098.2
	2011	177	18,716	945.7
	2012	198	18,848	1,050.5
	Total	2,524	241,572	1,044.8
Pike County, GA (13231)	1999	121	13,312	909.0
	2000	119	13,688	869.4
	2001	116	13,834	838.5
	2002	107	14,445	740.7
	2003	121	14,881	813.1
	2004	144	15,474	930.6
	2005	138	15,908	867.5
	2006	128	16,590	771.5
	2007	174	17,220	1,010.5
	2008	158	17,619	896.8
	2009	155	17,721	874.7
	2010	159	17,869	889.8
	2011	156	17,784	877.2
	2012	165	17,809	926.5
	Total	1,961	224,154	874.8
Polk County, GA (13233)	1999	444	37,812	1,174.2
	2000	422	38,127	1,106.8
	2001	400	38,612	1,035.9
	2002	432	39,109	1,104.6
	2003	480	39,246	1,223.1
	2004	498	39,564	1,258.7
	2005	425	39,860	1,066.2
	2006	466	40,372	1,154.3
	2007	447	40,789	1,095.9
	2008	450	41,407	1,086.8
	2009	466	41,386	1,126.0
	2010	429	41,475	1,034.4
	2011	485	41,284	1,174.8
	2012	464	41,160	1,127.3
	Total	6,308	560,203	1,126.0
Pulaski County, GA (13235)	1999	117	9,458	1,237.0
	2000	101	9,588	1,053.4
	2001	93	9,882	941.1
	2002	113	10,168	1,111.3
	2003	135	10,351	1,304.2
	2004	107	10,646	1,005.1
	2005	117	10,890	1,074.4
	2006	133	11,183	1,189.3
	2007	103	11,445	900.0
	2008	112	11,638	962.4
	2009	118	11,903	991.3
	2010	114	12,010	949.2
	2011	115	11,837	971.5
	2012	93	11,683	796.0
	Total	1,571	152,682	1,028.9
Putnam County, GA (13237)	1999	156	18,667	835.7
	2000	156	18,812	829.3
	2001	204	19,152	1,065.2
	2002	191	19,366	986.3
	2003	162	19,494	831.0
	2004	198	19,810	999.5
	2005	164	20,012	819.5
	2006	190	20,368	932.8
	2007	201	20,800	966.3
	2008	209	21,075	991.7
	2009	233	21,179	1,100.1
	2010	196	21,218	923.7
	2011	205	21,260	964.3
	2012	233	21,184	1,099.9
	Total	2,698	282,397	955.4
Quitman County, GA (13239)	1999	30	2,563	1,170.5
	2000	30	2,598	1,154.7
	2001	32	2,607	1,227.5
	2002	35	2,547	1,374.2
	2003	33	2,478	1,331.7
	2004	36	2,457	1,465.2
	2005	40	2,519	1,587.9
	2006	31	2,545	1,218.1
	2007	34	2,529	1,344.4
	2008	30	2,547	1,177.9
	2009	31	2,497	1,241.5
	2010	20	2,513	795.9
	2011	36	2,448	1,470.6
	2012	30	2,396	1,252.1
	Total	448	35,244	1,271.1
Rabun County, GA (13241)	1999	160	14,798	1,081.2
	2000	178	15,050	1,182.7
	2001	183	15,310	1,195.3
	2002	137	15,458	886.3
	2003	180	15,691	1,147.2
	2004	176	15,757	1,117.0
	2005	176	15,934	1,104.6
	2006	176	16,090	1,093.8
	2007	171	16,306	1,048.7
	2008	184	16,359	1,124.8
	2009	206	16,295	1,264.2
	2010	183	16,276	1,124.4
	2011	183	16,278	1,124.2
	2012	188	16,290	1,154.1
	Total	2,481	221,892	1,118.1
Randolph County, GA (13243)	1999	111	7,827	1,418.2
	2000	113	7,791	1,450.4
	2001	122	7,786	1,566.9
	2002	123	7,747	1,587.7
	2003	110	7,699	1,428.8
	2004	99	7,726	1,281.4
	2005	86	7,707	1,115.9
	2006	99	7,786	1,271.5
	2007	109	7,758	1,405.0
	2008	86	7,645	1,124.9
	2009	70	7,736	904.9
	2010	104	7,719	1,347.3
	2011	82	7,575	1,082.5
	2012	92	7,311	1,258.4
	Total	1,406	107,813	1,304.1
Richmond County, GA (13245)	1999	1,919	199,395	962.4
	2000	1,912	199,775	957.1
	2001	1,917	199,443	961.2
	2002	1,931	198,670	972.0
	2003	1,983	196,958	1,006.8
	2004	1,906	196,883	968.1
	2005	1,807	195,837	922.7
	2006	1,898	196,449	966.2
	2007	1,891	196,483	962.4
	2008	1,873	198,423	943.9
	2009	1,818	198,489	915.9
	2010	1,942	200,549	968.3
	2011	1,831	201,205	910.0
	2012	1,960	202,672	967.1
	Total	26,588	2,781,231	956.0
Rockdale County, GA (13247)	1999	485	69,214	700.7
	2000	498	70,111	710.3
	2001	501	71,875	697.0
	2002	543	73,158	742.2
	2003	513	74,860	685.3
	2004	505	76,577	659.5
	2005	555	78,086	710.8
	2006	566	79,911	708.3
	2007	610	82,146	742.6
	2008	553	83,558	661.8
	2009	560	84,625	661.7
	2010	566	85,215	664.2
	2011	558	85,620	651.7
	2012	624	85,670	728.4
	Total	7,637	1,100,626	693.9
Schley County, GA (13249)	1999	37	3,706	998.4
	2000	38	3,766	1,009.0
	2001	46	3,860	1,191.7
	2002	36	3,920	918.4
	2003	40	3,976	1,006.0
	2004	43	4,070	1,056.5
	2005	49	4,270	1,147.5
	2006	35	4,374	800.2
	2007	30	4,601	652.0
	2008	47	4,835	972.1
	2009	37	4,954	746.9
	2010	30	5,010	598.8
	2011	30	5,029	596.5
	2012	43	4,994	861.0
	Total	541	61,365	881.6
Screven County, GA (13251)	1999	171	15,256	1,120.9
	2000	166	15,374	1,079.7
	2001	166	15,057	1,102.5
	2002	175	15,226	1,149.3
	2003	167	15,040	1,110.4
	2004	164	15,047	1,089.9
	2005	152	15,065	1,009.0
	2006	182	14,884	1,222.8
	2007	165	14,865	1,110.0
	2008	187	14,843	1,259.9
	2009	163	14,905	1,093.6
	2010	165	14,593	1,130.7
	2011	177	14,400	1,229.2
	2012	170	14,219	1,195.6
	Total	2,370	208,774	1,135.2
Seminole County, GA (13253)	1999	99	9,343	1,059.6
	2000	110	9,369	1,174.1
	2001	124	9,251	1,340.4
	2002	113	9,210	1,226.9
	2003	110	9,033	1,217.8
	2004	104	9,065	1,147.3
	2005	121	8,905	1,358.8
	2006	109	8,869	1,229.0
	2007	108	8,800	1,227.3
	2008	100	8,827	1,132.9
	2009	111	8,760	1,267.1
	2010	114	8,729	1,306.0
	2011	126	8,784	1,434.4
	2012	119	8,933	1,332.1
	Total	1,568	125,878	1,245.7
Spalding County, GA (13255)	1999	645	58,227	1,107.7
	2000	585	58,417	1,001.4
	2001	635	58,927	1,077.6
	2002	580	59,699	971.5
	2003	622	60,222	1,032.8
	2004	567	60,588	935.8
	2005	654	61,091	1,070.5
	2006	603	61,971	973.0
	2007	636	62,682	1,014.6
	2008	619	63,651	972.5
	2009	652	64,135	1,016.6
	2010	669	64,073	1,044.1
	2011	660	64,141	1,029.0
	2012	665	63,871	1,041.2
	Total	8,792	861,695	1,020.3
Stephens County, GA (13257)	1999	298	25,270	1,179.3
	2000	322	25,435	1,266.0
	2001	322	25,594	1,258.1
	2002	322	25,625	1,256.6
	2003	306	25,432	1,203.2
	2004	324	25,314	1,279.9
	2005	316	25,332	1,247.4
	2006	307	25,488	1,204.5
	2007	345	25,620	1,346.6
	2008	327	26,004	1,257.5
	2009	342	26,069	1,311.9
	2010	326	26,175	1,245.5
	2011	342	25,818	1,324.7
	2012	383	25,820	1,483.3
	Total	4,582	358,996	1,276.3
Stewart County, GA (13259)	1999	70	5,270	1,328.3
	2000	71	5,252	1,351.9
	2001	67	5,358	1,250.5
	2002	68	5,424	1,253.7
	2003	76	5,472	1,388.9
	2004	65	5,534	1,174.6
	2005	82	5,595	1,465.6
	2006	75	5,627	1,332.9
	2007	72	5,691	1,265.2
	2008	76	5,814	1,307.2
	2009	81	5,968	1,357.2
	2010	71	6,058	1,172.0
	2011	55	6,041	910.4
	2012	74	6,050	1,223.1
	Total	1,003	79,154	1,267.2
Sumter County, GA (13261)	1999	336	32,957	1,019.5
	2000	347	33,200	1,045.2
	2001	328	33,447	980.7
	2002	353	33,362	1,058.1
	2003	383	33,178	1,154.4
	2004	355	32,902	1,079.0
	2005	343	32,622	1,051.4
	2006	329	32,785	1,003.5
	2007	321	32,987	973.1
	2008	301	33,012	911.8
	2009	327	32,724	999.3
	2010	343	32,819	1,045.1
	2011	345	32,100	1,074.8
	2012	316	31,595	1,000.2
	Total	4,727	459,690	1,028.3
Talbot County, GA (13263)	1999	74	6,478	1,142.3
	2000	96	6,498	1,477.4
	2001	84	6,675	1,258.4
	2002	100	6,749	1,481.7
	2003	83	6,696	1,239.5
	2004	73	6,775	1,077.5
	2005	87	6,906	1,259.8
	2006	82	6,959	1,178.3
	2007	94	7,026	1,337.9
	2008	76	6,899	1,101.6
	2009	87	6,873	1,265.8
	2010	73	6,865	1,063.4
	2011	73	6,750	1,081.5
	2012	79	6,534	1,209.1
	Total	1,161	94,683	1,226.2
Taliaferro County, GA (13265)	1999	27	2,050	1,317.1
	2000	33	2,077	1,588.8
	2001	24	2,031	1,181.7
	2002	20	2,040	980.4
	2003	25	1,923	1,300.1
	2004	31	1,903	1,629.0
	2005	35	1,858	1,883.7
	2006	23	1,863	1,234.6
	2007	32	1,851	1,728.8
	2008	25	1,820	1,373.6
	2009	32	1,774	1,803.8
	2010	32	1,717	1,863.7
	2011	29	1,714	1,691.9
	2012	18	1,692	1,063.8 (Unreliable)
	Total	386	26,313	1,467.0
Tattnall County, GA (13267)	1999	222	22,049	1,006.8
	2000	216	22,305	968.4
	2001	206	22,242	926.2
	2002	202	22,276	906.8
	2003	243	22,485	1,080.7
	2004	214	23,034	929.1
	2005	236	23,165	1,018.8
	2006	246	23,417	1,050.5
	2007	221	23,444	942.7
	2008	247	23,801	1,037.8
	2009	239	25,068	953.4
	2010	252	25,520	987.5
	2011	214	25,305	845.7
	2012	207	25,324	817.4
	Total	3,165	329,435	960.7
Taylor County, GA (13269)	1999	105	8,790	1,194.5
	2000	113	8,815	1,281.9
	2001	97	8,756	1,107.8
	2002	111	8,837	1,256.1
	2003	99	8,879	1,115.0
	2004	104	8,918	1,166.2
	2005	108	8,860	1,219.0
	2006	108	8,798	1,227.6
	2007	111	8,868	1,251.7
	2008	83	8,945	927.9
	2009	80	8,854	903.5
	2010	108	8,906	1,212.7
	2011	97	8,480	1,143.9
	2012	83	8,403	987.7
	Total	1,407	123,109	1,142.9
Telfair County, GA (13271)	1999	150	11,747	1,276.9
	2000	135	11,794	1,144.6
	2001	170	12,155	1,398.6
	2002	171	12,347	1,385.0
	2003	171	13,887	1,231.4
	2004	151	14,685	1,028.3
	2005	153	15,070	1,015.3
	2006	154	15,401	999.9
	2007	148	15,932	928.9
	2008	154	16,230	948.9
	2009	144	16,200	888.9
	2010	149	16,500	903.0
	2011	133	16,308	815.6
	2012	168	16,362	1,026.8
	Total	2,151	204,618	1,051.2
Terrell County, GA (13273)	1999	154	10,954	1,405.9
	2000	113	10,970	1,030.1
	2001	124	10,822	1,145.8
	2002	139	10,607	1,310.5
	2003	139	10,641	1,306.3
	2004	136	10,453	1,301.1
	2005	118	10,134	1,164.4
	2006	116	9,969	1,163.6
	2007	125	9,701	1,288.5
	2008	112	9,648	1,160.9
	2009	103	9,596	1,073.4
	2010	89	9,315	955.4
	2011	104	9,213	1,128.8
	2012	114	9,064	1,257.7
	Total	1,686	141,087	1,195.0
Thomas County, GA (13275)	1999	499	42,360	1,178.0
	2000	486	42,737	1,137.2
	2001	522	42,674	1,223.2
	2002	470	42,555	1,104.5
	2003	442	42,956	1,029.0
	2004	450	42,762	1,052.3
	2005	447	43,556	1,026.3
	2006	461	43,901	1,050.1
	2007	475	44,269	1,073.0
	2008	467	44,627	1,046.5
	2009	481	44,689	1,076.3
	2010	529	44,720	1,182.9
	2011	479	44,605	1,073.9
	2012	535	44,555	1,200.8
	Total	6,743	610,966	1,103.7
Tift County, GA (13277)	1999	328	38,234	857.9
	2000	386	38,407	1,005.0
	2001	329	38,133	862.8
	2002	346	38,217	905.4
	2003	361	38,215	944.7
	2004	351	38,622	908.8
	2005	361	38,789	930.7
	2006	356	39,503	901.2
	2007	357	39,720	898.8
	2008	374	39,806	939.6
	2009	372	39,748	935.9
	2010	393	40,118	979.6
	2011	404	41,383	976.2
	2012	358	41,010	873.0
	Total	5,076	549,905	923.1
Toombs County, GA (13279)	1999	292	26,016	1,122.4
	2000	288	26,067	1,104.8
	2001	282	26,040	1,082.9
	2002	272	26,031	1,044.9
	2003	297	26,009	1,141.9
	2004	267	26,166	1,020.4
	2005	292	26,539	1,100.3
	2006	274	26,851	1,020.4
	2007	268	27,185	985.8
	2008	259	27,345	947.2
	2009	297	27,079	1,096.8
	2010	272	27,223	999.2
	2011	322	27,244	1,181.9
	2012	301	27,237	1,105.1
	Total	3,983	373,032	1,067.7
Towns County, GA (13281)	1999	125	9,135	1,368.4
	2000	135	9,319	1,448.7
	2001	121	9,499	1,273.8
	2002	130	9,532	1,363.8
	2003	144	9,745	1,477.7
	2004	142	9,872	1,438.4
	2005	148	9,940	1,488.9
	2006	130	10,281	1,264.5
	2007	140	10,452	1,339.5
	2008	138	10,485	1,316.2
	2009	140	10,444	1,340.5
	2010	164	10,471	1,566.2
	2011	165	10,491	1,572.8
	2012	160	10,516	1,521.5
	Total	1,982	140,182	1,413.9
Treutlen County, GA (13283)	1999	76	6,702	1,134.0
	2000	74	6,854	1,079.7
	2001	79	6,895	1,145.8
	2002	72	6,881	1,046.4
	2003	80	6,924	1,155.4
	2004	79	6,949	1,136.9
	2005	77	6,679	1,152.9
	2006	61	6,771	900.9
	2007	75	6,773	1,107.3
	2008	85	6,847	1,241.4
	2009	85	6,906	1,230.8
	2010	76	6,885	1,103.8
	2011	77	6,820	1,129.0
	2012	71	6,758	1,050.6
	Total	1,067	95,644	1,115.6
Troup County, GA (13285)	1999	633	58,376	1,084.3
	2000	713	58,779	1,213.0
	2001	656	59,844	1,096.2
	2002	666	60,224	1,105.9
	2003	611	60,791	1,005.1
	2004	638	62,001	1,029.0
	2005	660	63,233	1,043.8
	2006	615	63,897	962.5
	2007	598	64,894	921.5
	2008	625	65,860	949.0
	2009	655	66,422	986.1
	2010	643	67,044	959.1
	2011	637	67,776	939.9
	2012	628	68,469	917.2
	Total	8,978	887,610	1,011.5
Turner County, GA (13287)	1999	116	9,460	1,226.2
	2000	105	9,504	1,104.8
	2001	106	9,512	1,114.4
	2002	106	9,514	1,114.1
	2003	107	9,407	1,137.5
	2004	103	9,310	1,106.3
	2005	103	9,245	1,114.1
	2006	97	9,133	1,062.1
	2007	117	9,111	1,284.2
	2008	106	9,029	1,174.0
	2009	101	8,900	1,134.8
	2010	105	8,930	1,175.8
	2011	101	8,833	1,143.4
	2012	87	8,371	1,039.3
	Total	1,460	128,259	1,138.3
Twiggs County, GA (13289)	1999	110	10,548	1,042.9
	2000	104	10,590	982.1
	2001	124	10,418	1,190.2
	2002	102	10,503	971.2
	2003	108	10,461	1,032.4
	2004	114	10,266	1,110.5
	2005	98	9,978	982.2
	2006	104	9,715	1,070.5
	2007	104	9,545	1,089.6
	2008	106	9,442	1,122.6
	2009	121	9,257	1,307.1
	2010	99	9,023	1,097.2
	2011	93	8,819	1,054.5
	2012	86	8,518	1,009.6
	Total	1,473	137,083	1,074.5
Union County, GA (13291)	1999	207	16,858	1,227.9
	2000	217	17,289	1,255.1
	2001	190	17,822	1,066.1
	2002	229	18,349	1,248.0
	2003	254	19,018	1,335.6
	2004	243	19,378	1,254.0
	2005	258	19,856	1,299.4
	2006	286	20,460	1,397.8
	2007	264	20,988	1,257.9
	2008	278	21,285	1,306.1
	2009	222	21,338	1,040.4
	2010	287	21,356	1,343.9
	2011	294	21,340	1,377.7
	2012	295	21,434	1,376.3
	Total	3,524	276,771	1,273.3
Upson County, GA (13293)	1999	335	27,473	1,219.4
	2000	354	27,597	1,282.7
	2001	375	27,788	1,349.5
	2002	367	27,624	1,328.6
	2003	377	27,648	1,363.6
	2004	406	27,514	1,475.6
	2005	354	27,440	1,290.1
	2006	334	27,349	1,221.3
	2007	310	27,423	1,130.4
	2008	349	27,321	1,277.4
	2009	354	27,360	1,293.9
	2010	345	27,153	1,270.6
	2011	311	26,958	1,153.6
	2012	332	26,648	1,245.9
	Total	4,903	383,296	1,279.2
Walker County, GA (13295)	1999	701	60,960	1,149.9
	2000	722	61,053	1,182.6
	2001	686	62,109	1,104.5
	2002	705	62,841	1,121.9
	2003	686	63,478	1,080.7
	2004	665	64,228	1,035.4
	2005	760	65,160	1,166.4
	2006	692	66,343	1,043.1
	2007	690	67,405	1,023.7
	2008	740	68,103	1,086.6
	2009	712	68,612	1,037.7
	2010	755	68,756	1,098.1
	2011	793	68,593	1,156.1
	2012	774	68,107	1,136.4
	Total	10,081	915,748	1,100.8
Walton County, GA (13297)	1999	442	58,160	760.0
	2000	461	60,687	759.6
	2001	497	63,847	778.4
	2002	511	66,103	773.0
	2003	544	68,161	798.1
	2004	562	70,334	799.0
	2005	597	73,696	810.1
	2006	556	77,057	721.5
	2007	515	80,440	640.2
	2008	661	82,602	800.2
	2009	699	83,353	838.6
	2010	796	83,768	950.2
	2011	734	84,201	871.7
	2012	776	84,598	917.3
	Total	8,351	1,037,007	805.3
Ware County, GA (13299)	1999	418	35,570	1,175.1
	2000	406	35,483	1,144.2
	2001	456	35,426	1,287.2
	2002	413	35,203	1,173.2
	2003	438	35,222	1,243.5
	2004	438	34,991	1,251.8
	2005	443	35,011	1,265.3
	2006	450	35,624	1,263.2
	2007	545	36,016	1,513.2
	2008	419	36,065	1,161.8
	2009	409	35,985	1,136.6
	2010	426	36,312	1,173.2
	2011	435	36,180	1,202.3
	2012	448	35,798	1,251.5
	Total	6,144	498,886	1,231.5
Warren County, GA (13301)	1999	93	6,375	1,458.8
	2000	98	6,336	1,546.7
	2001	77	6,356	1,211.5
	2002	97	6,270	1,547.0
	2003	67	6,229	1,075.6
	2004	79	6,195	1,275.2
	2005	101	6,153	1,641.5
	2006	67	6,038	1,109.6
	2007	87	5,981	1,454.6
	2008	80	5,942	1,346.3
	2009	84	5,914	1,420.4
	2010	85	5,834	1,457.0
	2011	59	5,702	1,034.7
	2012	77	5,561	1,384.6
	Total	1,151	84,886	1,355.9
Washington County, GA (13303)	1999	229	21,026	1,089.1
	2000	213	21,176	1,005.9
	2001	251	21,170	1,185.6
	2002	213	21,000	1,014.3
	2003	218	21,110	1,032.7
	2004	232	21,088	1,100.2
	2005	227	20,155	1,126.3
	2006	229	20,805	1,100.7
	2007	234	21,155	1,106.1
	2008	289	21,202	1,363.1
	2009	208	21,240	979.3
	2010	221	21,187	1,043.1
	2011	207	21,014	985.1
	2012	185	20,863	886.7
	Total	3,156	294,191	1,072.8
Wayne County, GA (13305)	1999	239	26,340	907.4
	2000	237	26,565	892.2
	2001	262	26,888	974.4
	2002	247	27,308	904.5
	2003	303	27,860	1,087.6
	2004	245	28,227	868.0
	2005	279	28,522	978.2
	2006	282	28,929	974.8
	2007	301	29,421	1,023.1
	2008	293	30,042	975.3
	2009	294	30,016	979.5
	2010	295	30,099	980.1
	2011	279	30,354	919.2
	2012	309	30,370	1,017.5
	Total	3,865	400,941	964.0
Webster County, GA (13307)	1999	35	2,368	1,478.0
	2000	33	2,390	1,380.8
	2001	22	2,369	928.7
	2002	38	2,389	1,590.6
	2003	23	2,488	924.4
	2004	26	2,549	1,020.0
	2005	24	2,576	931.7
	2006	28	2,630	1,064.6
	2007	24	2,735	877.5
	2008	22	2,710	811.8
	2009	17	2,772	613.3 (Unreliable)
	2010	17	2,799	607.4 (Unreliable)
	2011	23	2,791	824.1
	2012	14	2,785	502.7 (Unreliable)
	Total	346	36,351	951.8
Wheeler County, GA (13309)	1999	65	6,111	1,063.7
	2000	66	6,179	1,068.1
	2001	57	6,697	851.1
	2002	59	6,584	896.1
	2003	47	6,576	714.7
	2004	68	6,500	1,046.2
	2005	52	6,701	776.0
	2006	47	6,954	675.9
	2007	67	6,918	968.5
	2008	71	7,018	1,011.7
	2009	75	7,150	1,049.0
	2010	41	7,421	552.5
	2011	75	8,033	933.6
	2012	61	7,884	773.7
	Total	851	96,726	879.8
White County, GA (13311)	1999	206	19,303	1,067.2
	2000	190	19,944	952.7
	2001	190	21,124	899.5
	2002	224	22,281	1,005.3
	2003	195	23,178	841.3
	2004	253	24,015	1,053.5
	2005	207	24,690	838.4
	2006	231	25,575	903.2
	2007	232	26,173	886.4
	2008	248	26,626	931.4
	2009	244	26,949	905.4
	2010	269	27,144	991.0
	2011	241	27,409	879.3
	2012	248	27,601	898.5
	Total	3,178	342,012	929.2
Whitfield County, GA (13313)	1999	692	82,505	838.7
	2000	712	83,525	852.4
	2001	683	86,332	791.1
	2002	707	88,041	803.0
	2003	747	89,478	834.8
	2004	697	91,842	758.9
	2005	727	94,162	772.1
	2006	733	96,408	760.3
	2007	784	98,654	794.7
	2008	715	100,546	711.1
	2009	720	101,009	712.8
	2010	793	102,599	772.9
	2011	756	102,971	734.2
	2012	854	103,094	828.4
	Total	10,320	1,321,166	781.1
Wilcox County, GA (13315)	1999	96	8,515	1,127.4
	2000	93	8,577	1,084.3
	2001	83	8,868	935.9
	2002	94	8,766	1,072.3
	2003	92	8,837	1,041.1
	2004	129	8,882	1,452.4
	2005	94	8,789	1,069.5
	2006	92	8,868	1,037.4
	2007	93	8,889	1,046.2
	2008	105	9,023	1,163.7
	2009	105	9,156	1,146.8
	2010	133	9,255	1,437.1
	2011	96	9,150	1,049.2
	2012	100	9,013	1,109.5
	Total	1,405	124,588	1,127.7
Wilkes County, GA (13317)	1999	136	10,708	1,270.1
	2000	142	10,687	1,328.7
	2001	157	10,658	1,473.1
	2002	137	10,695	1,281.0
	2003	131	10,736	1,220.2
	2004	148	10,613	1,394.5
	2005	138	10,553	1,307.7
	2006	130	10,586	1,228.0
	2007	128	10,524	1,216.3
	2008	127	10,630	1,194.7
	2009	142	10,571	1,343.3
	2010	155	10,593	1,463.2
	2011	125	10,197	1,225.9
	2012	168	10,060	1,670.0
	Total	1,964	147,811	1,328.7
Wilkinson County, GA (13319)	1999	100	10,212	979.2
	2000	107	10,220	1,047.0
	2001	118	10,227	1,153.8
	2002	102	10,126	1,007.3
	2003	129	10,040	1,284.9
	2004	104	9,968	1,043.3
	2005	92	9,881	931.1
	2006	92	9,793	939.4
	2007	112	9,750	1,148.7
	2008	109	9,691	1,124.8
	2009	108	9,652	1,118.9
	2010	106	9,563	1,108.4
	2011	124	9,459	1,310.9
	2012	96	9,542	1,006.1
	Total	1,499	138,124	1,085.3
Worth County, GA (13321)	1999	207	22,067	938.1
	2000	206	21,967	937.8
	2001	186	22,019	844.7
	2002	203	21,873	928.1
	2003	182	21,874	832.0
	2004	239	21,873	1,092.7
	2005	190	21,670	876.8
	2006	213	21,783	977.8
	2007	250	21,646	1,154.9
	2008	195	21,701	898.6
	2009	198	21,799	908.3
	2010	180	21,679	830.3
	2011	219	21,874	1,001.2
	2012	209	21,751	960.9
	Total	2,877	305,576	941.5
Total		945,713	126,480,649	747.7
