
                        
                      	Year	
                        
                      	
                        
                      	
                        
                      
Atlantic County, NJ (34001)	1999	2,398	250,432	957.5
	2000	2,537	252,552	1,004.5
	2001	2,646	255,737	1,034.7
	2002	2,793	259,263	1,077.3
	2003	2,778	263,285	1,055.1
	2004	2,732	267,723	1,020.5
	2005	2,700	270,332	998.8
	2006	2,613	271,759	961.5
	2007	2,419	272,303	888.3
	2008	2,531	273,014	927.1
	2009	2,536	274,049	925.4
	2010	2,496	274,549	909.1
	2011	2,570	274,794	935.2
	2012	2,543	275,362	923.5
	Total	36,292	3,735,154	971.6
Bergen County, NJ (34003)	1999	7,625	880,225	866.3
	2000	7,703	884,118	871.3
	2001	7,643	888,782	859.9
	2002	7,632	890,647	856.9
	2003	7,466	892,214	836.8
	2004	7,297	893,378	816.8
	2005	7,144	891,446	801.4
	2006	6,975	889,406	784.2
	2007	7,066	890,817	793.2
	2008	7,031	895,328	785.3
	2009	6,628	900,319	736.2
	2010	6,867	905,116	758.7
	2011	6,917	912,808	757.8
	2012	7,096	919,010	772.1
	Total	101,090	12,533,614	806.6
Burlington County, NJ (34005)	1999	3,519	420,542	836.8
	2000	3,559	423,394	840.6
	2001	3,614	429,727	841.0
	2002	3,786	436,445	867.5
	2003	3,794	442,434	857.5
	2004	3,637	446,548	814.5
	2005	3,786	447,245	846.5
	2006	3,560	448,373	794.0
	2007	3,645	447,560	814.4
	2008	3,612	446,831	808.4
	2009	3,566	447,391	797.1
	2010	3,647	448,734	812.7
	2011	3,773	450,750	837.0
	2012	3,762	451,626	833.0
	Total	51,260	6,187,600	828.4
Camden County, NJ (34007)	1999	4,713	509,410	925.2
	2000	4,825	508,932	948.1
	2001	4,696	506,326	927.5
	2002	4,798	507,899	944.7
	2003	4,816	508,563	947.0
	2004	4,672	510,137	915.8
	2005	4,642	511,982	906.7
	2006	4,627	513,195	901.6
	2007	4,441	513,546	864.8
	2008	4,586	513,853	892.5
	2009	4,375	513,668	851.7
	2010	4,450	513,657	866.3
	2011	4,497	513,668	875.5
	2012	4,457	513,689	867.6
	Total	64,595	7,158,525	902.4
Cape May County, NJ (34009)	1999	1,295	102,135	1,267.9
	2000	1,361	102,326	1,330.1
	2001	1,381	102,023	1,353.6
	2002	1,301	101,694	1,279.3
	2003	1,331	101,710	1,308.6
	2004	1,275	100,482	1,268.9
	2005	1,388	99,269	1,398.2
	2006	1,286	98,695	1,303.0
	2007	1,215	97,686	1,243.8
	2008	1,275	97,550	1,307.0
	2009	1,280	97,238	1,316.4
	2010	1,227	97,265	1,261.5
	2011	1,255	96,603	1,299.1
	2012	1,320	96,415	1,369.1
	Total	18,190	1,391,091	1,307.6
Cumberland County, NJ (34011)	1999	1,490	146,293	1,018.5
	2000	1,531	146,438	1,045.5
	2001	1,567	146,451	1,070.0
	2002	1,473	147,294	1,000.0
	2003	1,549	148,437	1,043.5
	2004	1,541	149,837	1,028.5
	2005	1,622	152,022	1,067.0
	2006	1,411	153,371	920.0
	2007	1,385	154,489	896.5
	2008	1,405	155,738	902.2
	2009	1,381	156,531	882.3
	2010	1,420	156,898	905.0
	2011	1,416	157,724	897.8
	2012	1,413	157,917	894.8
	Total	20,604	2,129,440	967.6
Essex County, NJ (34013)	1999	7,311	789,678	925.8
	2000	7,294	793,633	919.1
	2001	7,196	794,312	905.9
	2002	7,003	795,625	880.2
	2003	6,892	795,167	866.7
	2004	6,545	791,305	827.1
	2005	6,482	786,341	824.3
	2006	6,275	781,027	803.4
	2007	6,244	778,996	801.5
	2008	6,179	778,165	794.0
	2009	5,763	781,943	737.0
	2010	5,974	783,969	762.0
	2011	5,937	786,337	755.0
	2012	5,729	786,943	728.0
	Total	90,824	11,023,441	823.9
Gloucester County, NJ (34015)	1999	2,083	252,536	824.8
	2000	2,160	254,673	848.1
	2001	2,252	258,783	870.2
	2002	2,381	262,909	905.6
	2003	2,411	267,445	901.5
	2004	2,346	271,714	863.4
	2005	2,539	275,122	922.9
	2006	2,368	280,015	845.7
	2007	2,250	284,086	792.0
	2008	2,330	286,072	814.5
	2009	2,333	287,362	811.9
	2010	2,349	288,288	814.8
	2011	2,416	289,437	834.7
	2012	2,461	289,808	849.2
	Total	32,679	3,848,250	849.2
Hudson County, NJ (34017)	1999	4,816	603,993	797.4
	2000	4,796	608,975	787.6
	2001	4,751	616,629	770.5
	2002	4,576	615,554	743.4
	2003	4,399	614,813	715.5
	2004	4,281	614,607	696.5
	2005	4,303	614,664	700.1
	2006	4,235	613,577	690.2
	2007	3,930	613,637	640.4
	2008	3,961	619,533	639.4
	2009	3,781	628,572	601.5
	2010	3,755	634,266	592.0
	2011	3,876	645,113	600.8
	2012	3,748	653,369	573.6
	Total	59,208	8,697,302	680.8
Hunterdon County, NJ (34019)	1999	771	120,689	638.8
	2000	802	121,989	657.4
	2001	815	124,500	654.6
	2002	843	125,892	669.6
	2003	792	126,935	623.9
	2004	764	127,583	598.8
	2005	829	128,072	647.3
	2006	818	128,535	636.4
	2007	807	128,568	627.7
	2008	837	128,449	651.6
	2009	788	128,364	613.9
	2010	836	128,349	651.3
	2011	781	126,946	615.2
	2012	881	126,319	697.4
	Total	11,364	1,771,190	641.6
Mercer County, NJ (34021)	1999	2,958	348,435	848.9
	2000	3,091	350,761	881.2
	2001	3,032	353,816	856.9
	2002	2,819	355,935	792.0
	2003	2,929	358,724	816.5
	2004	2,646	361,248	732.5
	2005	2,726	362,015	753.0
	2006	2,903	362,840	800.1
	2007	2,894	363,088	797.1
	2008	2,889	364,119	793.4
	2009	2,728	365,388	746.6
	2010	2,847	366,513	776.8
	2011	2,847	367,812	774.0
	2012	2,771	368,832	751.3
	Total	40,080	5,049,526	793.7
Middlesex County, NJ (34023)	1999	5,809	742,213	782.7
	2000	5,883	750,162	784.2
	2001	5,667	761,770	743.9
	2002	5,531	769,280	719.0
	2003	5,455	775,973	703.0
	2004	5,421	781,582	693.6
	2005	5,284	787,329	671.1
	2006	5,475	786,890	695.8
	2007	5,458	792,137	689.0
	2008	5,541	799,191	693.3
	2009	5,540	805,204	688.0
	2010	5,550	809,858	685.3
	2011	5,647	816,683	691.5
	2012	5,570	823,196	676.6
	Total	77,831	11,001,468	707.5
Monmouth County, NJ (34025)	1999	5,364	610,811	878.2
	2000	5,425	615,301	881.7
	2001	5,523	620,563	890.0
	2002	5,296	624,532	848.0
	2003	5,422	627,413	864.2
	2004	5,215	628,605	829.6
	2005	5,285	627,838	841.8
	2006	5,173	626,934	825.1
	2007	5,184	626,644	827.3
	2008	5,312	627,348	846.7
	2009	5,184	628,669	824.6
	2010	5,233	630,380	830.1
	2011	5,345	630,198	848.1
	2012	5,353	629,393	850.5
	Total	74,314	8,754,629	848.9
Morris County, NJ (34027)	1999	3,488	467,678	745.8
	2000	3,527	470,212	750.1
	2001	3,519	473,515	743.2
	2002	3,501	477,234	733.6
	2003	3,469	481,000	721.2
	2004	3,272	483,997	676.0
	2005	3,645	485,472	750.8
	2006	3,347	487,486	686.6
	2007	3,429	488,355	702.2
	2008	3,419	489,743	698.1
	2009	3,341	490,779	680.8
	2010	3,541	492,276	719.3
	2011	3,604	495,744	727.0
	2012	3,651	497,632	733.7
	Total	48,753	6,781,123	719.0
Ocean County, NJ (34029)	1999	6,882	504,007	1,365.5
	2000	6,874	510,916	1,345.4
	2001	7,069	523,357	1,350.7
	2002	7,049	536,069	1,314.9
	2003	6,939	545,093	1,273.0
	2004	6,898	551,262	1,251.3
	2005	6,711	556,012	1,207.0
	2006	6,748	561,302	1,202.2
	2007	6,840	565,356	1,209.9
	2008	6,766	569,485	1,188.1
	2009	6,836	573,123	1,192.8
	2010	6,964	576,567	1,207.8
	2011	7,131	579,310	1,230.9
	2012	7,182	580,945	1,236.3
	Total	96,889	7,732,804	1,253.0
Passaic County, NJ (34031)	1999	4,165	488,131	853.3
	2000	4,028	489,049	823.6
	2001	3,990	493,252	808.9
	2002	4,050	494,571	818.9
	2003	4,051	494,915	818.5
	2004	3,956	493,981	800.8
	2005	3,771	493,600	764.0
	2006	3,713	492,730	753.6
	2007	3,668	492,886	744.2
	2008	3,683	494,904	744.2
	2009	3,445	498,641	690.9
	2010	3,565	501,226	711.3
	2011	3,597	503,508	714.4
	2012	3,635	504,245	720.9
	Total	53,317	6,935,639	768.7
Salem County, NJ (34033)	1999	716	64,483	1,110.4
	2000	707	64,285	1,099.8
	2001	721	64,069	1,125.3
	2002	683	64,434	1,060.0
	2003	714	64,345	1,109.6
	2004	699	64,835	1,078.1
	2005	745	65,388	1,139.4
	2006	738	65,831	1,121.1
	2007	692	65,864	1,050.6
	2008	740	65,974	1,121.7
	2009	706	66,183	1,066.7
	2010	677	66,083	1,024.5
	2011	742	66,060	1,123.2
	2012	684	65,727	1,040.7
	Total	9,964	913,561	1,090.7
Somerset County, NJ (34035)	1999	1,980	293,770	674.0
	2000	2,072	297,490	696.5
	2001	2,054	301,671	680.9
	2002	2,078	305,255	680.7
	2003	2,121	307,902	688.9
	2004	2,045	310,424	658.8
	2005	2,040	312,617	652.6
	2006	2,034	314,993	645.7
	2007	2,144	317,128	676.1
	2008	1,996	318,856	626.0
	2009	2,149	321,564	668.3
	2010	2,120	323,444	655.4
	2011	2,163	326,466	662.5
	2012	2,251	328,246	685.8
	Total	29,247	4,379,826	667.8
Sussex County, NJ (34037)	1999	984	142,750	689.3
	2000	1,029	144,166	713.8
	2001	1,003	146,004	687.0
	2002	982	147,712	664.8
	2003	1,053	149,260	705.5
	2004	1,012	149,906	675.1
	2005	1,069	150,192	711.8
	2006	1,009	150,508	670.4
	2007	984	150,600	653.4
	2008	1,011	150,145	673.3
	2009	1,104	149,487	738.5
	2010	1,120	149,265	750.3
	2011	1,092	148,157	737.1
	2012	1,134	147,192	770.4
	Total	14,586	2,075,344	702.8
Union County, NJ (34039)	1999	4,771	520,341	916.9
	2000	4,686	522,541	896.8
	2001	4,717	526,183	896.5
	2002	4,531	527,625	858.8
	2003	4,388	527,611	831.7
	2004	4,197	526,916	796.5
	2005	4,353	526,161	827.3
	2006	4,156	525,153	791.4
	2007	4,028	524,960	767.3
	2008	4,003	527,528	758.8
	2009	3,942	532,434	740.4
	2010	3,947	536,499	735.7
	2011	3,996	540,311	739.6
	2012	3,906	544,102	717.9
	Total	59,621	7,408,365	804.8
Warren County, NJ (34041)	1999	843	101,040	834.3
	2000	910	102,437	888.4
	2001	854	105,201	811.8
	2002	903	106,774	845.7
	2003	920	108,163	850.6
	2004	920	108,491	848.0
	2005	899	108,855	825.9
	2006	892	109,059	817.9
	2007	939	109,179	860.1
	2008	919	109,264	841.1
	2009	871	108,693	801.3
	2010	910	108,692	837.2
	2011	956	108,210	883.5
	2012	987	107,781	915.7
	Total	12,723	1,501,839	847.2
Total		1,003,431	121,009,731	829.2
