
                        
                      	Year	
                        
                      	
                        
                      	
                        
                      
Acadia Parish, LA (22001)	1999	567	58,762	964.9
	2000	599	58,861	1,017.7
	2001	644	58,844	1,094.4
	2002	610	59,065	1,032.8
	2003	606	59,194	1,023.8
	2004	605	59,223	1,021.6
	2005	680	59,524	1,142.4
	2006	644	60,522	1,064.1
	2007	664	60,762	1,092.8
	2008	596	61,115	975.2
	2009	606	61,451	986.2
	2010	639	61,773	1,034.4
	2011	694	61,797	1,123.0
	2012	640	61,923	1,033.5
	Total	8,794	842,816	1,043.4
Allen Parish, LA (22003) ‡	1999	222	25,364	875.3
	2000	246	25,440	967.0
	2001	220	25,399	866.2
	2002	221	25,194	877.2
	2003	242	25,327	955.5
	2004	247	25,338	974.8
	2005	269	25,076	1,072.7
	2006	73	25,692	284.1
	2007	26	25,937	100.2
	2008	93	25,854	359.7
	2009	229	25,863	885.4
	2010	235	25,764	912.1
	2011	251	25,699	976.7
	2012	230	25,533	900.8
	Total	2,804	357,480	784.4
Ascension Parish, LA (22005)	1999	497	74,662	665.7
	2000	478	76,627	623.8
	2001	507	79,210	640.1
	2002	537	81,379	659.9
	2003	576	83,967	686.0
	2004	543	86,352	628.8
	2005	543	89,741	605.1
	2006	588	96,421	609.8
	2007	657	100,132	656.1
	2008	648	102,891	629.8
	2009	663	105,172	630.4
	2010	623	107,215	581.1
	2011	640	110,042	581.6
	2012	650	112,126	579.7
	Total	8,150	1,305,937	624.1
Assumption Parish, LA (22007)	1999	211	23,372	902.8
	2000	189	23,388	808.1
	2001	202	23,194	870.9
	2002	200	23,210	861.7
	2003	202	23,262	868.4
	2004	194	23,319	831.9
	2005	203	23,199	875.0
	2006	175	23,477	745.4
	2007	204	23,543	866.5
	2008	241	23,534	1,024.1
	2009	207	23,508	880.6
	2010	202	23,421	862.5
	2011	221	23,193	952.9
	2012	205	23,099	887.5
	Total	2,856	326,719	874.1
Avoyelles Parish, LA (22009)	1999	516	41,373	1,247.2
	2000	481	41,481	1,159.6
	2001	464	41,274	1,124.2
	2002	517	41,233	1,253.9
	2003	462	41,446	1,114.7
	2004	502	41,271	1,216.4
	2005	526	41,036	1,281.8
	2006	466	42,080	1,107.4
	2007	464	41,809	1,109.8
	2008	463	42,040	1,101.3
	2009	445	42,034	1,058.7
	2010	491	42,073	1,167.0
	2011	498	41,820	1,190.8
	2012	531	41,569	1,277.4
	Total	6,826	582,539	1,171.8
Beauregard Parish, LA (22011)	1999	316	32,649	967.9
	2000	300	32,986	909.5
	2001	326	33,001	987.8
	2002	305	33,000	924.2
	2003	308	33,221	927.1
	2004	330	33,614	981.7
	2005	365	34,130	1,069.4
	2006	356	34,510	1,031.6
	2007	347	34,623	1,002.2
	2008	347	34,893	994.5
	2009	350	35,142	996.0
	2010	321	35,654	900.3
	2011	314	36,070	870.5
	2012	329	36,240	907.8
	Total	4,614	479,733	961.8
Bienville Parish, LA (22013)	1999	215	15,813	1,359.6
	2000	233	15,752	1,479.2
	2001	225	15,400	1,461.0
	2002	236	15,279	1,544.6
	2003	226	15,077	1,499.0
	2004	232	15,017	1,544.9
	2005	203	14,852	1,366.8
	2006	214	14,773	1,448.6
	2007	212	14,699	1,442.3
	2008	214	14,494	1,476.5
	2009	194	14,435	1,344.0
	2010	211	14,353	1,470.1
	2011	207	14,239	1,453.8
	2012	213	14,156	1,504.7
	Total	3,035	208,339	1,456.8
Bossier Parish, LA (22015)	1999	790	97,284	812.1
	2000	776	98,310	789.3
	2001	774	100,986	766.4
	2002	797	102,227	779.6
	2003	855	103,088	829.4
	2004	860	105,435	815.7
	2005	845	107,477	786.2
	2006	848	110,606	766.7
	2007	832	112,048	742.5
	2008	829	113,824	728.3
	2009	903	115,187	783.9
	2010	936	116,979	800.1
	2011	920	120,061	766.3
	2012	925	123,074	751.6
	Total	11,890	1,526,586	778.9
Caddo Parish, LA (22017)	1999	2,556	251,876	1,014.8
	2000	2,631	252,161	1,043.4
	2001	2,720	249,815	1,088.8
	2002	2,624	248,753	1,054.9
	2003	2,694	248,346	1,084.8
	2004	2,614	249,157	1,049.1
	2005	2,712	249,593	1,086.6
	2006	2,650	252,740	1,048.5
	2007	2,671	251,760	1,060.9
	2008	2,743	251,953	1,088.7
	2009	2,601	253,245	1,027.1
	2010	2,672	254,969	1,048.0
	2011	2,650	256,905	1,031.5
	2012	2,782	257,091	1,082.1
	Total	37,320	3,528,364	1,057.7
Calcasieu Parish, LA (22019)	1999	1,702	183,417	927.9
	2000	1,684	183,577	917.3
	2001	1,753	183,296	956.4
	2002	1,705	183,487	929.2
	2003	1,761	184,701	953.4
	2004	1,833	185,593	987.6
	2005	1,902	186,417	1,020.3
	2006	1,830	185,350	987.3
	2007	1,844	187,081	985.7
	2008	1,900	188,928	1,005.7
	2009	1,788	191,080	935.7
	2010	1,907	192,768	989.3
	2011	1,791	193,691	924.7
	2012	1,869	194,323	961.8
	Total	25,269	2,623,709	963.1
Caldwell Parish, LA (22021)	1999	114	10,540	1,081.6
	2000	112	10,560	1,060.6
	2001	120	10,429	1,150.6
	2002	105	10,429	1,006.8
	2003	139	10,352	1,342.7
	2004	126	10,382	1,213.6
	2005	129	10,247	1,258.9
	2006	118	10,224	1,154.1
	2007	125	10,189	1,226.8
	2008	144	10,224	1,408.5
	2009	127	10,185	1,246.9
	2010	120	10,132	1,184.4
	2011	143	10,084	1,418.1
	2012	126	10,029	1,256.4
	Total	1,748	144,006	1,213.8
Cameron Parish, LA (22023)	1999	85	9,991	850.8
	2000	65	9,991	650.6
	2001	81	9,875	820.3
	2002	68	9,834	691.5
	2003	68	9,851	690.3
	2004	79	9,851	801.9
	2005	75	9,846	761.7
	2006	57	7,719	738.4
	2007	50	7,517	665.2
	2008	52	7,434	699.5
	2009	56	6,930	808.1
	2010	42	6,839	614.1
	2011	39	6,795	574.0
	2012	41	6,682	613.6
	Total	858	119,155	720.1
Catahoula Parish, LA (22025)	1999	120	10,956	1,095.3
	2000	106	10,920	970.7
	2001	139	10,767	1,291.0
	2002	138	10,635	1,297.6
	2003	114	10,542	1,081.4
	2004	130	10,448	1,244.3
	2005	123	10,258	1,199.1
	2006	115	10,423	1,103.3
	2007	120	10,481	1,144.9
	2008	135	10,567	1,277.6
	2009	131	10,471	1,251.1
	2010	123	10,407	1,181.9
	2011	122	10,321	1,182.1
	2012	131	10,249	1,278.2
	Total	1,747	147,445	1,184.8
Claiborne Parish, LA (22027)	1999	192	16,975	1,131.1
	2000	245	16,851	1,453.9
	2001	215	16,810	1,279.0
	2002	194	16,728	1,159.7
	2003	201	16,825	1,194.7
	2004	185	16,855	1,097.6
	2005	208	16,908	1,230.2
	2006	169	17,109	987.8
	2007	208	17,149	1,212.9
	2008	205	17,169	1,194.0
	2009	183	17,230	1,062.1
	2010	187	17,195	1,087.5
	2011	195	16,956	1,150.0
	2012	187	16,832	1,111.0
	Total	2,774	237,592	1,167.5
Concordia Parish, LA (22029)	1999	225	20,348	1,105.8
	2000	198	20,247	977.9
	2001	217	20,134	1,077.8
	2002	211	20,132	1,048.1
	2003	209	20,074	1,041.1
	2004	215	19,972	1,076.5
	2005	260	19,885	1,307.5
	2006	257	20,315	1,265.1
	2007	223	20,244	1,101.6
	2008	277	20,420	1,356.5
	2009	230	20,726	1,109.7
	2010	244	20,822	1,171.8
	2011	219	20,822	1,051.8
	2012	233	20,434	1,140.3
	Total	3,218	284,575	1,130.8
De Soto Parish, LA (22031)	1999	309	25,447	1,214.3
	2000	300	25,494	1,176.7
	2001	274	25,449	1,076.7
	2002	279	25,598	1,089.9
	2003	315	25,675	1,226.9
	2004	274	25,958	1,055.6
	2005	301	26,029	1,156.4
	2006	290	26,175	1,107.9
	2007	273	26,413	1,033.6
	2008	314	26,590	1,180.9
	2009	271	26,413	1,026.0
	2010	279	26,656	1,046.7
	2011	279	26,804	1,040.9
	2012	292	27,033	1,080.2
	Total	4,050	365,734	1,107.4
East Baton Rouge Parish, LA (22033)	1999	3,232	412,110	784.3
	2000	3,204	412,852	776.1
	2001	3,296	411,666	800.6
	2002	3,433	411,024	835.2
	2003	3,352	412,553	812.5
	2004	3,361	414,162	811.5
	2005	3,501	413,812	846.0
	2006	3,651	433,474	842.3
	2007	3,476	433,344	802.1
	2008	3,605	433,723	831.2
	2009	3,496	437,623	798.9
	2010	3,505	440,171	796.3
	2011	3,448	441,523	780.9
	2012	3,729	444,275	839.3
	Total	48,289	5,952,312	811.3
East Carroll Parish, LA (22035)	1999	103	9,426	1,092.7
	2000	122	9,421	1,295.0
	2001	90	9,136	985.1
	2002	99	8,911	1,111.0
	2003	107	8,750	1,222.9
	2004	106	8,588	1,234.3
	2005	90	8,374	1,074.8
	2006	96	8,188	1,172.4
	2007	98	8,102	1,209.6
	2008	94	7,939	1,184.0
	2009	82	7,862	1,043.0
	2010	85	7,759	1,095.5
	2011	71	7,671	925.6
	2012	87	7,572	1,149.0
	Total	1,330	117,699	1,130.0
East Feliciana Parish, LA (22037)	1999	222	21,272	1,043.6
	2000	211	21,360	987.8
	2001	224	20,978	1,067.8
	2002	229	20,667	1,108.0
	2003	234	20,502	1,141.4
	2004	243	20,266	1,199.1
	2005	234	20,093	1,164.6
	2006	226	20,559	1,099.3
	2007	219	20,432	1,071.8
	2008	233	20,415	1,141.3
	2009	209	20,487	1,020.2
	2010	193	20,267	952.3
	2011	220	20,162	1,091.2
	2012	246	19,998	1,230.1
	Total	3,143	287,458	1,093.4
Evangeline Parish, LA (22039)	1999	385	35,396	1,087.7
	2000	408	35,434	1,151.4
	2001	392	35,155	1,115.1
	2002	388	34,894	1,111.9
	2003	379	34,513	1,098.1
	2004	403	34,399	1,171.5
	2005	412	34,532	1,193.1
	2006	353	34,839	1,013.2
	2007	366	34,873	1,049.5
	2008	385	34,316	1,121.9
	2009	362	34,078	1,062.3
	2010	375	33,984	1,103.5
	2011	348	33,790	1,029.9
	2012	363	33,558	1,081.7
	Total	5,319	483,761	1,099.5
Franklin Parish, LA (22041)	1999	285	21,279	1,339.3
	2000	285	21,263	1,340.4
	2001	307	21,070	1,457.0
	2002	236	20,939	1,127.1
	2003	286	20,942	1,365.7
	2004	266	20,895	1,273.0
	2005	268	20,660	1,297.2
	2006	247	20,685	1,194.1
	2007	246	20,740	1,186.1
	2008	247	20,758	1,189.9
	2009	261	20,677	1,262.3
	2010	276	20,767	1,329.0
	2011	256	20,788	1,231.5
	2012	285	20,622	1,382.0
	Total	3,751	292,085	1,284.2
Grant Parish, LA (22043)	1999	204	18,699	1,091.0
	2000	214	18,698	1,144.5
	2001	182	18,896	963.2
	2002	201	19,133	1,050.5
	2003	195	19,420	1,004.1
	2004	196	19,878	986.0
	2005	211	20,386	1,035.0
	2006	196	21,039	931.6
	2007	238	21,268	1,119.1
	2008	209	21,657	965.0
	2009	189	22,069	856.4
	2010	177	22,309	793.4
	2011	211	22,083	955.5
	2012	236	22,062	1,069.7
	Total	2,859	287,597	994.1
Iberia Parish, LA (22045)	1999	667	73,243	910.7
	2000	602	73,266	821.7
	2001	685	72,993	938.4
	2002	649	72,862	890.7
	2003	682	72,760	937.3
	2004	646	72,590	889.9
	2005	694	72,641	955.4
	2006	688	73,362	937.8
	2007	706	73,482	960.8
	2008	739	73,522	1,005.1
	2009	703	73,372	958.1
	2010	697	73,240	951.7
	2011	706	73,471	960.9
	2012	672	73,766	911.0
	Total	9,536	1,024,570	930.7
Iberville Parish, LA (22047)	1999	299	33,191	900.8
	2000	319	33,320	957.4
	2001	310	33,327	930.2
	2002	339	33,242	1,019.8
	2003	329	33,042	995.7
	2004	343	32,717	1,048.4
	2005	367	32,697	1,122.4
	2006	301	33,519	898.0
	2007	292	33,603	869.0
	2008	261	33,685	774.8
	2009	270	33,393	808.6
	2010	284	33,387	850.6
	2011	272	33,353	815.5
	2012	329	33,303	987.9
	Total	4,315	465,779	926.4
Jackson Parish, LA (22049)	1999	200	15,398	1,298.9
	2000	192	15,397	1,247.0
	2001	227	15,517	1,462.9
	2002	216	15,470	1,396.3
	2003	214	15,575	1,374.0
	2004	192	15,650	1,226.8
	2005	206	15,674	1,314.3
	2006	167	15,950	1,047.0
	2007	180	15,922	1,130.5
	2008	202	16,105	1,254.3
	2009	199	16,118	1,234.6
	2010	190	16,274	1,167.5
	2011	168	16,344	1,027.9
	2012	177	16,214	1,091.6
	Total	2,730	221,608	1,231.9
Jefferson Parish, LA (22051)	1999	4,059	457,571	887.1
	2000	4,083	455,466	896.4
	2001	4,117	453,154	908.5
	2002	4,260	453,429	939.5
	2003	4,155	454,533	914.1
	2004	4,122	456,602	902.8
	2005	4,382	456,554	959.8
	2006	3,892	426,285	913.0
	2007	4,005	432,683	925.6
	2008	3,998	431,759	926.0
	2009	3,912	431,921	905.7
	2010	3,983	432,552	920.8
	2011	4,010	433,848	924.3
	2012	4,103	434,123	945.1
	Total	57,081	6,210,480	919.1
Jefferson Davis Parish, LA (22053)	1999	355	31,525	1,126.1
	2000	343	31,435	1,091.1
	2001	325	31,232	1,040.6
	2002	328	31,113	1,054.2
	2003	325	31,091	1,045.3
	2004	321	31,076	1,033.0
	2005	363	31,202	1,163.4
	2006	339	31,489	1,076.6
	2007	336	31,379	1,070.8
	2008	382	31,497	1,212.8
	2009	383	31,530	1,214.7
	2010	359	31,594	1,136.3
	2011	358	31,580	1,133.6
	2012	347	31,439	1,103.7
	Total	4,864	439,182	1,107.5
Lafayette Parish, LA (22055)	1999	1,430	190,049	752.4
	2000	1,370	190,503	719.1
	2001	1,383	191,725	721.3
	2002	1,424	194,565	731.9
	2003	1,483	196,710	753.9
	2004	1,424	199,338	714.4
	2005	1,492	202,053	738.4
	2006	1,539	209,424	734.9
	2007	1,626	211,826	767.6
	2008	1,602	215,139	744.6
	2009	1,559	219,466	710.4
	2010	1,632	221,578	736.5
	2011	1,623	224,247	723.8
	2012	1,719	226,886	757.6
	Total	21,306	2,893,509	736.3
Lafourche Parish, LA (22057)	1999	692	90,062	768.4
	2000	711	89,974	790.2
	2001	737	90,105	817.9
	2002	735	90,994	807.7
	2003	766	91,899	833.5
	2004	705	92,580	761.5
	2005	797	92,656	860.2
	2006	777	94,385	823.2
	2007	784	94,745	827.5
	2008	815	95,603	852.5
	2009	778	96,080	809.7
	2010	817	96,318	848.2
	2011	841	96,919	867.7
	2012	815	96,965	840.5
	Total	10,770	1,309,285	822.6
La Salle Parish, LA (22059)	1999	160	14,219	1,125.3
	2000	184	14,282	1,288.3
	2001	165	14,207	1,161.4
	2002	160	14,359	1,114.3
	2003	171	14,356	1,191.1
	2004	180	14,366	1,253.0
	2005	182	14,313	1,271.6
	2006	162	14,519	1,115.8
	2007	160	14,570	1,098.1
	2008	154	14,667	1,050.0
	2009	168	14,717	1,141.5
	2010	158	14,890	1,061.1
	2011	171	14,943	1,144.3
	2012	168	14,863	1,130.3
	Total	2,343	203,271	1,152.6
Lincoln Parish, LA (22061)	1999	337	42,435	794.2
	2000	356	42,509	837.5
	2001	319	42,625	748.4
	2002	301	42,808	703.1
	2003	350	43,539	803.9
	2004	365	44,272	824.4
	2005	371	44,580	832.2
	2006	297	44,867	662.0
	2007	360	45,323	794.3
	2008	354	45,726	774.2
	2009	388	46,270	838.6
	2010	383	46,735	819.5
	2011	328	47,019	697.6
	2012	339	47,082	720.0
	Total	4,848	625,790	774.7
Livingston Parish, LA (22063)	1999	648	89,799	721.6
	2000	650	91,814	708.0
	2001	709	95,597	741.7
	2002	712	99,007	719.1
	2003	714	102,146	699.0
	2004	730	106,048	688.4
	2005	805	109,208	737.1
	2006	860	115,722	743.2
	2007	849	119,528	710.3
	2008	905	123,962	730.1
	2009	906	126,230	717.7
	2010	907	128,026	708.4
	2011	942	130,156	723.7
	2012	1,011	131,865	766.7
	Total	11,348	1,569,108	723.2
Madison Parish, LA (22065)	1999	166	13,672	1,214.2
	2000	155	13,728	1,129.1
	2001	174	13,493	1,289.6
	2002	144	13,180	1,092.6
	2003	147	12,959	1,134.3
	2004	168	12,806	1,311.9
	2005	175	12,663	1,382.0
	2006	156	12,537	1,244.3
	2007	140	12,410	1,128.1
	2008	150	12,340	1,215.6
	2009	147	12,040	1,220.9
	2010	144	12,093	1,190.8
	2011	133	11,971	1,111.0
	2012	133	12,209	1,089.4
	Total	2,132	178,101	1,197.1
Morehouse Parish, LA (22067)	1999	401	31,122	1,288.5
	2000	353	31,021	1,137.9
	2001	360	30,605	1,176.3
	2002	374	30,319	1,233.5
	2003	383	30,224	1,267.2
	2004	391	29,891	1,308.1
	2005	377	29,355	1,284.3
	2006	409	29,079	1,406.5
	2007	410	28,478	1,439.7
	2008	373	28,311	1,317.5
	2009	350	28,147	1,243.5
	2010	393	27,979	1,404.6
	2011	383	27,491	1,393.2
	2012	357	27,430	1,301.5
	Total	5,314	409,452	1,297.8
Natchitoches Parish, LA (22069)	1999	390	38,814	1,004.8
	2000	409	39,080	1,046.6
	2001	345	38,844	888.2
	2002	397	39,178	1,013.3
	2003	378	38,924	971.1
	2004	381	38,950	978.2
	2005	383	39,107	979.4
	2006	383	38,984	982.5
	2007	361	39,114	922.9
	2008	358	39,244	912.2
	2009	363	39,425	920.7
	2010	388	39,566	980.6
	2011	388	39,504	982.2
	2012	381	39,434	966.2
	Total	5,305	548,168	967.8
Orleans Parish, LA (22071)	1999	5,099	485,511	1,050.2
	2000	5,057	484,674	1,043.4
	2001	5,020	487,363	1,030.0
	2002	5,070	489,722	1,035.3
	2003	4,994	492,187	1,014.7
	2004	5,037	493,765	1,020.1
	2005	5,073	494,294	1,026.3
	2006	2,695	230,172	1,170.9
	2007	2,660	268,751	989.8
	2008	2,771	301,842	918.0
	2009	2,744	327,803	837.1
	2010	2,801	343,829	814.6
	2011	2,947	360,692	817.0
	2012	3,042	369,888	822.4
	Total	55,010	5,630,493	977.0
Ouachita Parish, LA (22073)	1999	1,342	147,190	911.7
	2000	1,386	147,250	941.3
	2001	1,421	146,789	968.1
	2002	1,318	147,728	892.2
	2003	1,395	148,549	939.1
	2004	1,272	149,293	852.0
	2005	1,510	149,476	1,010.2
	2006	1,423	151,183	941.2
	2007	1,420	151,157	939.4
	2008	1,518	151,727	1,000.5
	2009	1,481	153,058	967.6
	2010	1,417	153,720	921.8
	2011	1,493	154,650	965.4
	2012	1,447	155,313	931.7
	Total	19,843	2,107,083	941.7
Plaquemines Parish, LA (22075)	1999	217	26,689	813.1
	2000	203	26,757	758.7
	2001	230	27,029	850.9
	2002	218	27,462	793.8
	2003	230	28,169	816.5
	2004	225	29,390	765.6
	2005	228	29,558	771.4
	2006	151	22,329	676.3
	2007	178	22,709	783.8
	2008	191	22,677	842.3
	2009	178	22,730	783.1
	2010	149	23,042	646.6
	2011	187	23,641	791.0
	2012	192	23,879	804.1
	Total	2,777	356,061	779.9
Pointe Coupee Parish, LA (22077)	1999	237	22,807	1,039.2
	2000	242	22,763	1,063.1
	2001	233	22,574	1,032.2
	2002	230	22,451	1,024.5
	2003	244	22,369	1,090.8
	2004	250	22,332	1,119.5
	2005	237	22,075	1,073.6
	2006	226	22,754	993.2
	2007	242	22,848	1,059.2
	2008	257	22,966	1,119.0
	2009	231	22,847	1,011.1
	2010	219	22,802	960.4
	2011	223	22,836	976.5
	2012	261	22,737	1,147.9
	Total	3,332	317,161	1,050.6
Rapides Parish, LA (22079)	1999	1,320	126,104	1,046.8
	2000	1,341	126,337	1,061.4
	2001	1,352	126,206	1,071.3
	2002	1,357	126,283	1,074.6
	2003	1,425	126,597	1,125.6
	2004	1,304	127,095	1,026.0
	2005	1,356	127,544	1,063.2
	2006	1,360	130,103	1,045.3
	2007	1,156	130,238	887.6
	2008	1,315	130,785	1,005.5
	2009	1,305	131,095	995.5
	2010	1,272	131,613	966.5
	2011	1,348	132,303	1,018.9
	2012	1,437	132,270	1,086.4
	Total	18,648	1,804,573	1,033.4
Red River Parish, LA (22081)	1999	98	9,664	1,014.1
	2000	121	9,622	1,257.5
	2001	127	9,494	1,337.7
	2002	103	9,464	1,088.3
	2003	107	9,468	1,130.1
	2004	96	9,433	1,017.7
	2005	124	9,295	1,334.1
	2006	105	9,281	1,131.3
	2007	116	9,245	1,254.7
	2008	111	9,185	1,208.5
	2009	118	9,117	1,294.3
	2010	84	9,091	924.0
	2011	102	9,049	1,127.2
	2012	109	9,029	1,207.2
	Total	1,521	130,437	1,166.1
Richland Parish, LA (22083)	1999	268	21,039	1,273.8
	2000	274	20,981	1,305.9
	2001	256	20,880	1,226.1
	2002	272	20,784	1,308.7
	2003	242	20,576	1,176.1
	2004	242	20,487	1,181.2
	2005	267	20,466	1,304.6
	2006	215	20,661	1,040.6
	2007	249	20,670	1,204.6
	2008	234	20,727	1,129.0
	2009	244	20,664	1,180.8
	2010	260	20,725	1,254.5
	2011	232	20,892	1,110.5
	2012	250	20,911	1,195.5
	Total	3,505	290,463	1,206.7
Sabine Parish, LA (22085)	1999	281	23,415	1,200.1
	2000	275	23,459	1,172.3
	2001	266	23,379	1,137.8
	2002	281	23,380	1,201.9
	2003	266	23,527	1,130.6
	2004	258	23,539	1,096.1
	2005	259	23,690	1,093.3
	2006	236	23,954	985.2
	2007	276	24,090	1,145.7
	2008	271	24,124	1,123.4
	2009	232	24,199	958.7
	2010	288	24,233	1,188.5
	2011	276	24,441	1,129.3
	2012	289	24,315	1,188.6
	Total	3,754	333,745	1,124.8
St. Bernard Parish, LA (22087)	1999	741	67,659	1,095.2
	2000	717	67,229	1,066.5
	2001	733	68,028	1,077.5
	2002	768	68,964	1,113.6
	2003	802	69,621	1,152.0
	2004	806	70,547	1,142.5
	2005	839	71,300	1,176.7
	2006	278	16,563	1,678.4
	2007	228	23,613	965.6
	2008	283	28,879	980.0
	2009	276	32,878	839.5
	2010	274	35,897	763.3
	2011	311	39,523	786.9
	2012	343	41,567	825.2
	Total	7,399	702,268	1,053.6
St. Charles Parish, LA (22089)	1999	337	47,907	703.4
	2000	336	48,072	699.0
	2001	315	48,461	650.0
	2002	322	49,117	655.6
	2003	371	49,338	752.0
	2004	326	49,939	652.8
	2005	378	50,670	746.0
	2006	372	52,453	709.2
	2007	363	52,765	688.0
	2008	356	52,516	677.9
	2009	369	52,719	699.9
	2010	385	52,780	729.4
	2011	402	52,442	766.6
	2012	372	52,502	708.5
	Total	5,004	711,681	703.1
St. Helena Parish, LA (22091)	1999	108	10,444	1,034.1
	2000	94	10,525	893.1
	2001	100	10,524	950.2
	2002	106	10,592	1,000.8
	2003	96	10,549	910.0
	2004	98	10,548	929.1
	2005	107	10,521	1,017.0
	2006	127	11,089	1,145.3
	2007	95	11,070	858.2
	2008	120	11,106	1,080.5
	2009	110	11,154	986.2
	2010	139	11,203	1,240.7
	2011	110	11,022	998.0
	2012	122	11,063	1,102.8
	Total	1,532	151,410	1,011.8
St. James Parish, LA (22093)	1999	171	21,221	805.8
	2000	191	21,216	900.3
	2001	189	21,291	887.7
	2002	189	21,365	884.6
	2003	181	21,274	850.8
	2004	189	21,229	890.3
	2005	171	21,399	799.1
	2006	213	21,964	969.8
	2007	190	22,164	857.2
	2008	195	22,095	882.6
	2009	199	22,231	895.1
	2010	189	22,102	855.1
	2011	152	21,851	695.6
	2012	213	21,717	980.8
	Total	2,632	303,119	868.3
St. John the Baptist Parish, LA (22095)	1999	321	42,865	748.9
	2000	300	43,044	697.0
	2001	295	43,580	676.9
	2002	296	43,878	674.6
	2003	345	44,316	778.5
	2004	364	44,822	812.1
	2005	343	45,296	757.2
	2006	343	47,296	725.2
	2007	337	47,386	711.2
	2008	411	46,811	878.0
	2009	383	46,336	826.6
	2010	391	45,924	851.4
	2011	390	45,130	864.2
	2012	382	44,787	852.9
	Total	4,901	631,471	776.1
St. Landry Parish, LA (22097)	1999	906	87,034	1,041.0
	2000	859	87,700	979.5
	2001	927	86,416	1,072.7
	2002	863	85,713	1,006.8
	2003	968	85,034	1,138.4
	2004	901	84,487	1,066.4
	2005	938	83,952	1,117.3
	2006	924	85,128	1,085.4
	2007	925	84,710	1,092.0
	2008	973	84,427	1,152.5
	2009	947	83,825	1,129.7
	2010	921	83,384	1,104.5
	2011	897	83,437	1,075.1
	2012	916	83,450	1,097.7
	Total	12,865	1,188,697	1,082.3
St. Martin Parish, LA (22099)	1999	367	48,285	760.1
	2000	411	48,583	846.0
	2001	379	48,971	773.9
	2002	421	49,228	855.2
	2003	441	49,482	891.2
	2004	391	49,754	785.9
	2005	444	49,890	890.0
	2006	440	51,044	862.0
	2007	414	51,410	805.3
	2008	441	51,914	849.5
	2009	431	52,025	828.4
	2010	413	52,160	791.8
	2011	417	52,837	789.2
	2012	433	52,728	821.2
	Total	5,843	708,311	824.9
St. Mary Parish, LA (22101)	1999	499	54,246	919.9
	2000	461	53,500	861.7
	2001	478	53,044	901.1
	2002	500	53,109	941.5
	2003	536	53,245	1,006.7
	2004	563	53,288	1,056.5
	2005	548	53,015	1,033.7
	2006	554	54,152	1,023.0
	2007	498	54,104	920.4
	2008	525	54,352	965.9
	2009	507	54,551	929.4
	2010	520	54,650	951.5
	2011	559	54,161	1,032.1
	2012	534	53,558	997.0
	Total	7,282	752,975	967.1
St. Tammany Parish, LA (22103)	1999	1,381	188,947	730.9
	2000	1,441	191,268	753.4
	2001	1,487	195,622	760.1
	2002	1,581	200,701	787.7
	2003	1,553	205,708	755.0
	2004	1,630	211,405	771.0
	2005	1,812	217,358	833.6
	2006	1,750	223,133	784.3
	2007	1,888	226,294	834.3
	2008	1,931	229,252	842.3
	2009	1,883	231,224	814.4
	2010	1,893	233,740	809.9
	2011	1,942	236,830	820.0
	2012	2,054	239,193	858.7
	Total	24,226	3,030,675	799.4
Tangipahoa Parish, LA (22105)	1999	948	99,643	951.4
	2000	946	100,588	940.5
	2001	983	101,657	967.0
	2002	956	102,511	932.6
	2003	995	103,782	958.7
	2004	1,046	105,335	993.0
	2005	1,079	106,987	1,008.5
	2006	1,089	114,102	954.4
	2007	1,112	116,792	952.1
	2008	1,170	118,621	986.3
	2009	1,116	120,009	929.9
	2010	1,076	121,097	888.5
	2011	1,083	122,681	882.8
	2012	1,151	123,662	930.8
	Total	14,750	1,557,467	947.1
Tensas Parish, LA (22107)	1999	71	6,717	1,057.0
	2000	79	6,618	1,193.7
	2001	82	6,334	1,294.6
	2002	81	6,150	1,317.1
	2003	65	5,941	1,094.1
	2004	69	5,785	1,192.7
	2005	88	5,700	1,543.9
	2006	85	5,719	1,486.3
	2007	57	5,513	1,033.9
	2008	60	5,376	1,116.1
	2009	75	5,311	1,412.2
	2010	56	5,252	1,066.3
	2011	57	5,099	1,117.9
	2012	58	4,972	1,166.5
	Total	983	80,487	1,221.3
Terrebonne Parish, LA (22109)	1999	814	104,507	778.9
	2000	766	104,503	733.0
	2001	841	105,255	799.0
	2002	839	105,698	793.8
	2003	811	106,257	763.2
	2004	841	106,783	787.6
	2005	934	107,811	866.3
	2006	973	109,994	884.6
	2007	931	110,656	841.3
	2008	992	111,453	890.1
	2009	941	111,689	842.5
	2010	963	111,860	860.9
	2011	975	111,632	873.4
	2012	981	111,713	878.1
	Total	12,602	1,519,811	829.2
Union Parish, LA (22111)	1999	255	22,737	1,121.5
	2000	285	22,803	1,249.8
	2001	259	22,783	1,136.8
	2002	248	22,624	1,096.2
	2003	267	22,757	1,173.3
	2004	227	22,676	1,001.1
	2005	261	22,765	1,146.5
	2006	263	22,919	1,147.5
	2007	264	22,770	1,159.4
	2008	266	22,698	1,171.9
	2009	222	22,609	981.9
	2010	267	22,721	1,175.1
	2011	237	22,716	1,043.3
	2012	253	22,442	1,127.4
	Total	3,574	318,020	1,123.8
Vermilion Parish, LA (22113)	1999	489	53,775	909.3
	2000	516	53,807	959.0
	2001	526	54,217	970.2
	2002	582	54,638	1,065.2
	2003	551	54,754	1,006.3
	2004	545	55,113	988.9
	2005	546	55,828	978.0
	2006	523	56,388	927.5
	2007	556	56,835	978.3
	2008	571	57,421	994.4
	2009	526	57,684	911.9
	2010	530	57,999	913.8
	2011	571	58,275	979.8
	2012	537	58,663	915.4
	Total	7,569	785,397	963.7
Vernon Parish, LA (22115)	1999	345	52,389	658.5
	2000	341	52,531	649.1
	2001	345	52,958	651.5
	2002	338	52,319	646.0
	2003	393	51,288	766.3
	2004	317	51,402	616.7
	2005	360	51,808	694.9
	2006	344	50,781	677.4
	2007	317	49,796	636.6
	2008	349	48,007	727.0
	2009	348	50,903	683.7
	2010	336	52,334	642.0
	2011	349	52,249	668.0
	2012	368	54,050	680.9
	Total	4,850	722,815	671.0
Washington Parish, LA (22117)	1999	538	43,884	1,226.0
	2000	559	43,926	1,272.6
	2001	525	43,992	1,193.4
	2002	529	44,156	1,198.0
	2003	572	44,277	1,291.9
	2004	565	44,521	1,269.1
	2005	603	44,880	1,343.6
	2006	560	45,157	1,240.1
	2007	583	46,376	1,257.1
	2008	532	47,000	1,131.9
	2009	580	47,262	1,227.2
	2010	533	47,168	1,130.0
	2011	553	47,183	1,172.0
	2012	575	46,690	1,231.5
	Total	7,807	636,472	1,226.6
Webster Parish, LA (22119)	1999	577	42,092	1,370.8
	2000	518	41,831	1,238.3
	2001	554	41,372	1,339.1
	2002	522	41,375	1,261.6
	2003	584	41,125	1,420.1
	2004	500	41,145	1,215.2
	2005	535	41,203	1,298.4
	2006	551	41,331	1,333.1
	2007	534	41,275	1,293.8
	2008	529	41,240	1,282.7
	2009	501	41,131	1,218.1
	2010	542	41,207	1,315.3
	2011	445	41,252	1,078.7
	2012	500	40,920	1,221.9
	Total	7,392	578,499	1,277.8
West Baton Rouge Parish, LA (22121)	1999	180	21,569	834.5
	2000	157	21,601	726.8
	2001	166	21,703	764.9
	2002	166	21,801	761.4
	2003	177	21,820	811.2
	2004	179	22,049	811.8
	2005	214	21,929	975.9
	2006	204	22,666	900.0
	2007	177	23,184	763.5
	2008	163	23,252	701.0
	2009	171	23,352	732.3
	2010	155	23,788	651.6
	2011	196	24,095	813.4
	2012	180	24,092	747.1
	Total	2,485	316,901	784.2
West Carroll Parish, LA (22123)	1999	166	12,368	1,342.2
	2000	146	12,314	1,185.6
	2001	147	12,095	1,215.4
	2002	148	12,134	1,219.7
	2003	160	12,155	1,316.3
	2004	149	12,009	1,240.7
	2005	143	11,958	1,195.9
	2006	141	11,851	1,189.8
	2007	138	11,708	1,178.7
	2008	138	11,670	1,182.5
	2009	157	11,633	1,349.6
	2010	144	11,604	1,241.0
	2011	117	11,520	1,015.6
	2012	139	11,500	1,208.7
	Total	2,033	166,519	1,220.9
West Feliciana Parish, LA (22125)	1999	80	14,913	536.4
	2000	97	15,111	641.9
	2001	83	15,152	547.8
	2002	102	15,216	670.3
	2003	106	15,326	691.6
	2004	91	15,300	594.8
	2005	126	15,431	816.5
	2006	130	15,736	826.1
	2007	86	15,655	549.3
	2008	113	15,767	716.7
	2009	105	15,639	671.4
	2010	110	15,625	704.0
	2011	117	15,469	756.4
	2012	120	15,437	777.4
	Total	1,466	215,777	679.4
Winn Parish, LA (22127)	1999	210	17,079	1,229.6
	2000	205	16,894	1,213.4
	2001	210	16,498	1,272.9
	2002	206	16,427	1,254.0
	2003	214	16,165	1,323.8
	2004	222	15,908	1,395.5
	2005	178	15,751	1,130.1
	2006	181	15,720	1,151.4
	2007	204	15,588	1,308.7
	2008	167	15,398	1,084.6
	2009	193	15,393	1,253.8
	2010	162	15,313	1,057.9
	2011	142	15,127	938.7
	2012	181	15,027	1,204.5
	Total	2,675	222,288	1,203.4
Total		580,796	62,871,020	923.8
