
                        
                      	Year	
                        
                      	
                        
                      	
                        
                      
Alamance County, NC (37001)	1999	1,285	128,743	998.1
	2000	1,342	130,800	1,026.0
	2001	1,298	133,346	973.4
	2002	1,289	135,239	953.1
	2003	1,374	136,009	1,010.2
	2004	1,276	137,619	927.2
	2005	1,360	139,311	976.2
	2006	1,345	141,462	950.8
	2007	1,411	144,712	975.0
	2008	1,459	147,704	987.8
	2009	1,414	149,954	943.0
	2010	1,405	151,131	929.7
	2011	1,453	152,820	950.8
	2012	1,576	153,672	1,025.6
	Total	19,287	1,982,522	972.9
Alexander County, NC (37003)	1999	275	33,274	826.5
	2000	304	33,603	904.7
	2001	290	34,187	848.3
	2002	264	34,665	761.6
	2003	285	34,998	814.3
	2004	308	35,343	871.5
	2005	306	35,786	855.1
	2006	335	36,243	924.3
	2007	322	36,609	879.6
	2008	333	36,840	903.9
	2009	334	37,053	901.4
	2010	338	37,198	908.7
	2011	362	37,130	975.0
	2012	351	36,971	949.4
	Total	4,407	499,900	881.6
Alleghany County, NC (37005)	1999	149	10,567	1,410.1
	2000	130	10,677	1,217.6
	2001	132	10,740	1,229.1
	2002	158	10,740	1,471.1
	2003	129	10,776	1,197.1
	2004	133	10,790	1,232.6
	2005	143	10,788	1,325.5
	2006	126	10,940	1,151.7
	2007	137	11,061	1,238.6
	2008	142	11,131	1,275.7
	2009	118	11,125	1,060.7
	2010	131	11,155	1,174.4
	2011	139	11,040	1,259.1
	2012	105	10,977	956.5
	Total	1,872	152,507	1,227.5
Anson County, NC (37007)	1999	289	25,288	1,142.8
	2000	287	25,275	1,135.5
	2001	290	25,553	1,134.9
	2002	307	25,723	1,193.5
	2003	293	25,749	1,137.9
	2004	253	26,386	958.8
	2005	265	26,585	996.8
	2006	300	26,599	1,127.9
	2007	290	26,664	1,087.6
	2008	310	26,837	1,155.1
	2009	266	26,917	988.2
	2010	296	26,948	1,098.4
	2011	261	26,524	984.0
	2012	292	26,353	1,108.0
	Total	3,999	367,401	1,088.5
Ashe County, NC (37009)	1999	308	24,181	1,273.7
	2000	278	24,384	1,140.1
	2001	289	24,750	1,167.7
	2002	293	25,029	1,170.6
	2003	310	25,288	1,225.9
	2004	289	25,684	1,125.2
	2005	329	25,838	1,273.3
	2006	280	26,134	1,071.4
	2007	296	26,506	1,116.7
	2008	299	26,858	1,113.3
	2009	318	27,144	1,171.5
	2010	315	27,281	1,154.6
	2011	334	27,181	1,228.8
	2012	323	27,160	1,189.2
	Total	4,261	363,418	1,172.5
Avery County, NC (37011)	1999	174	17,040	1,021.1
	2000	188	17,167	1,095.1
	2001	158	17,706	892.4
	2002	207	17,867	1,158.6
	2003	208	17,896	1,162.3
	2004	191	17,971	1,062.8
	2005	212	17,945	1,181.4
	2006	183	18,104	1,010.8
	2007	173	17,949	963.8
	2008	175	18,024	970.9
	2009	193	17,925	1,076.7
	2010	195	17,797	1,095.7
	2011	206	17,780	1,158.6
	2012	194	17,633	1,100.2
	Total	2,657	248,804	1,067.9
Beaufort County, NC (37013)	1999	521	45,001	1,157.8
	2000	552	44,958	1,227.8
	2001	572	45,084	1,268.7
	2002	527	45,216	1,165.5
	2003	525	45,418	1,155.9
	2004	523	45,618	1,146.5
	2005	571	46,059	1,239.7
	2006	567	46,622	1,216.2
	2007	489	46,702	1,047.1
	2008	531	47,297	1,122.7
	2009	551	47,485	1,160.4
	2010	563	47,759	1,178.8
	2011	523	47,664	1,097.3
	2012	555	47,483	1,168.8
	Total	7,570	648,366	1,167.6
Bertie County, NC (37015)	1999	254	19,903	1,276.2
	2000	280	19,773	1,416.1
	2001	289	19,829	1,457.5
	2002	262	19,841	1,320.5
	2003	219	19,897	1,100.7
	2004	244	20,018	1,218.9
	2005	253	20,057	1,261.4
	2006	239	19,936	1,198.8
	2007	244	20,927	1,166.0
	2008	237	21,121	1,122.1
	2009	252	21,216	1,187.8
	2010	249	21,282	1,170.0
	2011	257	20,989	1,224.5
	2012	237	20,581	1,151.5
	Total	3,516	285,370	1,232.1
Bladen County, NC (37017)	1999	405	32,143	1,260.0
	2000	368	32,278	1,140.1
	2001	398	32,714	1,216.6
	2002	393	32,782	1,198.8
	2003	402	33,129	1,213.4
	2004	410	33,684	1,217.2
	2005	408	33,934	1,202.3
	2006	362	34,114	1,061.1
	2007	374	34,285	1,090.9
	2008	387	34,665	1,116.4
	2009	397	34,852	1,139.1
	2010	367	35,190	1,042.9
	2011	367	35,019	1,048.0
	2012	386	34,948	1,104.5
	Total	5,424	473,737	1,144.9
Brunswick County, NC (37019)	1999	690	71,367	966.8
	2000	725	73,143	991.2
	2001	738	76,005	971.0
	2002	739	78,296	943.9
	2003	785	80,584	974.1
	2004	855	83,327	1,026.1
	2005	880	87,846	1,001.8
	2006	942	93,938	1,002.8
	2007	901	99,008	910.0
	2008	1,012	103,257	980.1
	2009	1,074	105,777	1,015.3
	2010	1,067	107,431	993.2
	2011	1,136	110,265	1,030.2
	2012	1,203	112,197	1,072.2
	Total	12,747	1,282,441	994.0
Buncombe County, NC (37021)	1999	2,206	204,340	1,079.6
	2000	2,207	206,330	1,069.6
	2001	2,269	209,104	1,085.1
	2002	2,202	211,841	1,039.5
	2003	2,170	214,982	1,009.4
	2004	2,124	218,139	973.7
	2005	2,233	221,642	1,007.5
	2006	2,201	226,524	971.6
	2007	2,301	230,766	997.1
	2008	2,291	233,772	980.0
	2009	2,299	236,349	972.7
	2010	2,321	238,318	973.9
	2011	2,288	241,463	947.6
	2012	2,392	244,461	978.5
	Total	31,504	3,138,031	1,003.9
Burke County, NC (37023)	1999	793	88,496	896.1
	2000	851	89,148	954.6
	2001	822	89,525	918.2
	2002	795	89,371	889.6
	2003	880	89,493	983.3
	2004	890	89,394	995.6
	2005	873	89,526	975.1
	2006	852	89,903	947.7
	2007	833	90,146	924.1
	2008	949	90,788	1,045.3
	2009	899	91,178	986.0
	2010	1,015	90,912	1,116.5
	2011	990	90,826	1,090.0
	2012	1,003	90,352	1,110.1
	Total	12,445	1,259,058	988.4
Cabarrus County, NC (37025)	1999	1,096	127,826	857.4
	2000	1,122	131,063	856.1
	2001	1,098	136,463	804.6
	2002	1,159	140,054	827.5
	2003	1,259	143,336	878.4
	2004	1,197	146,429	817.5
	2005	1,287	150,797	853.5
	2006	1,275	157,735	808.3
	2007	1,251	165,717	754.9
	2008	1,315	171,915	764.9
	2009	1,331	175,993	756.3
	2010	1,385	178,011	778.0
	2011	1,384	181,110	764.2
	2012	1,414	184,173	767.8
	Total	17,573	2,190,622	802.2
Caldwell County, NC (37027)	1999	746	76,663	973.1
	2000	741	77,415	957.2
	2001	795	78,375	1,014.4
	2002	793	78,920	1,004.8
	2003	779	79,380	981.4
	2004	717	79,471	902.2
	2005	829	80,218	1,033.4
	2006	867	80,897	1,071.7
	2007	765	81,588	937.6
	2008	801	82,527	970.6
	2009	843	82,798	1,018.1
	2010	935	83,029	1,126.1
	2011	866	82,289	1,052.4
	2012	896	81,954	1,093.3
	Total	11,373	1,125,524	1,010.5
Camden County, NC (37029)	1999	70	6,801	1,029.3
	2000	63	6,885	915.0
	2001	64	7,100	901.4
	2002	69	7,412	930.9
	2003	60	7,894	760.1
	2004	69	8,415	820.0
	2005	56	8,991	622.8
	2006	79	9,321	847.5
	2007	84	9,570	877.7
	2008	59	9,802	601.9
	2009	52	9,899	525.3
	2010	77	9,980	771.5
	2011	69	10,051	686.5
	2012	76	10,052	756.1
	Total	947	122,173	775.1
Carteret County, NC (37031)	1999	682	59,341	1,149.3
	2000	640	59,383	1,077.7
	2001	699	59,790	1,169.1
	2002	671	60,311	1,112.6
	2003	762	61,067	1,247.8
	2004	687	62,127	1,105.8
	2005	695	62,833	1,106.1
	2006	680	64,028	1,062.0
	2007	641	64,258	997.5
	2008	729	64,700	1,126.7
	2009	736	65,670	1,120.8
	2010	726	66,469	1,092.2
	2011	739	67,390	1,096.6
	2012	758	67,750	1,118.8
	Total	9,845	885,117	1,112.3
Caswell County, NC (37033)	1999	256	23,255	1,100.8
	2000	217	23,501	923.4
	2001	257	23,610	1,088.5
	2002	262	23,767	1,102.4
	2003	245	23,833	1,028.0
	2004	260	23,801	1,092.4
	2005	246	23,827	1,032.4
	2006	223	23,993	929.4
	2007	230	23,914	961.8
	2008	252	23,912	1,053.9
	2009	222	23,725	935.7
	2010	254	23,719	1,070.9
	2011	270	23,563	1,145.9
	2012	288	23,140	1,244.6
	Total	3,482	331,560	1,050.2
Catawba County, NC (37035)	1999	1,269	139,522	909.5
	2000	1,291	141,685	911.2
	2001	1,338	144,865	923.6
	2002	1,264	145,343	869.7
	2003	1,334	145,601	916.2
	2004	1,333	147,016	906.7
	2005	1,326	148,629	892.2
	2006	1,352	150,449	898.6
	2007	1,408	152,448	923.6
	2008	1,463	153,848	950.9
	2009	1,480	154,610	957.2
	2010	1,563	154,358	1,012.6
	2011	1,484	153,987	963.7
	2012	1,598	154,452	1,034.6
	Total	19,503	2,086,813	934.6
Chatham County, NC (37037)	1999	474	48,398	979.4
	2000	487	49,329	987.2
	2001	491	51,482	953.7
	2002	482	53,857	895.0
	2003	497	55,061	902.6
	2004	483	56,236	858.9
	2005	508	57,045	890.5
	2006	499	58,779	848.9
	2007	575	60,054	957.5
	2008	566	61,783	916.1
	2009	568	62,693	906.0
	2010	588	63,505	925.9
	2011	621	65,257	951.6
	2012	618	65,899	937.8
	Total	7,457	809,378	921.3
Cherokee County, NC (37039)	1999	295	23,956	1,231.4
	2000	302	24,298	1,242.9
	2001	315	24,629	1,279.0
	2002	328	24,884	1,318.1
	2003	328	25,229	1,300.1
	2004	313	25,658	1,219.9
	2005	313	26,077	1,200.3
	2006	323	26,877	1,201.8
	2007	335	27,350	1,224.9
	2008	345	27,545	1,252.5
	2009	315	27,378	1,150.6
	2010	330	27,444	1,202.4
	2011	361	27,162	1,329.1
	2012	361	27,032	1,335.5
	Total	4,564	365,519	1,248.6
Chowan County, NC (37041)	1999	187	14,558	1,284.5
	2000	194	14,526	1,335.5
	2001	171	14,490	1,180.1
	2002	194	14,559	1,332.5
	2003	168	14,529	1,156.3
	2004	198	14,573	1,358.7
	2005	196	14,625	1,340.2
	2006	172	14,835	1,159.4
	2007	171	14,953	1,143.6
	2008	189	14,831	1,274.4
	2009	171	14,915	1,146.5
	2010	189	14,793	1,277.6
	2011	174	14,802	1,175.5
	2012	159	14,711	1,080.8
	Total	2,533	205,700	1,231.4
Clay County, NC (37043)	1999	101	8,649	1,167.8
	2000	122	8,775	1,390.3
	2001	108	9,086	1,188.6
	2002	110	9,273	1,186.2
	2003	119	9,429	1,262.1
	2004	113	9,583	1,179.2
	2005	135	9,833	1,372.9
	2006	124	10,107	1,226.9
	2007	110	10,356	1,062.2
	2008	133	10,492	1,267.6
	2009	141	10,540	1,337.8
	2010	138	10,587	1,303.5
	2011	121	10,650	1,136.2
	2012	143	10,645	1,343.4
	Total	1,718	138,005	1,244.9
Cleveland County, NC (37045)	1999	966	95,293	1,013.7
	2000	1,025	96,287	1,064.5
	2001	1,019	96,861	1,052.0
	2002	980	97,068	1,009.6
	2003	1,016	97,241	1,044.8
	2004	1,024	97,134	1,054.2
	2005	974	96,844	1,005.7
	2006	1,069	96,990	1,102.2
	2007	1,050	97,524	1,076.7
	2008	1,090	98,155	1,110.5
	2009	1,098	98,211	1,118.0
	2010	1,077	98,078	1,098.1
	2011	1,069	97,614	1,095.1
	2012	1,173	97,440	1,203.8
	Total	14,630	1,360,740	1,075.2
Columbus County, NC (37047)	1999	623	54,522	1,142.7
	2000	640	54,749	1,169.0
	2001	658	54,806	1,200.6
	2002	651	54,975	1,184.2
	2003	614	54,961	1,117.2
	2004	635	55,099	1,152.5
	2005	626	55,155	1,135.0
	2006	694	55,654	1,247.0
	2007	682	55,964	1,218.6
	2008	635	56,503	1,123.8
	2009	644	58,163	1,107.2
	2010	698	58,098	1,201.4
	2011	622	57,834	1,075.5
	2012	658	57,593	1,142.5
	Total	9,080	784,076	1,158.1
Craven County, NC (37049)	1999	811	90,843	892.7
	2000	831	91,436	908.8
	2001	833	93,325	892.6
	2002	830	92,633	896.0
	2003	903	92,906	972.0
	2004	901	93,548	963.1
	2005	905	94,729	955.4
	2006	908	96,926	936.8
	2007	938	97,825	958.9
	2008	914	99,423	919.3
	2009	891	101,923	874.2
	2010	961	103,505	928.5
	2011	980	104,651	936.4
	2012	982	105,232	933.2
	Total	12,588	1,358,905	926.3
Cumberland County, NC (37051)	1999	1,919	301,608	636.3
	2000	2,016	302,963	665.4
	2001	2,001	304,316	657.5
	2002	2,008	305,697	656.9
	2003	2,126	303,318	700.9
	2004	1,993	307,629	647.9
	2005	2,061	303,695	678.6
	2006	2,108	307,365	685.8
	2007	2,059	308,284	667.9
	2008	2,148	311,800	688.9
	2009	2,144	317,252	675.8
	2010	2,286	319,431	715.6
	2011	2,284	323,784	705.4
	2012	2,377	323,011	735.9
	Total	29,530	4,340,153	680.4
Currituck County, NC (37053)	1999	177	17,856	991.3
	2000	164	18,190	901.6
	2001	162	18,714	865.7
	2002	161	19,327	833.0
	2003	174	20,299	857.2
	2004	176	21,469	819.8
	2005	171	22,418	762.8
	2006	187	22,923	815.8
	2007	193	23,216	831.3
	2008	187	23,378	799.9
	2009	191	23,335	818.5
	2010	191	23,547	811.1
	2011	234	23,921	978.2
	2012	224	24,100	929.5
	Total	2,592	302,693	856.3
Dare County, NC (37055)	1999	231	29,366	786.6
	2000	271	29,967	904.3
	2001	232	30,826	752.6
	2002	288	31,898	902.9
	2003	254	32,697	776.8
	2004	277	33,196	834.4
	2005	275	33,354	824.5
	2006	233	33,463	696.3
	2007	274	33,541	816.9
	2008	252	33,553	751.1
	2009	273	33,679	810.6
	2010	294	33,920	866.7
	2011	295	34,239	861.6
	2012	288	34,517	834.4
	Total	3,737	458,216	815.6
Davidson County, NC (37057)	1999	1,212	146,106	829.5
	2000	1,383	147,246	939.2
	2001	1,349	149,663	901.4
	2002	1,435	151,296	948.5
	2003	1,462	152,809	956.7
	2004	1,378	154,179	893.8
	2005	1,500	155,425	965.1
	2006	1,512	157,209	961.8
	2007	1,474	159,126	926.3
	2008	1,459	161,520	903.3
	2009	1,518	162,406	934.7
	2010	1,553	162,878	953.5
	2011	1,625	163,033	996.7
	2012	1,657	163,118	1,015.8
	Total	20,517	2,186,014	938.6
Davie County, NC (37059)	1999	347	34,132	1,016.6
	2000	348	34,835	999.0
	2001	338	35,905	941.4
	2002	350	36,446	960.3
	2003	331	36,864	897.9
	2004	342	37,552	910.7
	2005	329	38,559	853.2
	2006	379	39,539	958.5
	2007	356	40,260	884.3
	2008	353	40,748	866.3
	2009	335	41,035	816.4
	2010	390	41,240	945.7
	2011	391	41,387	944.7
	2012	406	41,394	980.8
	Total	4,995	539,896	925.2
Duplin County, NC (37061)	1999	548	48,401	1,132.2
	2000	523	49,063	1,066.0
	2001	481	50,182	958.5
	2002	491	51,121	960.5
	2003	531	51,880	1,023.5
	2004	505	52,732	957.7
	2005	520	53,445	973.0
	2006	513	54,704	937.8
	2007	507	55,610	911.7
	2008	492	56,810	866.0
	2009	492	57,434	856.6
	2010	515	58,505	880.3
	2011	485	59,611	813.6
	2012	519	60,005	864.9
	Total	7,122	759,503	937.7
Durham County, NC (37063)	1999	1,760	219,811	800.7
	2000	1,736	223,314	777.4
	2001	1,624	228,978	709.2
	2002	1,704	233,505	729.7
	2003	1,720	235,570	730.1
	2004	1,650	238,376	692.2
	2005	1,674	241,785	692.4
	2006	1,738	246,929	703.8
	2007	1,714	252,796	678.0
	2008	1,767	259,356	681.3
	2009	1,691	265,356	637.3
	2010	1,796	267,587	671.2
	2011	1,718	276,122	622.2
	2012	1,767	282,081	626.4
	Total	24,059	3,471,566	693.0
Edgecombe County, NC (37065)	1999	608	56,291	1,080.1
	2000	648	55,606	1,165.3
	2001	604	55,792	1,082.6
	2002	616	55,855	1,102.9
	2003	607	55,994	1,084.0
	2004	572	56,064	1,020.3
	2005	612	56,151	1,089.9
	2006	573	56,129	1,020.9
	2007	606	55,911	1,083.9
	2008	621	56,420	1,100.7
	2009	572	56,237	1,017.1
	2010	573	56,552	1,013.2
	2011	584	56,082	1,041.3
	2012	584	55,736	1,047.8
	Total	8,380	784,820	1,067.8
Forsyth County, NC (37067)	1999	2,673	303,630	880.3
	2000	2,777	306,067	907.3
	2001	2,703	310,807	869.7
	2002	2,774	314,215	882.8
	2003	2,811	316,659	887.7
	2004	2,800	319,997	875.0
	2005	2,860	325,065	879.8
	2006	2,834	332,110	853.3
	2007	2,835	338,638	837.2
	2008	2,933	344,330	851.8
	2009	2,829	348,532	811.7
	2010	2,857	350,670	814.7
	2011	3,133	354,375	884.1
	2012	3,088	357,850	862.9
	Total	39,907	4,622,945	863.2
Franklin County, NC (37069)	1999	386	46,293	833.8
	2000	446	47,260	943.7
	2001	451	48,794	924.3
	2002	418	50,622	825.7
	2003	450	51,959	866.1
	2004	424	53,119	798.2
	2005	455	54,260	838.6
	2006	445	55,460	802.4
	2007	485	57,174	848.3
	2008	463	58,925	785.7
	2009	470	59,959	783.9
	2010	456	60,619	752.2
	2011	481	61,197	786.0
	2012	529	61,560	859.3
	Total	6,359	767,201	828.9
Gaston County, NC (37071)	1999	1,917	189,127	1,013.6
	2000	2,021	190,365	1,061.6
	2001	2,007	191,424	1,048.5
	2002	1,924	191,930	1,002.4
	2003	1,934	191,545	1,009.7
	2004	1,938	191,646	1,011.2
	2005	1,926	193,527	995.2
	2006	1,935	196,284	985.8
	2007	2,039	200,377	1,017.6
	2008	2,048	204,454	1,001.7
	2009	2,033	205,884	987.4
	2010	2,077	206,086	1,007.8
	2011	2,087	206,890	1,008.7
	2012	2,200	208,005	1,057.7
	Total	28,086	2,767,544	1,014.8
Gates County, NC (37073)	1999	110	10,479	1,049.7
	2000	135	10,516	1,283.8
	2001	122	10,546	1,156.8
	2002	130	10,616	1,224.6
	2003	116	10,800	1,074.1
	2004	109	10,874	1,002.4
	2005	118	11,294	1,044.8
	2006	113	11,708	965.2
	2007	127	12,042	1,054.6
	2008	113	12,098	934.0
	2009	124	12,138	1,021.6
	2010	129	12,197	1,057.6
	2011	110	12,064	911.8
	2012	117	11,894	983.7
	Total	1,673	159,266	1,050.4
Graham County, NC (37075)	1999	125	7,929	1,576.5
	2000	118	7,993	1,476.3
	2001	100	8,054	1,241.6
	2002	98	8,204	1,194.5
	2003	95	8,222	1,155.4
	2004	99	8,382	1,181.1
	2005	100	8,418	1,187.9
	2006	106	8,561	1,238.2
	2007	81	8,583	943.7
	2008	108	8,742	1,235.4
	2009	96	8,749	1,097.3
	2010	97	8,861	1,094.7
	2011	101	8,769	1,151.8
	2012	122	8,696	1,402.9
	Total	1,446	118,163	1,223.7
Granville County, NC (37077)	1999	422	47,498	888.5
	2000	443	48,498	913.4
	2001	445	50,137	887.6
	2002	441	51,977	848.5
	2003	452	52,836	855.5
	2004	454	53,296	851.8
	2005	448	54,115	827.9
	2006	498	55,167	902.7
	2007	517	57,356	901.4
	2008	549	58,356	940.8
	2009	492	59,411	828.1
	2010	458	59,916	764.4
	2011	447	57,713	774.5
	2012	493	57,884	851.7
	Total	6,559	764,160	858.3
Greene County, NC (37079)	1999	174	18,687	931.1
	2000	174	18,974	917.0
	2001	151	19,241	784.8
	2002	175	19,512	896.9
	2003	211	19,848	1,063.1
	2004	187	20,132	928.9
	2005	186	20,146	923.3
	2006	170	20,742	819.6
	2007	183	21,178	864.1
	2008	173	21,230	814.9
	2009	199	21,253	936.3
	2010	169	21,362	791.1
	2011	193	21,675	890.4
	2012	152	21,369	711.3
	Total	2,497	285,349	875.1
Guilford County, NC (37081)	1999	3,452	416,459	828.9
	2000	3,567	421,048	847.2
	2001	3,383	428,381	789.7
	2002	3,515	432,068	813.5
	2003	3,542	436,327	811.8
	2004	3,538	440,597	803.0
	2005	3,672	448,192	819.3
	2006	3,543	458,792	772.2
	2007	3,637	468,466	776.4
	2008	3,697	477,809	773.7
	2009	3,821	484,180	789.2
	2010	3,709	488,406	759.4
	2011	3,898	495,165	787.2
	2012	3,933	501,018	785.0
	Total	50,907	6,396,908	795.8
Halifax County, NC (37083)	1999	632	57,440	1,100.3
	2000	653	57,370	1,138.2
	2001	688	56,788	1,211.5
	2002	692	56,507	1,224.6
	2003	645	56,301	1,145.6
	2004	645	56,000	1,151.8
	2005	659	55,860	1,179.7
	2006	635	55,685	1,140.3
	2007	681	55,616	1,224.5
	2008	615	55,568	1,106.8
	2009	668	55,033	1,213.8
	2010	620	54,691	1,133.6
	2011	654	54,294	1,204.6
	2012	653	53,962	1,210.1
	Total	9,140	781,115	1,170.1
Harnett County, NC (37085)	1999	675	89,127	757.3
	2000	746	91,025	819.6
	2001	738	93,168	792.1
	2002	721	95,708	753.3
	2003	784	96,787	810.0
	2004	824	98,545	836.2
	2005	739	100,728	733.7
	2006	811	103,036	787.1
	2007	792	105,770	748.8
	2008	804	108,752	739.3
	2009	849	111,866	758.9
	2010	827	114,678	721.1
	2011	787	119,253	659.9
	2012	913	122,132	747.6
	Total	11,010	1,450,575	759.0
Haywood County, NC (37087)	1999	685	53,602	1,277.9
	2000	624	54,033	1,154.8
	2001	650	54,802	1,186.1
	2002	660	55,387	1,191.6
	2003	650	56,077	1,159.1
	2004	665	56,785	1,171.1
	2005	719	57,085	1,259.5
	2006	662	57,701	1,147.3
	2007	689	58,386	1,180.1
	2008	682	58,811	1,159.6
	2009	681	59,152	1,151.3
	2010	667	59,036	1,129.8
	2011	679	58,689	1,156.9
	2012	705	58,778	1,199.4
	Total	9,418	798,324	1,179.7
Henderson County, NC (37089)	1999	1,008	87,825	1,147.7
	2000	1,126	89,173	1,262.7
	2001	1,062	91,150	1,165.1
	2002	1,149	92,700	1,239.5
	2003	1,176	94,246	1,247.8
	2004	1,193	95,797	1,245.3
	2005	1,241	97,584	1,271.7
	2006	1,305	100,056	1,304.3
	2007	1,286	102,270	1,257.5
	2008	1,298	104,289	1,244.6
	2009	1,243	105,813	1,174.7
	2010	1,243	106,740	1,164.5
	2011	1,313	107,522	1,221.1
	2012	1,282	108,097	1,186.0
	Total	16,925	1,383,262	1,223.6
Hertford County, NC (37091)	1999	251	22,579	1,111.7
	2000	307	22,601	1,358.3
	2001	295	22,812	1,293.2
	2002	292	23,547	1,240.1
	2003	309	23,531	1,313.2
	2004	298	23,729	1,255.8
	2005	296	23,895	1,238.8
	2006	252	23,981	1,050.8
	2007	282	24,240	1,163.4
	2008	287	24,473	1,172.7
	2009	261	24,580	1,061.8
	2010	234	24,669	948.6
	2011	285	24,509	1,162.8
	2012	257	24,456	1,050.9
	Total	3,906	333,602	1,170.9
Hoke County, NC (37093)	1999	225	32,833	685.3
	2000	246	33,646	731.1
	2001	227	34,722	653.8
	2002	264	35,785	737.7
	2003	249	36,505	682.1
	2004	274	38,119	718.8
	2005	259	39,798	650.8
	2006	252	41,360	609.3
	2007	291	42,496	684.8
	2008	260	43,912	592.1
	2009	248	45,406	546.2
	2010	249	46,952	530.3
	2011	341	49,507	688.8
	2012	287	50,495	568.4
	Total	3,672	571,536	642.5
Hyde County, NC (37095)	1999	70	5,914	1,183.6
	2000	77	5,826	1,321.7
	2001	64	5,735	1,116.0
	2002	64	5,846	1,094.8
	2003	66	5,750	1,147.8
	2004	68	5,712	1,190.5
	2005	80	5,733	1,395.4
	2006	53	5,621	942.9
	2007	72	5,639	1,276.8
	2008	62	5,764	1,075.6
	2009	63	5,774	1,091.1
	2010	54	5,810	929.4
	2011	60	5,822	1,030.6
	2012	59	5,739	1,028.1
	Total	912	80,685	1,130.3
Iredell County, NC (37097)	1999	1,050	120,031	874.8
	2000	1,153	122,660	940.0
	2001	1,092	127,136	858.9
	2002	1,111	130,352	852.3
	2003	1,184	133,099	889.6
	2004	1,113	136,514	815.3
	2005	1,264	140,514	899.6
	2006	1,292	146,854	879.8
	2007	1,270	151,944	835.8
	2008	1,375	156,204	880.3
	2009	1,328	158,387	838.5
	2010	1,345	159,437	843.6
	2011	1,440	161,074	894.0
	2012	1,437	162,694	883.3
	Total	17,454	2,006,900	869.7
Jackson County, NC (37099)	1999	317	32,420	977.8
	2000	302	33,121	911.8
	2001	300	33,885	885.3
	2002	324	34,587	936.8
	2003	314	35,711	879.3
	2004	318	36,555	869.9
	2005	306	37,075	825.4
	2006	329	38,129	862.9
	2007	354	38,404	921.8
	2008	314	38,994	805.3
	2009	291	39,856	730.1
	2010	352	40,271	874.1
	2011	320	40,182	796.4
	2012	326	40,500	804.9
	Total	4,467	519,690	859.6
Johnston County, NC (37101)	1999	956	117,765	811.8
	2000	967	121,965	792.9
	2001	946	127,487	742.0
	2002	988	132,103	747.9
	2003	1,022	135,628	753.5
	2004	1,073	140,055	766.1
	2005	1,058	144,417	732.6
	2006	1,024	149,721	683.9
	2007	1,074	155,695	689.8
	2008	1,122	161,746	693.7
	2009	1,166	166,478	700.4
	2010	1,185	168,878	701.7
	2011	1,217	172,747	704.5
	2012	1,239	174,801	708.8
	Total	15,037	2,069,486	726.6
Jones County, NC (37103)	1999	106	10,350	1,024.2
	2000	133	10,381	1,281.2
	2001	114	10,215	1,116.0
	2002	130	10,112	1,285.6
	2003	117	9,957	1,175.1
	2004	94	10,123	928.6
	2005	106	10,053	1,054.4
	2006	103	9,994	1,030.6
	2007	123	10,035	1,225.7
	2008	119	9,974	1,193.1
	2009	103	10,143	1,015.5
	2010	148	10,153	1,457.7
	2011	133	10,247	1,297.9
	2012	126	10,284	1,225.2
	Total	1,655	142,021	1,165.3
Lee County, NC (37105)	1999	459	48,766	941.2
	2000	524	49,040	1,068.5
	2001	465	49,853	932.7
	2002	453	49,313	918.6
	2003	477	49,372	966.1
	2004	491	49,747	987.0
	2005	483	51,056	946.0
	2006	471	52,642	894.7
	2007	512	54,106	946.3
	2008	495	55,822	886.7
	2009	490	57,359	854.3
	2010	536	57,866	926.3
	2011	556	58,568	949.3
	2012	505	59,579	847.6
	Total	6,917	743,089	930.8
Lenoir County, NC (37107)	1999	692	59,863	1,156.0
	2000	710	59,648	1,190.3
	2001	732	59,421	1,231.9
	2002	698	59,293	1,177.2
	2003	754	59,142	1,274.9
	2004	663	59,088	1,122.1
	2005	703	59,195	1,187.6
	2006	667	59,203	1,126.6
	2007	691	59,072	1,169.8
	2008	660	59,398	1,111.1
	2009	723	59,421	1,216.7
	2010	706	59,495	1,186.7
	2011	645	59,440	1,085.1
	2012	710	59,171	1,199.9
	Total	9,754	830,850	1,174.0
Lincoln County, NC (37109)	1999	509	62,955	808.5
	2000	571	63,780	895.3
	2001	563	65,352	861.5
	2002	594	66,400	894.6
	2003	573	67,444	849.6
	2004	620	68,267	908.2
	2005	607	69,902	868.4
	2006	623	72,179	863.1
	2007	635	74,139	856.5
	2008	697	76,143	915.4
	2009	691	77,573	890.8
	2010	672	78,265	858.6
	2011	715	78,824	907.1
	2012	681	79,269	859.1
	Total	8,751	1,000,492	874.7
McDowell County, NC (37111)	1999	345	41,874	823.9
	2000	395	42,151	937.1
	2001	346	42,796	808.5
	2002	377	42,911	878.6
	2003	348	43,211	805.4
	2004	441	43,390	1,016.4
	2005	434	43,655	994.2
	2006	471	43,969	1,071.2
	2007	431	44,345	971.9
	2008	457	44,768	1,020.8
	2009	458	44,865	1,020.8
	2010	415	44,996	922.3
	2011	519	44,946	1,154.7
	2012	482	44,975	1,071.7
	Total	5,919	612,852	965.8
Macon County, NC (37113)	1999	370	29,252	1,264.9
	2000	372	29,811	1,247.9
	2001	362	30,415	1,190.2
	2002	405	30,870	1,312.0
	2003	395	31,248	1,264.1
	2004	422	31,667	1,332.6
	2005	425	32,054	1,325.9
	2006	423	32,736	1,292.2
	2007	441	33,164	1,329.8
	2008	406	33,608	1,208.0
	2009	370	33,820	1,094.0
	2010	418	33,922	1,232.2
	2011	439	33,825	1,297.9
	2012	418	33,854	1,234.7
	Total	5,666	450,246	1,258.4
Madison County, NC (37115)	1999	222	19,392	1,144.8
	2000	230	19,635	1,171.4
	2001	199	19,848	1,002.6
	2002	228	19,890	1,146.3
	2003	219	19,873	1,102.0
	2004	209	19,992	1,045.4
	2005	250	20,097	1,244.0
	2006	209	20,265	1,031.3
	2007	251	20,420	1,229.2
	2008	222	20,585	1,078.5
	2009	204	20,700	985.5
	2010	211	20,764	1,016.2
	2011	216	20,836	1,036.7
	2012	209	20,873	1,001.3
	Total	3,079	283,170	1,087.3
Martin County, NC (37117)	1999	375	25,623	1,463.5
	2000	419	25,593	1,637.2
	2001	365	25,211	1,447.8
	2002	417	25,055	1,664.3
	2003	378	24,968	1,513.9
	2004	333	24,822	1,341.6
	2005	344	24,575	1,399.8
	2006	307	24,651	1,245.4
	2007	315	24,391	1,291.5
	2008	309	24,404	1,266.2
	2009	298	24,408	1,220.9
	2010	310	24,505	1,265.0
	2011	320	24,266	1,318.7
	2012	325	23,906	1,359.5
	Total	4,815	346,378	1,390.1
Mecklenburg County, NC (37119)	1999	4,418	682,071	647.7
	2000	4,594	695,454	660.6
	2001	4,471	720,171	620.8
	2002	4,641	736,422	630.2
	2003	4,732	753,991	627.6
	2004	4,691	772,949	606.9
	2005	4,805	798,701	601.6
	2006	4,842	831,507	582.3
	2007	5,004	862,177	580.4
	2008	5,033	887,991	566.8
	2009	5,077	908,704	558.7
	2010	5,079	919,628	552.3
	2011	5,155	944,770	545.6
	2012	5,378	967,971	555.6
	Total	67,920	11,482,507	591.5
Mitchell County, NC (37121)	1999	187	15,498	1,206.6
	2000	224	15,687	1,427.9
	2001	197	15,860	1,242.1
	2002	201	15,856	1,267.7
	2003	222	15,837	1,401.8
	2004	185	15,928	1,161.5
	2005	195	15,858	1,229.7
	2006	223	15,699	1,420.5
	2007	193	15,746	1,225.7
	2008	199	15,740	1,264.3
	2009	211	15,671	1,346.4
	2010	212	15,579	1,360.8
	2011	203	15,363	1,321.4
	2012	205	15,369	1,333.9
	Total	2,857	219,691	1,300.5
Montgomery County, NC (37123)	1999	267	26,430	1,010.2
	2000	278	26,822	1,036.5
	2001	244	26,952	905.3
	2002	294	26,991	1,089.3
	2003	262	27,226	962.3
	2004	306	27,077	1,130.1
	2005	309	27,153	1,138.0
	2006	250	27,311	915.4
	2007	239	27,490	869.4
	2008	215	27,716	775.7
	2009	248	27,710	895.0
	2010	267	27,798	960.5
	2011	285	27,875	1,022.4
	2012	266	27,648	962.1
	Total	3,730	382,199	975.9
Moore County, NC (37125)	1999	795	73,799	1,077.3
	2000	865	74,769	1,156.9
	2001	856	76,259	1,122.5
	2002	925	77,521	1,193.2
	2003	914	78,333	1,166.8
	2004	968	79,475	1,218.0
	2005	961	80,841	1,188.8
	2006	920	82,838	1,110.6
	2007	1,002	84,795	1,181.7
	2008	964	86,122	1,119.3
	2009	1,035	87,244	1,186.3
	2010	1,012	88,247	1,146.8
	2011	998	89,344	1,117.0
	2012	1,028	90,387	1,137.3
	Total	13,243	1,149,974	1,151.6
Nash County, NC (37127)	1999	862	87,042	990.3
	2000	887	87,420	1,014.6
	2001	853	88,242	966.7
	2002	910	88,843	1,024.3
	2003	897	89,493	1,002.3
	2004	918	90,262	1,017.0
	2005	924	90,876	1,016.8
	2006	917	92,127	995.4
	2007	914	93,733	975.1
	2008	915	94,718	966.0
	2009	916	95,492	959.2
	2010	948	95,840	989.1
	2011	976	95,880	1,017.9
	2012	964	95,517	1,009.2
	Total	12,801	1,285,485	995.8
New Hanover County, NC (37129)	1999	1,362	158,774	857.8
	2000	1,339	160,307	835.3
	2001	1,473	164,386	896.1
	2002	1,421	168,147	845.1
	2003	1,445	171,928	840.5
	2004	1,429	178,362	801.2
	2005	1,482	185,412	799.3
	2006	1,520	190,791	796.7
	2007	1,566	194,339	805.8
	2008	1,576	197,709	797.1
	2009	1,583	200,178	790.8
	2010	1,573	202,667	776.2
	2011	1,707	206,044	828.5
	2012	1,703	209,165	814.2
	Total	21,179	2,588,209	818.3
Northampton County, NC (37131)	1999	309	21,981	1,405.8
	2000	283	22,086	1,281.4
	2001	287	22,063	1,300.8
	2002	286	22,073	1,295.7
	2003	287	22,101	1,298.6
	2004	293	21,981	1,333.0
	2005	312	22,180	1,406.7
	2006	260	22,112	1,175.8
	2007	288	22,293	1,291.9
	2008	267	22,259	1,199.5
	2009	265	22,102	1,199.0
	2010	249	22,099	1,126.7
	2011	241	21,975	1,096.7
	2012	298	21,301	1,399.0
	Total	3,925	308,606	1,271.8
Onslow County, NC (37133)	1999	771	149,628	515.3
	2000	751	150,355	499.5
	2001	797	151,068	527.6
	2002	757	153,397	493.5
	2003	775	150,481	515.0
	2004	819	158,837	515.6
	2005	847	157,205	538.8
	2006	822	161,185	510.0
	2007	829	163,256	507.8
	2008	889	169,059	525.9
	2009	847	173,064	489.4
	2010	858	177,772	482.6
	2011	912	177,834	512.8
	2012	924	184,001	502.2
	Total	11,598	2,277,142	509.3
Orange County, NC (37135)	1999	760	116,862	650.3
	2000	699	118,227	591.2
	2001	701	118,684	590.6
	2002	685	117,667	582.2
	2003	716	118,667	603.4
	2004	696	119,320	583.3
	2005	736	121,526	605.6
	2006	655	124,286	527.0
	2007	732	127,193	575.5
	2008	717	129,764	552.5
	2009	672	132,369	507.7
	2010	774	133,801	578.5
	2011	743	135,193	549.6
	2012	699	138,237	505.7
	Total	9,985	1,751,796	570.0
Pamlico County, NC (37137)	1999	149	12,898	1,155.2
	2000	126	12,934	974.2
	2001	158	12,848	1,229.8
	2002	157	12,919	1,215.3
	2003	140	12,913	1,084.2
	2004	146	12,849	1,136.3
	2005	170	13,005	1,307.2
	2006	122	12,995	938.8
	2007	159	13,013	1,221.9
	2008	148	13,094	1,130.3
	2009	140	13,136	1,065.8
	2010	147	13,144	1,118.4
	2011	141	13,307	1,059.6
	2012	148	13,072	1,132.2
	Total	2,051	182,127	1,126.1
Pasquotank County, NC (37139)	1999	384	34,913	1,099.9
	2000	372	34,897	1,066.0
	2001	374	34,787	1,075.1
	2002	338	35,281	958.0
	2003	383	35,673	1,073.6
	2004	358	36,533	979.9
	2005	375	37,741	993.6
	2006	346	38,956	888.2
	2007	359	40,049	896.4
	2008	363	40,554	895.1
	2009	356	40,541	878.1
	2010	390	40,661	959.2
	2011	413	40,359	1,023.3
	2012	406	40,505	1,002.3
	Total	5,217	531,450	981.7
Pender County, NC (37141)	1999	369	40,538	910.3
	2000	372	41,082	905.5
	2001	376	41,610	903.6
	2002	383	42,416	903.0
	2003	370	42,949	861.5
	2004	379	44,136	858.7
	2005	385	45,485	846.4
	2006	451	47,481	949.9
	2007	454	49,181	923.1
	2008	436	50,551	862.5
	2009	446	51,636	863.7
	2010	450	52,217	861.8
	2011	441	53,490	824.5
	2012	507	54,188	935.6
	Total	5,819	656,960	885.7
Perquimans County, NC (37143)	1999	136	11,234	1,210.6
	2000	143	11,368	1,257.9
	2001	162	11,533	1,404.7
	2002	159	11,598	1,370.9
	2003	138	11,696	1,179.9
	2004	142	11,817	1,201.7
	2005	155	12,102	1,280.8
	2006	147	12,494	1,176.6
	2007	137	12,901	1,061.9
	2008	160	13,292	1,203.7
	2009	134	13,273	1,009.6
	2010	138	13,453	1,025.8
	2011	133	13,440	989.6
	2012	146	13,526	1,079.4
	Total	2,030	173,727	1,168.5
Person County, NC (37145)	1999	321	35,155	913.1
	2000	386	35,623	1,083.6
	2001	393	36,085	1,089.1
	2002	358	36,751	974.1
	2003	418	37,104	1,126.6
	2004	356	37,391	952.1
	2005	385	37,931	1,015.0
	2006	389	38,244	1,017.2
	2007	430	38,656	1,112.4
	2008	398	39,016	1,020.1
	2009	398	39,335	1,011.8
	2010	421	39,464	1,066.8
	2011	395	39,544	998.9
	2012	418	39,214	1,065.9
	Total	5,466	529,513	1,032.3
Pitt County, NC (37147)	1999	996	132,554	751.4
	2000	1,060	133,798	792.2
	2001	1,019	136,605	745.9
	2002	1,063	139,128	764.0
	2003	1,084	141,610	765.5
	2004	1,048	144,486	725.3
	2005	1,110	147,929	750.4
	2006	1,081	152,934	706.8
	2007	1,103	157,479	700.4
	2008	1,167	162,116	719.9
	2009	1,136	165,581	686.1
	2010	1,097	168,148	652.4
	2011	1,180	170,783	690.9
	2012	1,170	172,971	676.4
	Total	15,314	2,126,122	720.3
Polk County, NC (37149)	1999	283	18,024	1,570.1
	2000	288	18,324	1,571.7
	2001	264	18,683	1,413.0
	2002	284	18,928	1,500.4
	2003	286	19,064	1,500.2
	2004	276	19,325	1,428.2
	2005	283	19,557	1,447.1
	2006	276	19,912	1,386.1
	2007	299	20,145	1,484.2
	2008	315	20,393	1,544.6
	2009	287	20,531	1,397.9
	2010	303	20,510	1,477.3
	2011	273	20,278	1,346.3
	2012	253	20,242	1,249.9
	Total	3,970	273,916	1,449.3
Randolph County, NC (37151)	1999	1,049	128,722	814.9
	2000	1,119	130,454	857.8
	2001	1,157	132,092	875.9
	2002	1,132	132,989	851.2
	2003	1,132	134,034	844.6
	2004	1,111	134,732	824.6
	2005	1,229	136,301	901.7
	2006	1,225	137,885	888.4
	2007	1,267	138,855	912.5
	2008	1,306	140,297	930.9
	2009	1,341	141,175	949.9
	2010	1,327	141,752	936.1
	2011	1,275	142,082	897.4
	2012	1,426	142,500	1,000.7
	Total	17,096	1,913,870	893.3
Richmond County, NC (37153)	1999	532	46,449	1,145.3
	2000	523	46,564	1,123.2
	2001	526	46,480	1,131.7
	2002	551	46,659	1,180.9
	2003	538	46,292	1,162.2
	2004	501	46,227	1,083.8
	2005	500	46,310	1,079.7
	2006	538	46,263	1,162.9
	2007	526	46,390	1,133.9
	2008	557	46,538	1,196.9
	2009	522	46,537	1,121.7
	2010	550	46,639	1,179.3
	2011	535	46,656	1,146.7
	2012	539	46,433	1,160.8
	Total	7,438	650,437	1,143.5
Robeson County, NC (37155)	1999	1,222	122,514	997.4
	2000	1,183	123,339	959.1
	2001	1,221	123,913	985.4
	2002	1,144	124,676	917.6
	2003	1,254	125,665	997.9
	2004	1,129	126,117	895.2
	2005	1,134	127,885	886.7
	2006	1,219	128,894	945.7
	2007	1,218	130,453	933.7
	2008	1,212	131,734	920.0
	2009	1,148	132,984	863.3
	2010	1,175	134,168	875.8
	2011	1,218	135,019	902.1
	2012	1,244	135,379	918.9
	Total	16,721	1,802,740	927.5
Rockingham County, NC (37157)	1999	1,004	91,845	1,093.1
	2000	1,084	91,928	1,179.2
	2001	955	92,268	1,035.0
	2002	1,048	92,798	1,129.3
	2003	1,096	92,779	1,181.3
	2004	1,002	92,382	1,084.6
	2005	1,037	92,587	1,120.0
	2006	1,122	92,960	1,207.0
	2007	1,066	93,164	1,144.2
	2008	1,043	93,299	1,117.9
	2009	1,049	93,547	1,121.4
	2010	1,024	93,643	1,093.5
	2011	1,055	93,176	1,132.3
	2012	1,096	92,664	1,182.8
	Total	14,681	1,299,040	1,130.1
Rowan County, NC (37159)	1999	1,325	129,436	1,023.7
	2000	1,364	130,340	1,046.5
	2001	1,328	131,852	1,007.2
	2002	1,368	132,765	1,030.4
	2003	1,290	132,562	973.1
	2004	1,288	132,202	974.3
	2005	1,365	132,527	1,030.0
	2006	1,342	134,045	1,001.2
	2007	1,345	135,626	991.7
	2008	1,400	137,721	1,016.5
	2009	1,410	138,562	1,017.6
	2010	1,464	138,428	1,057.6
	2011	1,482	138,093	1,073.2
	2012	1,503	138,004	1,089.1
	Total	19,274	1,882,163	1,024.0
Rutherford County, NC (37161)	1999	720	62,511	1,151.8
	2000	760	62,899	1,208.3
	2001	753	63,671	1,182.6
	2002	773	63,924	1,209.2
	2003	743	64,475	1,152.4
	2004	761	64,692	1,176.3
	2005	786	65,126	1,206.9
	2006	829	65,855	1,258.8
	2007	831	66,305	1,253.3
	2008	815	67,145	1,213.8
	2009	771	67,561	1,141.2
	2010	821	67,810	1,210.7
	2011	803	67,412	1,191.2
	2012	785	67,303	1,166.4
	Total	10,951	916,689	1,194.6
Sampson County, NC (37163)	1999	606	59,325	1,021.5
	2000	633	60,161	1,052.2
	2001	638	60,526	1,054.1
	2002	615	60,732	1,012.6
	2003	649	61,144	1,061.4
	2004	631	61,376	1,028.1
	2005	591	61,720	957.6
	2006	574	62,118	924.0
	2007	635	62,539	1,015.4
	2008	618	62,837	983.5
	2009	592	63,127	937.8
	2010	643	63,431	1,013.7
	2011	591	63,675	928.2
	2012	612	63,948	957.0
	Total	8,628	866,659	995.5
Scotland County, NC (37165)	1999	309	35,926	860.1
	2000	415	35,998	1,152.8
	2001	344	35,851	959.5
	2002	312	35,450	880.1
	2003	384	35,442	1,083.5
	2004	351	36,446	963.1
	2005	375	36,405	1,030.1
	2006	377	36,348	1,037.2
	2007	384	36,399	1,055.0
	2008	428	36,463	1,173.8
	2009	373	36,313	1,027.2
	2010	367	36,157	1,015.0
	2011	362	36,366	995.4
	2012	409	36,205	1,129.7
	Total	5,190	505,769	1,026.2
Stanly County, NC (37167)	1999	606	57,791	1,048.6
	2000	613	58,100	1,055.1
	2001	563	58,674	959.5
	2002	615	58,689	1,047.9
	2003	616	58,748	1,048.5
	2004	563	58,638	960.1
	2005	594	58,931	1,008.0
	2006	657	59,185	1,110.1
	2007	568	59,849	949.1
	2008	620	60,418	1,026.2
	2009	628	60,496	1,038.1
	2010	658	60,585	1,086.1
	2011	631	60,444	1,043.9
	2012	671	60,510	1,108.9
	Total	8,603	831,058	1,035.2
Stokes County, NC (37169)	1999	385	44,255	870.0
	2000	420	44,711	939.4
	2001	402	44,974	893.8
	2002	414	45,079	918.4
	2003	464	45,331	1,023.6
	2004	393	45,772	858.6
	2005	447	46,165	968.3
	2006	434	46,755	928.2
	2007	468	47,079	994.1
	2008	456	47,363	962.8
	2009	471	47,422	993.2
	2010	494	47,401	1,042.2
	2011	490	47,202	1,038.1
	2012	473	46,765	1,011.4
	Total	6,211	646,274	961.0
Surry County, NC (37171)	1999	788	70,942	1,110.8
	2000	762	71,219	1,069.9
	2001	773	71,782	1,076.9
	2002	794	72,152	1,100.5
	2003	753	72,404	1,040.0
	2004	775	72,219	1,073.1
	2005	820	72,562	1,130.1
	2006	845	72,807	1,160.6
	2007	817	73,027	1,118.8
	2008	848	73,404	1,155.3
	2009	811	73,505	1,103.3
	2010	848	73,673	1,151.0
	2011	870	73,625	1,181.7
	2012	829	73,531	1,127.4
	Total	11,333	1,016,852	1,114.5
Swain County, NC (37173)	1999	140	12,799	1,093.8
	2000	172	12,968	1,326.3
	2001	151	13,030	1,158.9
	2002	162	13,120	1,234.8
	2003	196	13,199	1,485.0
	2004	156	13,240	1,178.2
	2005	167	13,463	1,240.4
	2006	183	13,693	1,336.4
	2007	190	13,819	1,374.9
	2008	176	13,872	1,268.7
	2009	185	13,933	1,327.8
	2010	186	13,981	1,330.4
	2011	189	13,999	1,350.1
	2012	176	14,099	1,248.3
	Total	2,429	189,215	1,283.7
Transylvania County, NC (37175)	1999	352	29,160	1,207.1
	2000	326	29,334	1,111.3
	2001	349	29,619	1,178.3
	2002	388	30,009	1,292.9
	2003	394	30,073	1,310.1
	2004	361	30,417	1,186.8
	2005	360	30,910	1,164.7
	2006	313	31,469	994.6
	2007	384	32,061	1,197.7
	2008	377	32,543	1,158.5
	2009	344	32,852	1,047.1
	2010	407	33,090	1,230.0
	2011	414	32,828	1,261.1
	2012	376	32,805	1,146.2
	Total	5,145	437,170	1,176.9
Tyrrell County, NC (37177)	1999	41	4,150	988.0
	2000	40	4,149	964.1
	2001	53	4,166	1,272.2
	2002	61	4,235	1,440.4
	2003	34	4,344	782.7
	2004	33	4,289	769.4
	2005	46	4,280	1,074.8
	2006	25	4,339	576.2
	2007	33	4,402	749.7
	2008	58	4,353	1,332.4
	2009	56	4,358	1,285.0
	2010	62	4,407	1,406.9
	2011	48	4,339	1,106.2
	2012	42	4,141	1,014.2
	Total	632	59,952	1,054.2
Union County, NC (37179)	1999	799	118,621	673.6
	2000	829	123,677	670.3
	2001	847	131,661	643.3
	2002	954	138,329	689.7
	2003	888	144,244	615.6
	2004	950	151,452	627.3
	2005	942	160,835	585.7
	2006	1,044	172,529	605.1
	2007	1,021	184,782	552.5
	2008	1,157	193,678	597.4
	2009	1,066	198,533	536.9
	2010	1,218	201,292	605.1
	2011	1,147	205,171	559.0
	2012	1,238	208,498	593.8
	Total	14,100	2,333,302	604.3
Vance County, NC (37181)	1999	456	42,530	1,072.2
	2000	452	42,954	1,052.3
	2001	494	43,932	1,124.5
	2002	484	44,056	1,098.6
	2003	502	44,030	1,140.1
	2004	487	44,081	1,104.8
	2005	494	44,136	1,119.3
	2006	421	44,574	944.5
	2007	452	44,676	1,011.7
	2008	431	44,977	958.3
	2009	448	45,223	990.6
	2010	436	45,422	959.9
	2011	444	45,165	983.1
	2012	476	45,052	1,056.6
	Total	6,477	620,808	1,043.3
Wake County, NC (37183)	1999	3,197	612,728	521.8
	2000	3,249	627,846	517.5
	2001	3,332	656,819	507.3
	2002	3,362	676,392	497.0
	2003	3,575	695,746	513.8
	2004	3,518	716,336	491.1
	2005	3,693	746,048	495.0
	2006	3,745	784,038	477.7
	2007	4,031	821,607	490.6
	2008	4,110	856,492	479.9
	2009	4,159	883,624	470.7
	2010	4,286	900,993	475.7
	2011	4,427	929,070	476.5
	2012	4,715	952,143	495.2
	Total	53,399	10,859,882	491.7
Warren County, NC (37185)	1999	213	19,994	1,065.3
	2000	209	19,972	1,046.5
	2001	250	20,067	1,245.8
	2002	228	20,131	1,132.6
	2003	251	20,293	1,236.9
	2004	217	20,464	1,060.4
	2005	231	20,642	1,119.1
	2006	223	20,513	1,087.1
	2007	235	20,724	1,134.0
	2008	211	20,923	1,008.5
	2009	238	20,959	1,135.6
	2010	224	20,972	1,068.1
	2011	214	20,917	1,023.1
	2012	221	20,582	1,073.8
	Total	3,165	287,153	1,102.2
Washington County, NC (37187)	1999	164	13,745	1,193.2
	2000	203	13,723	1,479.3
	2001	181	13,589	1,332.0
	2002	147	13,472	1,091.2
	2003	146	13,510	1,080.7
	2004	157	13,393	1,172.3
	2005	161	13,401	1,201.4
	2006	131	13,305	984.6
	2007	170	13,176	1,290.2
	2008	153	13,300	1,150.4
	2009	151	13,252	1,139.5
	2010	161	13,228	1,217.1
	2011	150	12,932	1,159.9
	2012	138	12,717	1,085.2
	Total	2,213	186,743	1,185.1
Watauga County, NC (37189)	1999	304	42,412	716.8
	2000	276	42,695	646.4
	2001	274	43,853	624.8
	2002	312	44,570	700.0
	2003	312	45,095	691.9
	2004	285	45,478	626.7
	2005	287	46,390	618.7
	2006	321	47,748	672.3
	2007	278	48,765	570.1
	2008	291	50,266	578.9
	2009	331	50,706	652.8
	2010	322	51,079	630.4
	2011	347	51,600	672.5
	2012	288	52,106	552.7
	Total	4,228	662,763	637.9
Wayne County, NC (37191)	1999	1,086	113,176	959.6
	2000	1,098	113,329	968.9
	2001	1,031	113,934	904.9
	2002	1,036	114,305	906.3
	2003	1,049	114,595	915.4
	2004	1,105	116,484	948.6
	2005	1,058	117,009	904.2
	2006	1,063	117,534	904.4
	2007	1,094	118,942	919.8
	2008	1,050	119,910	875.7
	2009	1,170	121,217	965.2
	2010	1,109	122,623	904.4
	2011	1,156	123,884	933.1
	2012	1,135	124,318	913.0
	Total	15,240	1,651,260	922.9
Wilkes County, NC (37193)	1999	638	65,092	980.2
	2000	684	65,632	1,042.2
	2001	645	66,694	967.1
	2002	673	67,202	1,001.5
	2003	683	67,617	1,010.1
	2004	647	67,668	956.1
	2005	689	68,104	1,011.7
	2006	672	68,489	981.2
	2007	683	68,966	990.3
	2008	705	69,317	1,017.1
	2009	712	69,258	1,028.0
	2010	721	69,340	1,039.8
	2011	674	69,201	974.0
	2012	783	69,208	1,131.4
	Total	9,609	951,788	1,009.6
Wilson County, NC (37195)	1999	812	73,166	1,109.8
	2000	742	73,814	1,005.2
	2001	741	74,232	998.2
	2002	708	75,213	941.3
	2003	736	75,685	972.5
	2004	796	76,140	1,045.4
	2005	778	76,775	1,013.4
	2006	827	77,379	1,068.8
	2007	767	78,474	977.4
	2008	775	79,790	971.3
	2009	789	80,664	978.1
	2010	791	81,234	973.7
	2011	773	81,450	949.0
	2012	815	81,755	996.9
	Total	10,850	1,085,771	999.3
Yadkin County, NC (37197)	1999	357	35,805	997.1
	2000	382	36,348	1,051.0
	2001	372	36,837	1,009.9
	2002	390	37,285	1,046.0
	2003	366	37,301	981.2
	2004	350	37,265	939.2
	2005	409	37,591	1,088.0
	2006	378	37,881	997.9
	2007	382	37,965	1,006.2
	2008	369	38,225	965.3
	2009	382	38,293	997.6
	2010	410	38,406	1,067.5
	2011	378	38,260	988.0
	2012	375	38,094	984.4
	Total	5,300	525,556	1,008.5
Yancey County, NC (37199)	1999	193	17,612	1,095.8
	2000	218	17,774	1,226.5
	2001	177	17,789	995.0
	2002	170	17,710	959.9
	2003	199	17,664	1,126.6
	2004	195	17,704	1,101.4
	2005	202	17,757	1,137.6
	2006	214	17,814	1,201.3
	2007	205	18,000	1,138.9
	2008	192	18,016	1,065.7
	2009	197	17,931	1,098.7
	2010	226	17,818	1,268.4
	2011	232	17,693	1,311.3
	2012	236	17,626	1,338.9
	Total	2,856	248,908	1,147.4
Total		1,050,719	123,945,603	847.7
