
                        
                      	Year	
                        
                      	
                        
                      	
                        
                      
Appling County, GA (13001)	1968	136	11,961	1,137.0
	1969	124	12,356	1,003.6
	1970	161	12,762	1,261.6
	1971	137	13,396	1,022.7
	1972	146	13,694	1,066.2
	1973	138	14,373	960.1
	1974	149	14,515	1,026.5
	1975	124	14,729	841.9
	1976	143	15,140	944.5
	1977	126	15,515	812.1
	1978	136	15,511	876.8
	Total	1,520	153,952	987.3
Atkinson County, GA (13003)	1968	60	6,161	973.9
	1969	56	6,017	930.7
	1970	77	6,040	1,274.8
	1971	72	5,726	1,257.4
	1972	78	5,785	1,348.3
	1973	61	5,953	1,024.7
	1974	72	5,945	1,211.1
	1975	80	6,010	1,331.1
	1976	60	6,138	977.5
	1977	65	6,130	1,060.4
	1978	62	6,181	1,003.1
	Total	743	66,086	1,124.3
Bacon County, GA (13005)	1968	92	7,910	1,163.1
	1969	85	8,067	1,053.7
	1970	84	8,259	1,017.1
	1971	108	8,554	1,262.6
	1972	82	8,662	946.7
	1973	104	8,839	1,176.6
	1974	102	8,933	1,141.8
	1975	85	9,109	933.1
	1976	107	9,206	1,162.3
	1977	83	9,354	887.3
	1978	97	9,319	1,040.9
	Total	1,029	96,212	1,069.5
Baker County, GA (13007)	1968	31	4,288	722.9
	1969	30	4,028	744.8
	1970	38	3,862	983.9
	1971	40	3,588	1,114.8
	1972	46	3,694	1,245.3
	1973	37	3,900	948.7
	1974	52	3,782	1,374.9
	1975	41	3,719	1,102.4
	1976	41	3,752	1,092.8
	1977	39	3,827	1,019.1
	1978	31	3,883	798.4
	Total	426	42,323	1,006.5
Baldwin County, GA (13009)	1968	258	33,512	769.9
	1969	248	33,968	730.1
	1970	252	34,371	733.2
	1971	266	34,977	760.5
	1972	298	33,962	877.5
	1973	290	34,218	847.5
	1974	258	34,377	750.5
	1975	270	35,751	755.2
	1976	239	34,620	690.4
	1977	254	34,886	728.1
	1978	290	33,866	856.3
	Total	2,923	378,508	772.2
Banks County, GA (13011)	1968	64	6,837	936.1
	1969	61	6,832	892.9
	1970	59	6,833	863.5
	1971	58	6,812	851.4
	1972	68	7,085	959.8
	1973	61	7,095	859.8
	1974	61	7,164	851.5
	1975	71	7,379	962.2
	1976	76	7,622	997.1
	1977	70	8,027	872.1
	1978	68	8,211	828.2
	Total	717	79,897	897.4
Barrow County, GA (13013)	1968	145	15,999	906.3
	1969	169	16,567	1,020.1
	1970	185	16,923	1,093.2
	1971	205	17,545	1,168.4
	1972	182	18,508	983.4
	1973	178	18,669	953.5
	1974	176	19,140	919.5
	1975	173	19,496	887.4
	1976	174	19,719	882.4
	1977	201	19,936	1,008.2
	1978	213	20,298	1,049.4
	Total	2,001	202,800	986.7
Bartow County, GA (13015)	1968	317	30,968	1,023.6
	1969	295	31,965	922.9
	1970	318	32,936	965.5
	1971	329	34,556	952.1
	1972	322	35,743	900.9
	1973	334	36,908	905.0
	1974	339	37,436	905.5
	1975	342	37,700	907.2
	1976	321	38,234	839.6
	1977	328	39,035	840.3
	1978	341	39,295	867.8
	Total	3,586	394,776	908.4
Ben Hill County, GA (13017)	1968	194	13,137	1,476.7
	1969	188	13,133	1,431.5
	1970	185	13,199	1,401.6
	1971	183	13,281	1,377.9
	1972	184	13,672	1,345.8
	1973	177	14,038	1,260.9
	1974	186	14,296	1,301.1
	1975	149	14,336	1,039.3
	1976	149	14,488	1,028.4
	1977	181	14,883	1,216.2
	1978	190	15,243	1,246.5
	Total	1,966	153,706	1,279.1
Berrien County, GA (13019)	1968	118	11,071	1,065.8
	1969	116	11,352	1,021.8
	1970	118	11,584	1,018.6
	1971	131	11,956	1,095.7
	1972	108	12,368	873.2
	1973	149	12,432	1,198.5
	1974	119	12,688	937.9
	1975	122	12,635	965.6
	1976	106	12,977	816.8
	1977	127	13,343	951.8
	1978	122	13,595	897.4
	Total	1,336	136,001	982.3
Bibb County, GA (13021)	1968	1,496	140,449	1,065.2
	1969	1,552	142,294	1,090.7
	1970	1,616	143,690	1,124.6
	1971	1,543	146,091	1,056.2
	1972	1,474	147,262	1,000.9
	1973	1,573	147,615	1,065.6
	1974	1,515	147,488	1,027.2
	1975	1,501	149,071	1,006.9
	1976	1,542	148,855	1,035.9
	1977	1,500	150,742	995.1
	1978	1,417	151,384	936.0
	Total	16,729	1,614,941	1,035.9
Bleckley County, GA (13023)	1968	98	9,965	983.4
	1969	126	10,167	1,239.3
	1970	98	10,304	951.1
	1971	98	10,565	927.6
	1972	112	10,756	1,041.3
	1973	108	10,632	1,015.8
	1974	114	10,613	1,074.2
	1975	112	10,690	1,047.7
	1976	104	10,748	967.6
	1977	105	10,647	986.2
	1978	91	10,834	839.9
	Total	1,166	115,921	1,005.9
Brantley County, GA (13025)	1968	57	5,934	960.6
	1969	49	5,947	823.9
	1970	49	5,944	824.4
	1971	60	5,949	1,008.6
	1972	70	6,180	1,132.7
	1973	69	6,633	1,040.3
	1974	61	6,846	891.0
	1975	67	7,002	956.9
	1976	80	7,182	1,113.9
	1977	74	7,231	1,023.4
	1978	76	7,333	1,036.4
	Total	712	72,181	986.4
Brooks County, GA (13027)	1968	210	13,400	1,567.2
	1969	192	13,603	1,411.5
	1970	170	13,798	1,232.1
	1971	189	14,065	1,343.8
	1972	182	14,458	1,258.8
	1973	196	14,277	1,372.8
	1974	171	14,363	1,190.6
	1975	172	14,540	1,182.9
	1976	182	14,745	1,234.3
	1977	179	14,389	1,244.0
	1978	157	14,248	1,101.9
	Total	2,000	155,886	1,283.0
Bryan County, GA (13029)	1968	75	6,200	1,209.7
	1969	73	6,412	1,138.5
	1970	80	6,613	1,209.7
	1971	73	6,831	1,068.7
	1972	64	7,095	902.0
	1973	56	7,597	737.1
	1974	84	8,146	1,031.2
	1975	64	8,367	764.9
	1976	64	8,648	740.1
	1977	70	8,791	796.3
	1978	63	9,133	689.8
	Total	766	83,833	913.7
Bulloch County, GA (13031)	1968	279	31,038	898.9
	1969	244	31,353	778.2
	1970	243	31,573	769.6
	1971	243	32,124	756.4
	1972	278	32,377	858.6
	1973	282	32,693	862.6
	1974	286	32,719	874.1
	1975	263	32,717	803.9
	1976	277	33,305	831.7
	1977	255	33,991	750.2
	1978	240	34,365	698.4
	Total	2,890	358,255	806.7
Burke County, GA (13033)	1968	239	18,188	1,314.1
	1969	260	18,297	1,421.0
	1970	221	18,306	1,207.3
	1971	244	18,369	1,328.3
	1972	224	18,209	1,230.2
	1973	219	18,556	1,180.2
	1974	249	18,334	1,358.1
	1975	181	18,672	969.4
	1976	239	18,730	1,276.0
	1977	213	19,351	1,100.7
	1978	182	19,392	938.5
	Total	2,471	204,404	1,208.9
Butts County, GA (13035)	1968	114	10,054	1,133.9
	1969	103	10,353	994.9
	1970	103	10,568	974.6
	1971	125	11,018	1,134.5
	1972	104	11,059	940.4
	1973	110	12,289	895.1
	1974	127	12,449	1,020.2
	1975	128	12,705	1,007.5
	1976	110	13,008	845.6
	1977	115	13,166	873.5
	1978	126	13,457	936.3
	Total	1,265	130,126	972.1
Calhoun County, GA (13037)	1968	81	7,447	1,087.7
	1969	92	6,905	1,332.4
	1970	105	6,655	1,577.8
	1971	76	6,109	1,244.1
	1972	92	6,094	1,509.7
	1973	76	6,286	1,209.0
	1974	74	6,381	1,159.7
	1975	69	6,363	1,084.4
	1976	81	6,199	1,306.7
	1977	73	6,100	1,196.7
	1978	90	6,040	1,490.1
	Total	909	70,579	1,287.9
Camden County, GA (13039)	1968	78	10,937	713.2
	1969	89	11,170	796.8
	1970	103	11,324	909.6
	1971	105	11,656	900.8
	1972	104	11,435	909.5
	1973	112	11,533	971.1
	1974	89	11,398	780.8
	1975	104	11,337	917.4
	1976	95	11,234	845.6
	1977	83	11,206	740.7
	1978	79	11,032	716.1
	Total	1,041	124,262	837.7
Candler County, GA (13043)	1968	78	6,550	1,190.8
	1969	78	6,460	1,207.4
	1970	92	6,465	1,423.0
	1971	81	6,323	1,281.0
	1972	66	6,426	1,027.1
	1973	99	6,637	1,491.6
	1974	85	6,645	1,279.2
	1975	72	6,908	1,042.3
	1976	67	7,116	941.5
	1977	79	7,200	1,097.2
	1978	77	7,290	1,056.2
	Total	874	74,020	1,180.8
Carroll County, GA (13045)	1968	444	42,418	1,046.7
	1969	448	44,170	1,014.3
	1970	448	45,618	982.1
	1971	410	47,955	855.0
	1972	442	50,197	880.5
	1973	496	51,867	956.3
	1974	445	53,171	836.9
	1975	428	54,057	791.8
	1976	450	54,745	822.0
	1977	443	55,005	805.4
	1978	458	55,192	829.8
	Total	4,912	554,395	886.0
Catoosa County, GA (13047)	1968	188	27,154	692.3
	1969	199	27,804	715.7
	1970	196	28,218	694.6
	1971	174	29,067	598.6
	1972	226	30,131	750.1
	1973	214	31,260	684.6
	1974	213	31,786	670.1
	1975	223	31,811	701.0
	1976	245	32,963	743.3
	1977	237	33,567	706.1
	1978	259	34,558	749.5
	Total	2,374	338,319	701.7
Charlton County, GA (13049)	1968	53	5,235	1,012.4
	1969	54	5,469	987.4
	1970	55	5,757	955.4
	1971	65	6,093	1,066.8
	1972	54	6,278	860.1
	1973	60	6,487	924.9
	1974	78	6,634	1,175.8
	1975	50	6,793	736.1
	1976	82	7,095	1,155.7
	1977	65	7,247	896.9
	1978	60	7,429	807.6
	Total	676	70,517	958.6
Chatham County, GA (13051)	1968	2,023	197,208	1,025.8
	1969	2,058	192,074	1,071.5
	1970	1,928	188,566	1,022.5
	1971	1,932	182,878	1,056.4
	1972	1,916	182,951	1,047.3
	1973	1,849	182,053	1,015.6
	1974	1,928	181,310	1,063.4
	1975	1,810	188,619	959.6
	1976	1,874	194,516	963.4
	1977	1,779	200,101	889.1
	1978	1,864	200,142	931.3
	Total	20,961	2,090,418	1,002.7
Chattahoochee County, GA (13053)	1968	21	37,206	56.4
	1969	25	30,267	82.6
	1970	36	26,079	138.0
	1971	38	20,592	184.5
	1972	22	15,182	144.9
	1973	33	15,233	216.6
	1974	35	16,747	209.0
	1975	28	17,400	160.9
	1976	42	19,632	213.9
	1977	50	16,850	296.7
	1978	37	22,623	163.6
	Total	367	237,811	154.3
Chattooga County, GA (13055)	1968	224	19,548	1,145.9
	1969	203	20,129	1,008.5
	1970	207	20,602	1,004.8
	1971	219	21,396	1,023.6
	1972	202	21,300	948.4
	1973	258	21,851	1,180.7
	1974	253	22,302	1,134.4
	1975	212	22,296	950.8
	1976	209	22,241	939.7
	1977	237	22,545	1,051.2
	1978	232	21,999	1,054.6
	Total	2,456	236,209	1,039.8
Cherokee County, GA (13057)	1968	262	29,025	902.7
	1969	259	30,093	860.7
	1970	226	31,166	725.1
	1971	283	32,744	864.3
	1972	222	34,718	639.4
	1973	276	36,619	753.7
	1974	289	39,175	737.7
	1975	247	40,454	610.6
	1976	277	42,475	652.1
	1977	314	44,243	709.7
	1978	300	45,746	655.8
	Total	2,955	406,458	727.0
Clarke County, GA (13059)	1968	479	63,129	758.8
	1969	452	64,410	701.8
	1970	419	65,477	639.9
	1971	467	67,344	693.5
	1972	438	69,821	627.3
	1973	465	73,091	636.2
	1974	505	74,178	680.8
	1975	408	74,038	551.1
	1976	399	71,197	560.4
	1977	458	71,365	641.8
	1978	494	71,809	687.9
	Total	4,984	765,859	650.8
Clay County, GA (13061)	1968	62	3,821	1,622.6
	1969	50	3,715	1,345.9
	1970	50	3,674	1,360.9
	1971	45	3,538	1,271.9
	1972	60	3,664	1,637.6
	1973	49	3,635	1,348.0
	1974	39	3,556	1,096.7
	1975	54	3,502	1,542.0
	1976	61	3,617	1,686.5
	1977	46	3,600	1,277.8
	1978	52	3,567	1,457.8
	Total	568	39,889	1,424.0
Clayton County, GA (13063)	1968	404	87,792	460.2
	1969	463	93,416	495.6
	1970	503	98,362	511.4
	1971	487	106,785	456.1
	1972	538	112,738	477.2
	1973	576	123,352	467.0
	1974	561	131,743	425.8
	1975	531	133,991	396.3
	1976	601	136,167	441.4
	1977	632	140,731	449.1
	1978	672	143,536	468.2
	Total	5,968	1,308,613	456.1
Clinch County, GA (13065)	1968	55	6,307	872.0
	1969	63	6,385	986.7
	1970	62	6,416	966.3
	1971	68	6,498	1,046.5
	1972	64	6,329	1,011.2
	1973	44	6,544	672.4
	1974	72	6,447	1,116.8
	1975	63	6,510	967.7
	1976	59	6,555	900.1
	1977	81	6,496	1,246.9
	1978	67	6,479	1,034.1
	Total	698	70,966	983.6
Cobb County, GA (13067)	1968	1,065	183,788	579.5
	1969	1,016	191,185	531.4
	1970	1,070	197,529	541.7
	1971	1,144	207,345	551.7
	1972	1,226	214,912	570.5
	1973	1,314	227,334	578.0
	1974	1,327	242,665	546.8
	1975	1,310	249,067	526.0
	1976	1,294	256,234	505.0
	1977	1,347	265,540	507.3
	1978	1,489	275,728	540.0
	Total	13,602	2,511,327	541.6
Coffee County, GA (13069)	1968	200	21,860	914.9
	1969	234	22,414	1,044.0
	1970	254	22,883	1,110.0
	1971	217	23,640	917.9
	1972	252	24,040	1,048.3
	1973	265	25,046	1,058.1
	1974	273	25,447	1,072.8
	1975	239	25,755	928.0
	1976	228	25,958	878.3
	1977	237	25,982	912.2
	1978	219	25,942	844.2
	Total	2,618	268,967	973.4
Colquitt County, GA (13071)	1968	348	31,728	1,096.8
	1969	356	32,069	1,110.1
	1970	354	32,329	1,095.0
	1971	328	32,850	998.5
	1972	372	33,205	1,120.3
	1973	367	33,642	1,090.9
	1974	361	34,274	1,053.3
	1975	349	34,164	1,021.5
	1976	329	33,987	968.0
	1977	356	34,352	1,036.3
	1978	365	34,311	1,063.8
	Total	3,885	366,911	1,058.8
Columbia County, GA (13073)	1968	120	21,396	560.9
	1969	119	21,970	541.6
	1970	122	22,479	542.7
	1971	154	23,163	664.9
	1972	146	23,383	624.4
	1973	157	25,624	612.7
	1974	155	27,172	570.4
	1975	167	29,752	561.3
	1976	174	32,435	536.5
	1977	162	34,271	472.7
	1978	198	35,278	561.3
	Total	1,674	296,923	563.8
Cook County, GA (13075)	1968	123	12,244	1,004.6
	1969	143	12,194	1,172.7
	1970	140	12,207	1,146.9
	1971	133	12,053	1,103.5
	1972	160	12,598	1,270.0
	1973	147	12,816	1,147.0
	1974	120	12,855	933.5
	1975	121	12,892	938.6
	1976	122	12,980	939.9
	1977	113	13,074	864.3
	1978	130	13,202	984.7
	Total	1,452	139,115	1,043.7
Coweta County, GA (13077)	1968	297	30,430	976.0
	1969	356	31,467	1,131.3
	1970	329	32,375	1,016.2
	1971	352	33,933	1,037.3
	1972	360	34,501	1,043.4
	1973	376	35,601	1,056.2
	1974	359	36,191	992.0
	1975	367	36,167	1,014.7
	1976	319	36,512	873.7
	1977	394	36,826	1,069.9
	1978	353	37,377	944.4
	Total	3,862	381,380	1,012.6
Crawford County, GA (13079)	1968	58	5,438	1,066.6
	1969	66	5,570	1,184.9
	1970	59	5,723	1,030.9
	1971	49	6,024	813.4
	1972	66	5,993	1,101.3
	1973	54	6,217	868.6
	1974	51	6,473	787.9
	1975	57	6,691	851.9
	1976	46	6,872	669.4
	1977	61	7,022	868.7
	1978	65	7,285	892.2
	Total	632	69,308	911.9
Crisp County, GA (13081)	1968	228	18,100	1,259.7
	1969	203	18,116	1,120.6
	1970	209	18,125	1,153.1
	1971	206	18,132	1,136.1
	1972	212	18,538	1,143.6
	1973	201	19,002	1,057.8
	1974	196	19,392	1,010.7
	1975	218	19,621	1,111.1
	1976	202	19,549	1,033.3
	1977	217	19,414	1,117.8
	1978	222	19,487	1,139.2
	Total	2,314	207,476	1,115.3
Dade County, GA (13083)	1968	94	9,005	1,043.9
	1969	78	9,502	820.9
	1970	83	9,916	837.0
	1971	77	10,682	720.8
	1972	88	10,752	818.5
	1973	100	11,384	878.4
	1974	104	11,748	885.3
	1975	91	11,702	777.6
	1976	86	11,620	740.1
	1977	87	11,768	739.3
	1978	88	11,774	747.4
	Total	976	119,853	814.3
Dawson County, GA (13085)	1968	44	3,618	1,216.1
	1969	45	3,620	1,243.1
	1970	40	3,650	1,095.9
	1971	33	3,658	902.1
	1972	44	3,651	1,205.1
	1973	42	3,990	1,052.6
	1974	39	3,992	977.0
	1975	46	4,025	1,142.9
	1976	31	4,216	735.3
	1977	47	4,381	1,072.8
	1978	45	4,460	1,009.0
	Total	456	43,261	1,054.1
Decatur County, GA (13087)	1968	243	22,007	1,104.2
	1969	234	22,173	1,055.3
	1970	277	22,452	1,233.7
	1971	242	22,734	1,064.5
	1972	238	22,513	1,057.2
	1973	267	23,014	1,160.2
	1974	239	23,697	1,008.6
	1975	240	24,304	987.5
	1976	278	24,748	1,123.3
	1977	264	24,904	1,060.1
	1978	227	24,749	917.2
	Total	2,749	257,295	1,068.4
DeKalb County, GA (13089)	1968	2,343	387,174	605.2
	1969	2,552	402,748	633.6
	1970	2,502	416,235	601.1
	1971	2,579	440,361	585.7
	1972	2,720	461,857	588.9
	1973	2,794	466,709	598.7
	1974	2,715	477,238	568.9
	1975	2,620	476,950	549.3
	1976	2,577	479,112	537.9
	1977	2,665	487,801	546.3
	1978	2,778	488,831	568.3
	Total	28,845	4,985,016	578.6
Dodge County, GA (13091)	1968	211	14,953	1,411.1
	1969	197	15,351	1,283.3
	1970	202	15,697	1,286.9
	1971	219	16,224	1,349.9
	1972	174	16,470	1,056.5
	1973	181	16,537	1,094.5
	1974	228	16,653	1,369.1
	1975	196	16,769	1,168.8
	1976	185	16,924	1,093.1
	1977	173	16,977	1,019.0
	1978	214	17,057	1,254.6
	Total	2,180	179,612	1,213.7
Dooly County, GA (13093)	1968	130	10,157	1,279.9
	1969	137	10,285	1,332.0
	1970	153	10,420	1,468.3
	1971	109	10,584	1,029.9
	1972	112	10,942	1,023.6
	1973	134	10,651	1,258.1
	1974	123	10,771	1,142.0
	1975	134	10,867	1,233.1
	1976	137	10,914	1,255.3
	1977	126	11,088	1,136.4
	1978	123	11,076	1,110.5
	Total	1,418	117,755	1,204.2
Dougherty County, GA (13095)	1968	636	85,235	746.2
	1969	637	87,863	725.0
	1970	631	90,032	700.9
	1971	641	93,431	686.1
	1972	716	96,523	741.8
	1973	677	96,616	700.7
	1974	686	92,190	744.1
	1975	667	92,991	717.3
	1976	705	94,794	743.7
	1977	653	97,042	672.9
	1978	656	97,869	670.3
	Total	7,305	1,024,586	713.0
Douglas County, GA (13097)	1968	215	24,885	864.0
	1969	193	26,991	715.1
	1970	207	28,694	721.4
	1971	219	31,776	689.2
	1972	236	33,833	697.5
	1973	248	40,415	613.6
	1974	253	43,943	575.7
	1975	258	45,536	566.6
	1976	291	47,173	616.9
	1977	286	48,307	592.0
	1978	299	50,685	589.9
	Total	2,705	422,238	640.6
Early County, GA (13099)	1968	161	12,501	1,287.9
	1969	145	12,628	1,148.2
	1970	147	12,681	1,159.2
	1971	148	12,823	1,154.2
	1972	158	12,881	1,226.6
	1973	131	12,778	1,025.2
	1974	172	12,714	1,352.8
	1975	135	12,816	1,053.4
	1976	136	12,900	1,054.3
	1977	136	13,008	1,045.5
	1978	141	12,918	1,091.5
	Total	1,610	140,648	1,144.7
Echols County, GA (13101)	1968	12	1,871	641.4 (Unreliable)
	1969	18	1,906	944.4 (Unreliable)
	1970	22	1,921	1,145.2
	1971	17	1,960	867.3 (Unreliable)
	1972	38	2,004	1,896.2
	1973	22	1,901	1,157.3
	1974	18	2,049	878.5 (Unreliable)
	1975	15	2,114	709.6 (Unreliable)
	1976	9	2,098	429.0 (Unreliable)
	1977	17	2,161	786.7 (Unreliable)
	1978	11	2,141	513.8 (Unreliable)
	Total	199	22,126	899.4
Effingham County, GA (13103)	1968	106	12,850	824.9
	1969	124	13,246	936.1
	1970	113	13,623	829.5
	1971	119	14,184	839.0
	1972	104	14,345	725.0
	1973	116	15,173	764.5
	1974	109	15,465	704.8
	1975	114	15,596	731.0
	1976	107	15,835	675.7
	1977	115	16,603	692.6
	1978	134	17,292	774.9
	Total	1,261	164,212	767.9
Elbert County, GA (13105)	1968	184	17,346	1,060.8
	1969	187	17,294	1,081.3
	1970	219	17,331	1,263.6
	1971	202	17,207	1,173.9
	1972	190	17,625	1,078.0
	1973	229	17,762	1,289.3
	1974	187	17,810	1,050.0
	1975	203	18,010	1,127.2
	1976	209	17,923	1,166.1
	1977	210	18,301	1,147.5
	1978	178	18,273	974.1
	Total	2,198	194,882	1,127.9
Emanuel County, GA (13107)	1968	225	17,838	1,261.4
	1969	214	18,102	1,182.2
	1970	222	18,376	1,208.1
	1971	223	18,850	1,183.0
	1972	216	19,749	1,093.7
	1973	206	19,700	1,045.7
	1974	219	19,874	1,101.9
	1975	196	20,083	975.9
	1976	205	20,386	1,005.6
	1977	201	20,635	974.1
	1978	204	20,759	982.7
	Total	2,331	214,352	1,087.5
Evans County, GA (13109)	1968	98	6,214	1,577.1
	1969	91	6,825	1,333.3
	1970	88	7,295	1,206.3
	1971	86	8,247	1,042.8
	1972	94	8,381	1,121.6
	1973	104	7,837	1,327.0
	1974	85	7,828	1,085.8
	1975	83	8,027	1,034.0
	1976	99	8,315	1,190.6
	1977	79	8,323	949.2
	1978	80	8,432	948.8
	Total	987	85,724	1,151.4
Fannin County, GA (13111)	1968	122	12,862	948.5
	1969	131	13,144	996.7
	1970	127	13,328	952.9
	1971	154	13,748	1,120.2
	1972	132	13,873	951.5
	1973	150	14,070	1,066.1
	1974	131	13,813	948.4
	1975	173	14,100	1,227.0
	1976	151	14,485	1,042.5
	1977	150	14,649	1,024.0
	1978	132	14,673	899.6
	Total	1,553	152,745	1,016.7
Fayette County, GA (13113)	1968	86	10,545	815.6
	1969	93	10,988	846.4
	1970	97	11,359	853.9
	1971	87	12,158	715.6
	1972	96	12,603	761.7
	1973	97	14,905	650.8
	1974	101	16,306	619.4
	1975	102	17,589	579.9
	1976	105	19,164	547.9
	1977	126	20,853	604.2
	1978	127	23,473	541.0
	Total	1,117	169,943	657.3
Floyd County, GA (13115)	1968	646	71,233	906.9
	1969	667	72,724	917.2
	1970	707	73,941	956.2
	1971	734	75,821	968.1
	1972	784	76,337	1,027.0
	1973	781	77,161	1,012.2
	1974	756	77,890	970.6
	1975	761	78,913	964.4
	1976	723	79,417	910.4
	1977	764	80,480	949.3
	1978	763	80,185	951.5
	Total	8,086	844,102	957.9
Forsyth County, GA (13117)	1968	145	14,418	1,005.7
	1969	139	15,759	882.0
	1970	130	16,949	767.0
	1971	132	19,072	692.1
	1972	154	19,627	784.6
	1973	180	21,151	851.0
	1974	155	22,362	693.1
	1975	146	22,976	635.4
	1976	152	23,636	643.1
	1977	169	24,333	694.5
	1978	170	24,944	681.5
	Total	1,672	225,227	742.4
Franklin County, GA (13119)	1968	182	12,464	1,460.2
	1969	129	12,658	1,019.1
	1970	159	12,814	1,240.8
	1971	133	13,078	1,017.0
	1972	182	13,450	1,353.2
	1973	182	13,850	1,314.1
	1974	158	13,991	1,129.3
	1975	158	14,267	1,107.5
	1976	163	14,483	1,125.5
	1977	136	14,989	907.3
	1978	162	15,052	1,076.3
	Total	1,744	151,096	1,154.2
Fulton County, GA (13121)	1968	6,376	611,277	1,043.1
	1969	6,168	608,203	1,014.1
	1970	6,264	607,443	1,031.2
	1971	5,934	605,112	980.6
	1972	5,964	607,374	981.9
	1973	6,012	599,901	1,002.2
	1974	5,813	587,325	989.7
	1975	5,403	576,894	936.6
	1976	5,435	569,937	953.6
	1977	5,574	567,684	981.9
	1978	5,621	571,486	983.6
	Total	64,564	6,512,636	991.4
Gilmer County, GA (13123)	1968	110	8,205	1,340.6
	1969	111	8,613	1,288.7
	1970	87	8,967	970.2
	1971	78	9,572	814.9
	1972	108	9,357	1,154.2
	1973	99	9,798	1,010.4
	1974	96	10,096	950.9
	1975	93	10,437	891.1
	1976	103	10,567	974.7
	1977	102	11,116	917.6
	1978	114	10,827	1,052.9
	Total	1,101	107,555	1,023.7
Glascock County, GA (13125)	1968	29	2,253	1,287.2
	1969	25	2,259	1,106.7
	1970	24	2,279	1,053.1
	1971	33	2,280	1,447.4
	1972	26	2,307	1,127.0
	1973	28	2,265	1,236.2
	1974	27	2,259	1,195.2
	1975	29	2,222	1,305.1
	1976	41	2,178	1,882.5
	1977	20	2,222	900.1
	1978	20	2,199	909.5
	Total	302	24,723	1,221.5
Glynn County, GA (13127)	1968	423	48,647	869.5
	1969	434	49,772	872.0
	1970	445	50,758	876.7
	1971	478	52,343	913.2
	1972	444	53,292	833.1
	1973	462	53,656	861.0
	1974	441	52,566	838.9
	1975	465	51,068	910.6
	1976	470	51,550	911.7
	1977	472	52,633	896.8
	1978	496	53,202	932.3
	Total	5,030	569,487	883.3
Gordon County, GA (13129)	1968	242	21,902	1,104.9
	1969	226	22,806	991.0
	1970	201	23,579	852.5
	1971	243	24,887	976.4
	1972	248	25,922	956.7
	1973	218	26,846	812.0
	1974	239	28,037	852.4
	1975	229	28,040	816.7
	1976	241	28,343	850.3
	1977	261	28,569	913.6
	1978	228	29,231	780.0
	Total	2,576	288,162	893.9
Grady County, GA (13131)	1968	207	18,062	1,146.1
	1969	187	17,906	1,044.3
	1970	191	17,816	1,072.1
	1971	190	17,706	1,073.1
	1972	210	18,044	1,163.8
	1973	203	18,405	1,103.0
	1974	204	18,564	1,098.9
	1975	208	19,175	1,084.7
	1976	199	19,317	1,030.2
	1977	194	19,716	984.0
	1978	198	19,757	1,002.2
	Total	2,191	204,468	1,071.6
Greene County, GA (13133)	1968	157	10,355	1,516.2
	1969	145	10,281	1,410.4
	1970	147	10,226	1,437.5
	1971	129	10,153	1,270.6
	1972	144	10,480	1,374.0
	1973	133	10,652	1,248.6
	1974	144	10,928	1,317.7
	1975	109	11,106	981.5
	1976	119	11,135	1,068.7
	1977	130	11,360	1,144.4
	1978	135	11,443	1,179.8
	Total	1,492	118,119	1,263.1
Gwinnett County, GA (13135)	1968	500	64,508	775.1
	1969	474	68,905	687.9
	1970	471	72,551	649.2
	1971	502	79,086	634.8
	1972	560	84,272	664.5
	1973	518	99,875	518.6
	1974	591	110,691	533.9
	1975	610	118,233	515.9
	1976	639	126,186	506.4
	1977	699	135,280	516.7
	1978	672	145,078	463.2
	Total	6,236	1,104,665	564.5
Habersham County, GA (13137)	1968	176	19,824	887.8
	1969	139	20,313	684.3
	1970	171	20,765	823.5
	1971	168	21,381	785.7
	1972	150	22,126	677.9
	1973	184	22,404	821.3
	1974	192	23,005	834.6
	1975	174	23,531	739.5
	1976	172	24,334	706.8
	1977	192	24,829	773.3
	1978	191	25,257	756.2
	Total	1,909	247,769	770.5
Hall County, GA (13139)	1968	454	56,208	807.7
	1969	520	57,912	897.9
	1970	484	59,470	813.9
	1971	468	62,070	754.0
	1972	590	63,317	931.8
	1973	578	65,700	879.8
	1974	555	66,781	831.1
	1975	560	68,890	812.9
	1976	532	69,578	764.6
	1977	543	71,222	762.4
	1978	581	72,553	800.8
	Total	5,865	713,701	821.8
Hancock County, GA (13141)	1968	116	8,659	1,339.6
	1969	106	8,846	1,198.3
	1970	100	9,031	1,107.3
	1971	100	9,356	1,068.8
	1972	102	9,388	1,086.5
	1973	119	9,485	1,254.6
	1974	102	9,417	1,083.1
	1975	101	9,489	1,064.4
	1976	89	9,490	937.8
	1977	114	9,557	1,192.8
	1978	102	9,630	1,059.2
	Total	1,151	102,348	1,124.6
Haralson County, GA (13143)	1968	183	15,122	1,210.2
	1969	149	15,572	956.8
	1970	148	15,937	928.7
	1971	154	16,506	933.0
	1972	182	16,911	1,076.2
	1973	183	17,095	1,070.5
	1974	184	17,269	1,065.5
	1975	156	17,488	892.0
	1976	182	17,753	1,025.2
	1977	165	17,926	920.5
	1978	155	18,064	858.1
	Total	1,841	185,643	991.7
Harris County, GA (13145)	1968	109	11,327	962.3
	1969	130	11,453	1,135.1
	1970	112	11,529	971.5
	1971	116	11,708	990.8
	1972	160	12,102	1,322.1
	1973	127	12,668	1,002.5
	1974	117	13,063	895.7
	1975	124	13,332	930.1
	1976	131	13,754	952.5
	1977	126	14,374	876.6
	1978	134	14,855	902.1
	Total	1,386	140,165	988.8
Hart County, GA (13147)	1968	149	15,291	974.4
	1969	133	15,571	854.2
	1970	194	15,794	1,228.3
	1971	157	16,224	967.7
	1972	164	16,444	997.3
	1973	164	17,097	959.2
	1974	148	17,271	856.9
	1975	156	17,570	887.9
	1976	181	17,852	1,013.9
	1977	177	18,107	977.5
	1978	168	18,209	922.6
	Total	1,791	185,430	965.9
Heard County, GA (13149)	1968	50	5,132	974.3
	1969	71	5,239	1,355.2
	1970	69	5,358	1,287.8
	1971	66	5,523	1,195.0
	1972	60	5,634	1,065.0
	1973	63	5,702	1,104.9
	1974	50	5,755	868.8
	1975	62	5,812	1,066.8
	1976	48	5,816	825.3
	1977	67	6,066	1,104.5
	1978	68	6,148	1,106.1
	Total	674	62,185	1,083.9
Henry County, GA (13151)	1968	174	22,355	778.3
	1969	189	23,094	818.4
	1970	216	23,752	909.4
	1971	233	24,956	933.6
	1972	244	25,384	961.2
	1973	248	27,185	912.3
	1974	205	28,923	708.8
	1975	222	29,628	749.3
	1976	246	29,835	824.5
	1977	229	30,362	754.2
	1978	202	32,158	628.1
	Total	2,408	297,632	809.1
Houston County, GA (13153)	1968	307	59,472	516.2
	1969	290	61,413	472.2
	1970	336	63,111	532.4
	1971	401	66,046	607.2
	1972	404	66,314	609.2
	1973	365	68,181	535.3
	1974	398	70,335	565.9
	1975	340	72,042	471.9
	1976	397	73,189	542.4
	1977	402	73,945	543.6
	1978	390	74,943	520.4
	Total	4,030	748,991	538.1
Irwin County, GA (13155)	1968	102	7,456	1,368.0
	1969	94	7,776	1,208.8
	1970	96	8,027	1,196.0
	1971	95	8,511	1,116.2
	1972	104	8,280	1,256.0
	1973	106	8,451	1,254.3
	1974	108	8,493	1,271.6
	1975	98	8,553	1,145.8
	1976	92	8,664	1,061.9
	1977	92	8,713	1,055.9
	1978	93	8,969	1,036.9
	Total	1,080	91,893	1,175.3
Jackson County, GA (13157)	1968	209	20,030	1,043.4
	1969	177	20,619	858.4
	1970	206	21,198	971.8
	1971	226	21,923	1,030.9
	1972	252	22,423	1,123.8
	1973	217	23,153	937.2
	1974	226	23,541	960.0
	1975	203	23,903	849.3
	1976	164	24,284	675.3
	1977	220	24,634	893.1
	1978	210	24,735	849.0
	Total	2,310	250,443	922.4
Jasper County, GA (13159)	1968	80	5,435	1,471.9
	1969	69	5,646	1,222.1
	1970	76	5,780	1,314.9
	1971	81	6,056	1,337.5
	1972	82	6,209	1,320.7
	1973	66	6,689	986.7
	1974	86	7,114	1,208.9
	1975	65	7,322	887.7
	1976	82	7,645	1,072.6
	1977	78	7,762	1,004.9
	1978	88	7,930	1,109.7
	Total	853	73,588	1,159.2
Jeff Davis County, GA (13161)	1968	105	8,707	1,205.9
	1969	93	9,120	1,019.7
	1970	75	9,447	793.9
	1971	101	10,053	1,004.7
	1972	106	10,055	1,054.2
	1973	119	10,572	1,125.6
	1974	109	11,000	990.9
	1975	87	11,105	783.4
	1976	94	11,440	821.7
	1977	109	11,599	939.7
	1978	111	11,519	963.6
	Total	1,109	114,617	967.6
Jefferson County, GA (13163)	1968	220	17,648	1,246.6
	1969	203	17,378	1,168.1
	1970	204	17,219	1,184.7
	1971	224	16,888	1,326.4
	1972	222	16,982	1,307.3
	1973	204	17,360	1,175.1
	1974	223	17,509	1,273.6
	1975	209	17,626	1,185.7
	1976	163	17,740	918.8
	1977	182	17,874	1,018.2
	1978	198	17,860	1,108.6
	Total	2,252	192,084	1,172.4
Jenkins County, GA (13165)	1968	98	8,368	1,171.1
	1969	108	8,364	1,291.2
	1970	99	8,342	1,186.8
	1971	104	8,289	1,254.7
	1972	104	8,309	1,251.7
	1973	97	8,381	1,157.4
	1974	119	8,307	1,432.5
	1975	92	8,199	1,122.1
	1976	88	8,308	1,059.2
	1977	107	8,328	1,284.8
	1978	96	8,489	1,130.9
	Total	1,112	91,684	1,212.9
Johnson County, GA (13167)	1968	73	7,793	936.7
	1969	96	7,765	1,236.3
	1970	96	7,759	1,237.3
	1971	97	7,703	1,259.2
	1972	96	8,065	1,190.3
	1973	78	8,007	974.1
	1974	94	8,092	1,161.6
	1975	85	8,257	1,029.4
	1976	78	8,394	929.2
	1977	69	8,660	796.8
	1978	91	8,477	1,073.5
	Total	953	88,972	1,071.1
Jones County, GA (13169)	1968	94	10,449	899.6
	1969	89	11,433	778.4
	1970	85	12,247	694.0
	1971	95	13,802	688.3
	1972	106	14,351	738.6
	1973	99	13,969	708.7
	1974	95	14,228	667.7
	1975	79	14,697	537.5
	1976	92	15,104	609.1
	1977	96	15,551	617.3
	1978	122	15,913	766.7
	Total	1,052	151,744	693.3
Lamar County, GA (13171)	1968	123	10,212	1,204.5
	1969	126	10,472	1,203.2
	1970	126	10,686	1,179.1
	1971	115	11,072	1,038.7
	1972	114	11,247	1,013.6
	1973	105	11,011	953.6
	1974	120	11,336	1,058.6
	1975	112	11,626	963.4
	1976	98	11,675	839.4
	1977	113	11,638	971.0
	1978	126	11,805	1,067.3
	Total	1,278	122,780	1,040.9
Lanier County, GA (13173)	1968	54	4,828	1,118.5
	1969	56	4,946	1,132.2
	1970	44	5,013	877.7
	1971	42	5,189	809.4
	1972	76	5,148	1,476.3
	1973	52	5,102	1,019.2
	1974	66	5,230	1,262.0
	1975	58	5,201	1,115.2
	1976	66	5,235	1,260.7
	1977	45	5,440	827.2
	1978	47	5,395	871.2
	Total	606	56,727	1,068.3
Laurens County, GA (13175)	1968	358	32,189	1,112.2
	1969	397	32,534	1,220.3
	1970	392	32,794	1,195.3
	1971	359	33,288	1,078.5
	1972	364	33,915	1,073.3
	1973	426	34,396	1,238.5
	1974	379	34,221	1,107.5
	1975	337	34,925	964.9
	1976	336	35,302	951.8
	1977	380	36,062	1,053.7
	1978	374	36,755	1,017.5
	Total	4,102	376,381	1,089.9
Lee County, GA (13177)	1968	61	6,680	913.2
	1969	48	6,875	698.2
	1970	67	7,073	947.3
	1971	50	7,408	674.9
	1972	70	7,545	927.8
	1973	63	9,065	695.0
	1974	50	9,411	531.3
	1975	72	9,730	740.0
	1976	64	9,983	641.1
	1977	61	10,511	580.3
	1978	71	10,850	654.4
	Total	677	95,131	711.7
Liberty County, GA (13179)	1968	117	17,417	671.8
	1969	112	17,565	637.6
	1970	119	17,722	671.5
	1971	128	18,089	707.6
	1972	128	18,200	703.3
	1973	150	17,528	855.8
	1974	112	17,547	638.3
	1975	145	21,309	680.5
	1976	154	25,199	611.1
	1977	143	29,759	480.5
	1978	142	34,038	417.2
	Total	1,450	234,373	618.7
Lincoln County, GA (13181)	1968	63	5,794	1,087.3
	1969	71	5,873	1,208.9
	1970	64	5,881	1,088.3
	1971	48	5,968	804.3
	1972	70	6,057	1,155.7
	1973	70	6,368	1,099.2
	1974	55	6,378	862.3
	1975	77	6,481	1,188.1
	1976	81	6,623	1,223.0
	1977	68	6,744	1,008.3
	1978	69	6,808	1,013.5
	Total	736	68,975	1,067.1
Long County, GA (13183)	1968	28	3,967	705.8
	1969	43	3,842	1,119.2
	1970	49	3,748	1,307.4
	1971	42	3,591	1,169.6
	1972	44	3,762	1,169.6
	1973	54	3,640	1,483.5
	1974	49	3,650	1,342.5
	1975	44	3,665	1,200.5
	1976	44	3,808	1,155.5
	1977	27	4,066	664.0
	1978	37	4,263	867.9
	Total	461	42,002	1,097.6
Lowndes County, GA (13185)	1968	464	51,751	896.6
	1969	506	53,673	942.7
	1970	451	55,338	815.0
	1971	529	58,265	907.9
	1972	518	60,607	854.7
	1973	480	62,567	767.2
	1974	486	63,716	762.8
	1975	507	63,561	797.7
	1976	461	64,859	710.8
	1977	492	66,789	736.6
	1978	485	66,810	725.9
	Total	5,379	667,936	805.3
Lumpkin County, GA (13187)	1968	51	8,311	613.6
	1969	55	8,541	644.0
	1970	68	8,759	776.3
	1971	74	9,079	815.1
	1972	60	9,326	643.4
	1973	64	9,426	679.0
	1974	59	9,489	621.8
	1975	68	9,669	703.3
	1976	65	9,878	658.0
	1977	81	10,314	785.3
	1978	82	10,125	809.9
	Total	727	102,917	706.4
McDuffie County, GA (13189)	1968	155	15,449	1,003.3
	1969	172	15,316	1,123.0
	1970	143	15,315	933.7
	1971	119	15,203	782.7
	1972	170	15,355	1,107.1
	1973	163	15,997	1,018.9
	1974	140	16,730	836.8
	1975	128	16,936	755.8
	1976	151	17,279	873.9
	1977	159	17,395	914.1
	1978	176	17,772	990.3
	Total	1,676	178,747	937.6
McIntosh County, GA (13191)	1968	64	6,893	928.5
	1969	66	7,171	920.4
	1970	87	7,365	1,181.3
	1971	78	7,708	1,011.9
	1972	56	8,092	692.0
	1973	79	8,163	967.8
	1974	85	8,251	1,030.2
	1975	72	8,071	892.1
	1976	78	7,939	982.5
	1977	73	8,398	869.3
	1978	90	7,922	1,136.1
	Total	828	85,973	963.1
Macon County, GA (13193)	1968	157	12,506	1,255.4
	1969	154	12,709	1,211.7
	1970	166	12,932	1,283.6
	1971	146	13,288	1,098.7
	1972	140	14,160	988.7
	1973	157	13,749	1,141.9
	1974	142	13,786	1,030.0
	1975	137	13,709	999.3
	1976	125	13,495	926.3
	1977	134	12,803	1,046.6
	1978	142	13,367	1,062.3
	Total	1,600	146,504	1,092.1
Madison County, GA (13195)	1968	147	12,447	1,181.0
	1969	114	13,008	876.4
	1970	128	13,610	940.5
	1971	143	14,374	994.9
	1972	144	14,746	976.5
	1973	113	15,417	733.0
	1974	127	15,784	804.6
	1975	139	15,868	876.0
	1976	139	16,148	860.8
	1977	153	16,500	927.3
	1978	149	16,583	898.5
	Total	1,496	164,485	909.5
Marion County, GA (13197)	1968	68	4,840	1,405.0
	1969	53	4,972	1,066.0
	1970	63	5,091	1,237.5
	1971	62	5,320	1,165.4
	1972	88	5,334	1,649.8
	1973	69	5,145	1,341.1
	1974	51	5,218	977.4
	1975	51	5,495	928.1
	1976	47	5,375	874.4
	1977	45	5,730	785.3
	1978	59	5,426	1,087.4
	Total	656	57,946	1,132.1
Meriwether County, GA (13199)	1968	234	18,628	1,256.2
	1969	227	19,064	1,190.7
	1970	234	19,453	1,202.9
	1971	202	20,090	1,005.5
	1972	240	20,144	1,191.4
	1973	229	20,221	1,132.5
	1974	220	20,241	1,086.9
	1975	181	20,336	890.0
	1976	225	20,677	1,088.2
	1977	214	20,856	1,026.1
	1978	215	20,716	1,037.8
	Total	2,421	220,426	1,098.3
Miller County, GA (13201)	1968	79	6,619	1,193.5
	1969	69	6,518	1,058.6
	1970	76	6,426	1,182.7
	1971	82	6,288	1,304.1
	1972	78	6,193	1,259.5
	1973	90	6,510	1,382.5
	1974	73	6,513	1,120.8
	1975	82	6,503	1,261.0
	1976	85	6,525	1,302.7
	1977	65	6,610	983.4
	1978	81	6,714	1,206.4
	Total	860	71,419	1,204.2
Mitchell County, GA (13205)	1968	243	18,997	1,279.1
	1969	234	18,983	1,232.7
	1970	223	19,082	1,168.6
	1971	205	19,106	1,073.0
	1972	210	19,085	1,100.3
	1973	222	19,857	1,118.0
	1974	208	20,441	1,017.6
	1975	177	19,717	897.7
	1976	211	19,773	1,067.1
	1977	193	19,897	970.0
	1978	217	20,247	1,071.8
	Total	2,343	215,185	1,088.8
Monroe County, GA (13207)	1968	130	9,732	1,335.8
	1969	108	10,425	1,036.0
	1970	116	11,029	1,051.8
	1971	119	12,087	984.5
	1972	128	12,597	1,016.1
	1973	128	12,330	1,038.1
	1974	129	12,682	1,017.2
	1975	103	12,713	810.2
	1976	124	12,897	961.5
	1977	118	13,497	874.3
	1978	110	13,698	803.0
	Total	1,313	133,687	982.1
Montgomery County, GA (13209)	1968	59	6,163	957.3
	1969	64	6,106	1,048.1
	1970	56	6,109	916.7
	1971	83	6,054	1,371.0
	1972	78	6,061	1,286.9
	1973	81	6,360	1,273.6
	1974	61	6,714	908.5
	1975	71	6,784	1,046.6
	1976	58	6,923	837.8
	1977	61	7,107	858.3
	1978	84	7,178	1,170.2
	Total	756	71,559	1,056.5
Morgan County, GA (13211)	1968	109	9,470	1,151.0
	1969	116	9,704	1,195.4
	1970	126	9,905	1,272.1
	1971	124	10,267	1,207.8
	1972	108	10,423	1,036.2
	1973	107	10,805	990.3
	1974	99	11,050	895.9
	1975	115	11,050	1,040.7
	1976	122	11,155	1,093.7
	1977	101	10,926	924.4
	1978	120	10,914	1,099.5
	Total	1,247	115,669	1,078.1
Murray County, GA (13213)	1968	87	12,063	721.2
	1969	105	12,563	835.8
	1970	99	13,024	760.1
	1971	89	13,763	646.7
	1972	122	14,440	844.9
	1973	107	15,736	680.0
	1974	110	16,638	661.1
	1975	103	16,802	613.0
	1976	136	17,269	787.5
	1977	140	17,939	780.4
	1978	128	18,592	688.5
	Total	1,226	168,829	726.2
Muscogee County, GA (13215)	1968	1,288	164,527	782.9
	1969	1,302	166,456	782.2
	1970	1,338	168,007	796.4
	1971	1,333	171,204	778.6
	1972	1,404	169,119	830.2
	1973	1,468	158,612	925.5
	1974	1,339	163,721	817.9
	1975	1,418	166,089	853.8
	1976	1,389	168,809	822.8
	1977	1,402	168,910	830.0
	1978	1,346	169,267	795.2
	Total	15,027	1,834,721	819.0
Newton County, GA (13217)	1968	256	24,883	1,028.8
	1969	252	25,693	980.8
	1970	230	26,332	873.5
	1971	263	27,472	957.3
	1972	266	28,254	941.5
	1973	326	31,351	1,039.8
	1974	275	32,319	850.9
	1975	254	32,349	785.2
	1976	263	33,142	793.6
	1977	260	33,619	773.4
	1978	290	33,788	858.3
	Total	2,935	329,202	891.5
Oconee County, GA (13219)	1968	69	7,668	899.8
	1969	66	7,813	844.7
	1970	87	7,928	1,097.4
	1971	85	8,141	1,044.1
	1972	72	8,718	825.9
	1973	84	9,120	921.1
	1974	73	9,513	767.4
	1975	72	9,876	729.0
	1976	88	10,217	861.3
	1977	79	10,849	728.2
	1978	70	11,427	612.6
	Total	845	101,270	834.4
Oglethorpe County, GA (13221)	1968	97	7,621	1,272.8
	1969	90	7,600	1,184.2
	1970	74	7,581	976.1
	1971	76	7,572	1,003.7
	1972	86	7,743	1,110.7
	1973	77	7,874	977.9
	1974	66	8,101	814.7
	1975	98	8,262	1,186.2
	1976	102	8,432	1,209.7
	1977	89	8,635	1,030.7
	1978	75	8,719	860.2
	Total	930	88,140	1,055.1
Paulding County, GA (13223)	1968	150	16,339	918.0
	1969	151	16,998	888.3
	1970	162	17,569	922.1
	1971	168	18,467	909.7
	1972	166	19,615	846.3
	1973	190	20,570	923.7
	1974	161	21,775	739.4
	1975	157	22,161	708.5
	1976	176	22,741	773.9
	1977	192	23,905	803.2
	1978	154	24,364	632.1
	Total	1,827	224,504	813.8
Peach County, GA (13225)	1968	155	14,653	1,057.8
	1969	153	15,407	993.1
	1970	155	15,960	971.2
	1971	153	17,127	893.3
	1972	144	18,523	777.4
	1973	178	17,522	1,015.9
	1974	173	17,642	980.6
	1975	150	17,791	843.1
	1976	170	17,905	949.5
	1977	167	18,216	916.8
	1978	154	18,812	818.6
	Total	1,752	189,558	924.3
Pickens County, GA (13227)	1968	97	9,290	1,044.1
	1969	92	9,454	973.1
	1970	99	9,620	1,029.1
	1971	79	9,857	801.5
	1972	100	9,889	1,011.2
	1973	113	10,460	1,080.3
	1974	119	10,563	1,126.6
	1975	109	10,691	1,019.5
	1976	108	10,937	987.5
	1977	92	11,239	818.6
	1978	113	11,247	1,004.7
	Total	1,121	113,247	989.9
Pierce County, GA (13229)	1968	116	8,983	1,291.3
	1969	102	9,136	1,116.5
	1970	102	9,314	1,095.1
	1971	89	9,566	930.4
	1972	122	9,757	1,250.4
	1973	95	10,090	941.5
	1974	119	10,410	1,143.1
	1975	109	10,780	1,011.1
	1976	118	11,213	1,052.3
	1977	103	11,589	888.8
	1978	132	11,603	1,137.6
	Total	1,207	112,441	1,073.5
Pike County, GA (13231)	1968	78	7,238	1,077.6
	1969	73	7,246	1,007.5
	1970	100	7,321	1,365.9
	1971	86	7,432	1,157.2
	1972	66	7,748	851.8
	1973	90	7,863	1,144.6
	1974	64	8,058	794.2
	1975	79	8,103	974.9
	1976	86	8,137	1,056.9
	1977	75	8,304	903.2
	1978	77	8,455	910.7
	Total	874	85,905	1,017.4
Polk County, GA (13233)	1968	305	28,634	1,065.2
	1969	311	29,126	1,067.8
	1970	337	29,660	1,136.2
	1971	369	30,511	1,209.4
	1972	354	31,644	1,118.7
	1973	393	31,993	1,228.4
	1974	315	32,417	971.7
	1975	328	32,348	1,014.0
	1976	331	32,204	1,027.8
	1977	366	32,235	1,135.4
	1978	365	32,037	1,139.3
	Total	3,774	342,809	1,100.9
Pulaski County, GA (13235)	1968	87	8,377	1,038.6
	1969	115	8,213	1,400.2
	1970	122	8,079	1,510.1
	1971	95	7,906	1,201.6
	1972	94	8,199	1,146.5
	1973	98	8,269	1,185.1
	1974	110	8,322	1,321.8
	1975	96	8,396	1,143.4
	1976	119	8,472	1,404.6
	1977	82	8,646	948.4
	1978	90	8,702	1,034.2
	Total	1,108	91,581	1,209.9
Putnam County, GA (13237)	1968	84	7,984	1,052.1
	1969	98	8,217	1,192.6
	1970	70	8,415	831.8
	1971	91	8,661	1,050.7
	1972	94	8,610	1,091.8
	1973	87	8,740	995.4
	1974	105	8,996	1,167.2
	1975	84	9,190	914.0
	1976	83	9,253	897.0
	1977	89	9,424	944.4
	1978	105	9,870	1,063.8
	Total	990	97,360	1,016.8
Quitman County, GA (13239)	1968	13	2,501	519.8 (Unreliable)
	1969	30	2,308	1,299.8
	1970	33	2,192	1,505.5
	1971	20	1,991	1,004.5
	1972	26	2,148	1,210.4
	1973	31	2,233	1,388.3
	1974	28	2,214	1,264.7
	1975	29	2,305	1,258.1
	1976	29	2,310	1,255.4
	1977	20	2,314	864.3
	1978	36	2,336	1,541.1
	Total	295	24,852	1,187.0
Rabun County, GA (13241)	1968	95	7,917	1,199.9
	1969	76	8,125	935.4
	1970	96	8,330	1,152.5
	1971	84	8,663	969.6
	1972	72	8,973	802.4
	1973	71	9,228	769.4
	1974	87	9,279	937.6
	1975	81	9,463	856.0
	1976	92	9,801	938.7
	1977	99	9,660	1,024.8
	1978	93	9,675	961.2
	Total	946	99,114	954.5
Randolph County, GA (13243)	1968	143	8,784	1,628.0
	1969	131	8,749	1,497.3
	1970	131	8,777	1,492.5
	1971	141	8,733	1,614.6
	1972	142	9,030	1,572.5
	1973	131	9,181	1,426.9
	1974	122	9,088	1,342.4
	1975	137	9,231	1,484.1
	1976	147	9,441	1,557.0
	1977	115	9,579	1,200.5
	1978	126	9,711	1,297.5
	Total	1,466	100,304	1,461.6
Richmond County, GA (13245)	1968	1,459	167,398	871.6
	1969	1,373	164,549	834.4
	1970	1,401	162,977	859.6
	1971	1,356	161,052	842.0
	1972	1,358	158,014	859.4
	1973	1,430	155,046	922.3
	1974	1,439	159,998	899.4
	1975	1,346	163,187	824.8
	1976	1,365	168,416	810.5
	1977	1,481	170,413	869.1
	1978	1,475	175,280	841.5
	Total	15,483	1,806,330	857.2
Rockdale County, GA (13247)	1968	123	16,635	739.4
	1969	127	17,461	727.3
	1970	133	18,183	731.5
	1971	142	19,439	730.5
	1972	120	20,673	580.5
	1973	155	24,222	639.9
	1974	172	26,510	648.8
	1975	161	28,228	570.4
	1976	165	29,973	550.5
	1977	182	31,818	572.0
	1978	196	33,348	587.7
	Total	1,676	266,490	628.9
Schley County, GA (13249)	1968	35	3,613	968.7
	1969	35	3,310	1,057.4
	1970	43	3,101	1,386.6
	1971	47	2,780	1,690.6
	1972	44	2,797	1,573.1
	1973	22	2,970	740.7
	1974	41	3,065	1,337.7
	1975	41	3,122	1,313.3
	1976	25	3,166	789.6
	1977	33	3,236	1,019.8
	1978	29	3,320	873.5
	Total	395	34,480	1,145.6
Screven County, GA (13251)	1968	182	12,335	1,475.5
	1969	190	12,451	1,526.0
	1970	160	12,592	1,270.6
	1971	148	12,804	1,155.9
	1972	172	12,572	1,368.1
	1973	164	12,743	1,287.0
	1974	160	12,679	1,261.9
	1975	157	13,015	1,206.3
	1976	168	13,295	1,263.6
	1977	150	13,675	1,096.9
	1978	137	13,657	1,003.1
	Total	1,788	141,818	1,260.8
Seminole County, GA (13253)	1968	74	6,532	1,132.9
	1969	65	6,827	952.1
	1970	77	7,065	1,089.9
	1971	84	7,520	1,117.0
	1972	86	7,681	1,119.6
	1973	101	8,049	1,254.8
	1974	86	8,313	1,034.5
	1975	93	8,543	1,088.6
	1976	84	8,647	971.4
	1977	80	8,833	905.7
	1978	84	8,797	954.9
	Total	914	86,807	1,052.9
Spalding County, GA (13255)	1968	395	38,176	1,034.7
	1969	404	38,962	1,036.9
	1970	403	39,611	1,017.4
	1971	370	40,615	911.0
	1972	394	42,136	935.1
	1973	415	42,637	973.3
	1974	423	43,711	967.7
	1975	417	44,433	938.5
	1976	387	45,070	858.7
	1977	435	45,986	945.9
	1978	456	46,400	982.8
	Total	4,499	467,737	961.9
Stephens County, GA (13257)	1968	210	19,682	1,067.0
	1969	198	20,045	987.8
	1970	197	20,372	967.0
	1971	186	20,871	891.2
	1972	188	20,968	896.6
	1973	212	21,391	991.1
	1974	193	21,521	896.8
	1975	187	21,396	874.0
	1976	204	21,611	944.0
	1977	259	21,677	1,194.8
	1978	219	21,753	1,006.8
	Total	2,253	231,287	974.1
Stewart County, GA (13259)	1968	89	6,736	1,321.3
	1969	60	6,584	911.3
	1970	86	6,483	1,326.5
	1971	77	6,356	1,211.5
	1972	72	6,082	1,183.8
	1973	95	6,058	1,568.2
	1974	74	6,052	1,222.7
	1975	82	6,021	1,361.9
	1976	68	5,988	1,135.6
	1977	91	5,973	1,523.5
	1978	63	5,963	1,056.5
	Total	857	68,296	1,254.8
Sumter County, GA (13261)	1968	296	26,085	1,134.8
	1969	297	26,600	1,116.5
	1970	309	26,998	1,144.5
	1971	312	27,764	1,123.8
	1972	288	28,221	1,020.5
	1973	275	28,443	966.8
	1974	294	28,555	1,029.6
	1975	259	28,255	916.7
	1976	268	28,037	955.9
	1977	280	28,406	985.7
	1978	302	28,507	1,059.4
	Total	3,180	305,871	1,039.7
Talbot County, GA (13263)	1968	79	6,674	1,183.7
	1969	64	6,620	966.8
	1970	79	6,610	1,195.2
	1971	62	6,580	942.2
	1972	88	6,373	1,380.8
	1973	74	6,472	1,143.4
	1974	67	6,619	1,012.2
	1975	82	6,679	1,227.7
	1976	57	6,728	847.2
	1977	62	6,773	915.4
	1978	69	6,619	1,042.5
	Total	783	72,747	1,076.3
Taliaferro County, GA (13265)	1968	36	2,516	1,430.8
	1969	40	2,471	1,618.8
	1970	39	2,423	1,609.6
	1971	40	2,388	1,675.0
	1972	36	2,389	1,506.9
	1973	30	2,325	1,290.3
	1974	31	2,469	1,255.6
	1975	49	2,280	2,149.1
	1976	43	2,226	1,931.7
	1977	41	2,147	1,909.6
	1978	29	2,124	1,365.3
	Total	414	25,758	1,607.3
Tattnall County, GA (13267)	1968	157	16,296	963.4
	1969	156	16,406	950.9
	1970	169	16,571	1,019.9
	1971	159	16,842	944.1
	1972	140	15,749	888.9
	1973	166	16,127	1,029.3
	1974	192	16,541	1,160.8
	1975	178	17,498	1,017.3
	1976	183	17,967	1,018.5
	1977	187	18,330	1,020.2
	1978	177	18,645	949.3
	Total	1,864	186,972	996.9
Taylor County, GA (13269)	1968	96	8,130	1,180.8
	1969	101	7,980	1,265.7
	1970	107	7,923	1,350.5
	1971	90	7,727	1,164.7
	1972	102	8,130	1,254.6
	1973	99	8,086	1,224.3
	1974	90	8,071	1,115.1
	1975	94	8,150	1,153.4
	1976	86	8,095	1,062.4
	1977	97	8,002	1,212.2
	1978	88	8,007	1,099.0
	Total	1,050	88,301	1,189.1
Telfair County, GA (13271)	1968	134	11,400	1,175.4
	1969	147	11,389	1,290.7
	1970	137	11,411	1,200.6
	1971	151	11,491	1,314.1
	1972	130	11,769	1,104.6
	1973	169	11,449	1,476.1
	1974	133	11,229	1,184.4
	1975	149	11,252	1,324.2
	1976	138	11,199	1,232.3
	1977	151	11,473	1,316.1
	1978	142	11,551	1,229.3
	Total	1,581	125,613	1,258.6
Terrell County, GA (13273)	1968	120	11,658	1,029.3
	1969	158	11,521	1,371.4
	1970	170	11,438	1,486.3
	1971	158	11,266	1,402.4
	1972	134	11,726	1,142.8
	1973	130	11,726	1,108.6
	1974	151	11,652	1,295.9
	1975	127	11,920	1,065.4
	1976	140	12,218	1,145.9
	1977	136	12,267	1,108.7
	1978	143	12,047	1,187.0
	Total	1,567	129,439	1,210.6
Thomas County, GA (13275)	1968	378	33,507	1,128.1
	1969	371	34,126	1,087.1
	1970	392	34,644	1,131.5
	1971	426	35,508	1,199.7
	1972	434	35,935	1,207.7
	1973	397	36,870	1,076.8
	1974	385	36,119	1,065.9
	1975	383	37,621	1,018.0
	1976	361	37,450	964.0
	1977	401	37,891	1,058.3
	1978	431	38,015	1,133.8
	Total	4,359	397,686	1,096.1
Tift County, GA (13277)	1968	250	25,922	964.4
	1969	247	26,700	925.1
	1970	217	27,361	793.1
	1971	254	28,482	891.8
	1972	270	29,132	926.8
	1973	266	30,303	877.8
	1974	255	30,301	841.6
	1975	254	30,879	822.6
	1976	247	32,087	769.8
	1977	288	32,578	884.0
	1978	248	32,345	766.7
	Total	2,796	326,090	857.4
Toombs County, GA (13279)	1968	206	18,228	1,130.1
	1969	223	18,754	1,189.1
	1970	217	19,134	1,134.1
	1971	193	19,912	969.3
	1972	224	20,202	1,108.8
	1973	245	21,043	1,164.3
	1974	225	21,350	1,053.9
	1975	231	21,721	1,063.5
	1976	208	21,901	949.7
	1977	202	22,360	903.4
	1978	234	22,327	1,048.1
	Total	2,408	226,932	1,061.1
Towns County, GA (13281)	1968	53	4,171	1,270.7
	1969	39	4,394	887.6
	1970	39	4,547	857.7
	1971	51	4,904	1,040.0
	1972	54	4,805	1,123.8
	1973	48	4,916	976.4
	1974	58	5,006	1,158.6
	1975	64	4,984	1,284.1
	1976	66	5,058	1,304.9
	1977	49	5,217	939.2
	1978	47	5,303	886.3
	Total	568	53,305	1,065.6
Treutlen County, GA (13283)	1968	66	5,567	1,185.6
	1969	57	5,609	1,016.2
	1970	61	5,674	1,075.1
	1971	60	5,726	1,047.9
	1972	76	5,740	1,324.0
	1973	84	5,664	1,483.1
	1974	58	5,867	988.6
	1975	73	5,913	1,234.6
	1976	64	6,064	1,055.4
	1977	58	6,078	954.3
	1978	68	6,132	1,108.9
	Total	725	64,034	1,132.2
Troup County, GA (13285)	1968	554	44,405	1,247.6
	1969	545	44,410	1,227.2
	1970	490	44,510	1,100.9
	1971	523	44,748	1,168.8
	1972	598	44,788	1,335.2
	1973	563	45,804	1,229.2
	1974	536	46,514	1,152.3
	1975	539	46,994	1,147.0
	1976	500	47,458	1,053.6
	1977	458	47,850	957.2
	1978	478	48,369	988.2
	Total	5,784	505,850	1,143.4
Turner County, GA (13287)	1968	113	9,097	1,242.2
	1969	101	8,915	1,132.9
	1970	110	8,849	1,243.1
	1971	107	8,613	1,242.3
	1972	104	8,752	1,188.3
	1973	105	8,779	1,196.0
	1974	124	8,869	1,398.1
	1975	102	9,014	1,131.6
	1976	94	9,164	1,025.8
	1977	100	9,268	1,079.0
	1978	96	9,359	1,025.8
	Total	1,156	98,679	1,171.5
Twiggs County, GA (13289)	1968	103	8,445	1,219.7
	1969	68	8,324	816.9
	1970	85	8,224	1,033.6
	1971	75	8,052	931.4
	1972	72	8,156	882.8
	1973	73	8,457	863.2
	1974	73	8,342	875.1
	1975	58	8,503	682.1
	1976	75	8,495	882.9
	1977	72	8,963	803.3
	1978	101	9,346	1,080.7
	Total	855	93,307	916.3
Union County, GA (13291)	1968	54	6,310	855.8
	1969	64	6,574	973.5
	1970	65	6,833	951.3
	1971	59	7,209	818.4
	1972	88	7,566	1,163.1
	1973	68	7,813	870.3
	1974	86	8,083	1,064.0
	1975	73	8,313	878.1
	1976	75	8,652	866.9
	1977	87	8,678	1,002.5
	1978	76	8,698	873.8
	Total	795	84,729	938.3
Upson County, GA (13293)	1968	241	23,243	1,036.9
	1969	254	23,399	1,085.5
	1970	272	23,564	1,154.3
	1971	268	23,721	1,129.8
	1972	288	24,354	1,182.6
	1973	279	24,462	1,140.5
	1974	245	24,667	993.2
	1975	238	24,998	952.1
	1976	245	24,832	986.6
	1977	305	25,312	1,205.0
	1978	274	25,694	1,066.4
	Total	2,909	268,246	1,084.5
Walker County, GA (13295)	1968	396	48,802	811.4
	1969	421	49,771	845.9
	1970	452	50,827	889.3
	1971	440	52,275	841.7
	1972	426	53,611	794.6
	1973	548	54,365	1,008.0
	1974	516	54,838	941.0
	1975	506	55,142	917.6
	1976	443	56,239	787.7
	1977	495	56,194	880.9
	1978	470	55,835	841.8
	Total	5,113	587,899	869.7
Walton County, GA (13297)	1968	226	21,325	1,059.8
	1969	242	22,436	1,078.6
	1970	241	23,400	1,029.9
	1971	255	25,197	1,012.0
	1972	230	25,865	889.2
	1973	271	28,205	960.8
	1974	235	28,970	811.2
	1975	230	29,383	782.8
	1976	209	29,734	702.9
	1977	263	30,435	864.1
	1978	256	30,646	835.3
	Total	2,658	295,596	899.2
Ware County, GA (13299)	1968	340	32,735	1,038.6
	1969	336	33,168	1,013.0
	1970	404	33,598	1,202.5
	1971	353	34,321	1,028.5
	1972	426	35,337	1,205.5
	1973	388	35,486	1,093.4
	1974	368	36,252	1,015.1
	1975	377	36,867	1,022.6
	1976	350	36,876	949.1
	1977	344	37,321	921.7
	1978	366	37,256	982.4
	Total	4,052	389,217	1,041.1
Warren County, GA (13301)	1968	85	6,222	1,366.1
	1969	79	6,461	1,222.7
	1970	84	6,648	1,263.5
	1971	66	6,991	944.1
	1972	62	7,211	859.8
	1973	69	6,948	993.1
	1974	79	6,227	1,268.7
	1975	64	6,252	1,023.7
	1976	52	6,211	837.2
	1977	79	6,336	1,246.8
	1978	59	6,462	913.0
	Total	778	71,969	1,081.0
Washington County, GA (13303)	1968	228	17,214	1,324.5
	1969	223	17,343	1,285.8
	1970	210	17,510	1,199.3
	1971	220	17,744	1,239.9
	1972	246	17,596	1,398.0
	1973	204	17,834	1,143.9
	1974	208	17,852	1,165.1
	1975	192	18,123	1,059.4
	1976	207	18,334	1,129.0
	1977	201	18,516	1,085.5
	1978	233	18,511	1,258.7
	Total	2,372	196,577	1,206.7
Wayne County, GA (13305)	1968	167	17,327	963.8
	1969	180	17,619	1,021.6
	1970	174	17,895	972.3
	1971	186	18,322	1,015.2
	1972	182	18,990	958.4
	1973	201	19,398	1,036.2
	1974	184	19,381	949.4
	1975	169	19,764	855.1
	1976	182	19,947	912.4
	1977	178	20,050	887.8
	1978	180	20,086	896.1
	Total	1,983	208,779	949.8
Webster County, GA (13307)	1968	42	2,372	1,770.7
	1969	26	2,359	1,102.2
	1970	32	2,370	1,350.2
	1971	29	2,354	1,231.9
	1972	16	2,442	655.2 (Unreliable)
	1973	26	2,483	1,047.1
	1974	28	2,348	1,192.5
	1975	26	2,277	1,141.9
	1976	28	2,200	1,272.7
	1977	15	2,257	664.6 (Unreliable)
	1978	28	2,265	1,236.2
	Total	296	25,727	1,150.5
Wheeler County, GA (13309)	1968	48	4,538	1,057.7
	1969	56	4,553	1,230.0
	1970	50	4,578	1,092.2
	1971	68	4,648	1,463.0
	1972	42	4,766	881.2
	1973	63	4,808	1,310.3
	1974	67	4,687	1,429.5
	1975	51	4,810	1,060.3
	1976	56	4,910	1,140.5
	1977	57	4,997	1,140.7
	1978	53	5,076	1,044.1
	Total	611	52,371	1,166.7
White County, GA (13311)	1968	51	7,513	678.8
	1969	61	7,628	799.7
	1970	66	7,781	848.2
	1971	66	7,936	831.7
	1972	62	8,238	752.6
	1973	56	8,401	666.6
	1974	72	8,647	832.7
	1975	53	8,786	603.2
	1976	77	9,086	847.5
	1977	81	9,454	856.8
	1978	89	9,512	935.7
	Total	734	92,982	789.4
Whitfield County, GA (13313)	1968	420	51,979	808.0
	1969	422	53,745	785.2
	1970	411	55,267	743.7
	1971	406	57,707	703.6
	1972	468	59,153	791.2
	1973	498	61,369	811.5
	1974	458	62,768	729.7
	1975	442	62,184	710.8
	1976	421	62,495	673.7
	1977	452	63,983	706.4
	1978	479	64,817	739.0
	Total	4,877	655,467	744.0
Wilcox County, GA (13315)	1968	94	6,918	1,358.8
	1969	85	6,960	1,221.3
	1970	86	6,976	1,232.8
	1971	81	7,035	1,151.4
	1972	100	6,875	1,454.5
	1973	105	7,085	1,482.0
	1974	82	7,049	1,163.3
	1975	74	7,182	1,030.4
	1976	95	7,270	1,306.7
	1977	76	7,498	1,013.6
	1978	94	7,733	1,215.6
	Total	972	78,581	1,236.9
Wilkes County, GA (13317)	1968	148	9,990	1,481.5
	1969	139	10,099	1,376.4
	1970	138	10,183	1,355.2
	1971	120	10,365	1,157.7
	1972	110	10,697	1,028.3
	1973	114	10,465	1,089.3
	1974	132	10,348	1,275.6
	1975	136	10,396	1,308.2
	1976	115	10,349	1,111.2
	1977	144	10,623	1,355.5
	1978	139	10,702	1,298.8
	Total	1,435	114,217	1,256.4
Wilkinson County, GA (13319)	1968	98	8,715	1,124.5
	1969	98	9,136	1,072.7
	1970	85	9,406	903.7
	1971	108	9,928	1,087.8
	1972	114	9,988	1,141.4
	1973	104	10,056	1,034.2
	1974	108	9,950	1,085.4
	1975	112	10,031	1,116.5
	1976	100	10,083	991.8
	1977	112	10,124	1,106.3
	1978	109	10,150	1,073.9
	Total	1,148	107,567	1,067.2
Worth County, GA (13321)	1968	155	13,847	1,119.4
	1969	134	14,378	932.0
	1970	148	14,780	1,001.4
	1971	175	15,545	1,125.8
	1972	158	16,117	980.3
	1973	157	16,485	952.4
	1974	175	17,032	1,027.5
	1975	145	17,149	845.5
	1976	142	17,296	821.0
	1977	140	17,726	789.8
	1978	151	17,557	860.1
	Total	1,680	177,912	944.3
Total		464,991	53,697,231	865.9
