
                        
                      	Year	
                        
                      	
                        
                      	
                        
                      
Adams County, IN (18001)	1968	261	26,593	981.5
	1969	270	26,732	1,010.0
	1970	252	26,924	936.0
	1971	264	27,216	970.0
	1972	256	27,163	942.5
	1973	251	27,959	897.7
	1974	214	28,025	763.6
	1975	218	28,203	773.0
	1976	214	28,468	751.7
	1977	234	29,056	805.3
	1978	240	29,340	818.0
	Total	2,674	305,679	874.8
Allen County, IN (18003)	1968	2,338	275,249	849.4
	1969	2,237	278,078	804.5
	1970	2,250	281,031	800.6
	1971	2,267	285,189	794.9
	1972	2,332	287,141	812.1
	1973	2,396	288,203	831.4
	1974	2,250	289,431	777.4
	1975	2,276	288,752	788.2
	1976	2,245	287,875	779.9
	1977	2,180	289,070	754.1
	1978	2,278	292,566	778.6
	Total	25,049	3,142,585	797.1
Bartholomew County, IN (18005)	1968	493	56,260	876.3
	1969	467	56,660	824.2
	1970	442	57,153	773.4
	1971	460	57,723	796.9
	1972	464	58,820	788.8
	1973	455	59,599	763.4
	1974	445	60,146	739.9
	1975	414	60,787	681.1
	1976	430	61,175	702.9
	1977	396	62,310	635.5
	1978	430	63,201	680.4
	Total	4,896	653,834	748.8
Benton County, IN (18007)	1968	119	11,057	1,076.2
	1969	115	11,153	1,031.1
	1970	150	11,262	1,331.9
	1971	134	11,411	1,174.3
	1972	120	11,273	1,064.5
	1973	119	11,037	1,078.2
	1974	116	10,824	1,071.7
	1975	124	10,801	1,148.0
	1976	104	10,751	967.4
	1977	117	10,737	1,089.7
	1978	109	10,606	1,027.7
	Total	1,327	120,912	1,097.5
Blackford County, IN (18009)	1968	150	15,794	949.7
	1969	184	15,810	1,163.8
	1970	177	15,922	1,111.7
	1971	172	15,999	1,075.1
	1972	170	16,090	1,056.6
	1973	154	16,173	952.2
	1974	156	16,056	971.6
	1975	168	15,848	1,060.1
	1976	153	15,876	963.7
	1977	150	15,863	945.6
	1978	154	15,581	988.4
	Total	1,788	175,012	1,021.6
Boone County, IN (18011)	1968	334	30,320	1,101.6
	1969	321	30,640	1,047.7
	1970	311	30,921	1,005.8
	1971	361	31,293	1,153.6
	1972	350	31,631	1,106.5
	1973	363	32,061	1,132.2
	1974	297	31,965	929.1
	1975	328	32,641	1,004.9
	1976	293	33,158	883.6
	1977	299	33,849	883.3
	1978	308	34,571	890.9
	Total	3,565	353,050	1,009.8
Brown County, IN (18013)	1968	82	8,639	949.2
	1969	80	8,808	908.3
	1970	88	9,025	975.1
	1971	74	9,379	789.0
	1972	96	9,573	1,002.8
	1973	90	10,022	898.0
	1974	88	10,186	863.9
	1975	79	10,576	747.0
	1976	78	10,879	717.0
	1977	73	11,280	647.2
	1978	89	11,614	766.3
	Total	917	109,981	833.8
Carroll County, IN (18015)	1968	199	16,891	1,178.1
	1969	184	17,396	1,057.7
	1970	192	17,743	1,082.1
	1971	189	18,431	1,025.4
	1972	204	18,680	1,092.1
	1973	183	18,537	987.2
	1974	183	18,744	976.3
	1975	149	18,841	790.8
	1976	171	18,971	901.4
	1977	198	19,119	1,035.6
	1978	186	19,593	949.3
	Total	2,038	202,946	1,004.2
Cass County, IN (18017)	1968	441	41,155	1,071.6
	1969	475	40,716	1,166.6
	1970	465	40,570	1,146.2
	1971	460	39,989	1,150.3
	1972	448	40,868	1,096.2
	1973	447	40,740	1,097.2
	1974	415	40,912	1,014.4
	1975	451	40,788	1,105.7
	1976	429	40,480	1,059.8
	1977	419	40,521	1,034.0
	1978	403	40,262	1,000.9
	Total	4,853	447,001	1,085.7
Clark County, IN (18019)	1968	635	73,345	865.8
	1969	545	74,821	728.4
	1970	554	76,040	728.6
	1971	631	77,878	810.2
	1972	654	79,164	826.1
	1973	678	80,157	845.8
	1974	644	81,474	790.4
	1975	660	83,353	791.8
	1976	629	85,519	735.5
	1977	677	86,471	782.9
	1978	702	88,237	795.6
	Total	7,009	886,459	790.7
Clay County, IN (18021)	1968	342	23,542	1,452.7
	1969	337	23,722	1,420.6
	1970	324	23,939	1,353.4
	1971	323	24,253	1,331.8
	1972	352	24,255	1,451.2
	1973	313	24,574	1,273.7
	1974	302	24,192	1,248.3
	1975	300	24,285	1,235.3
	1976	288	24,429	1,178.9
	1977	325	24,479	1,327.7
	1978	308	24,682	1,247.9
	Total	3,514	266,352	1,319.3
Clinton County, IN (18023)	1968	382	30,516	1,251.8
	1969	421	30,474	1,381.5
	1970	389	30,630	1,270.0
	1971	412	30,686	1,342.6
	1972	326	30,859	1,056.4
	1973	375	31,532	1,189.3
	1974	393	31,585	1,244.3
	1975	378	31,524	1,199.1
	1976	370	31,720	1,166.5
	1977	340	31,885	1,066.3
	1978	351	31,481	1,115.0
	Total	4,137	342,892	1,206.5
Crawford County, IN (18025)	1968	101	8,281	1,219.7
	1969	123	8,151	1,509.0
	1970	104	8,015	1,297.6
	1971	101	7,882	1,281.4
	1972	138	8,123	1,698.9
	1973	112	8,511	1,315.9
	1974	117	8,809	1,328.2
	1975	96	9,004	1,066.2
	1976	107	9,189	1,164.4
	1977	98	9,327	1,050.7
	1978	93	9,415	987.8
	Total	1,190	94,707	1,256.5
Daviess County, IN (18027)	1968	347	26,450	1,311.9
	1969	333	26,541	1,254.7
	1970	319	26,621	1,198.3
	1971	324	26,726	1,212.3
	1972	308	26,899	1,145.0
	1973	309	26,842	1,151.2
	1974	303	27,055	1,119.9
	1975	334	26,918	1,240.8
	1976	298	26,974	1,104.8
	1977	307	26,989	1,137.5
	1978	318	27,055	1,175.4
	Total	3,500	295,070	1,186.2
Dearborn County, IN (18029)	1968	272	29,609	918.6
	1969	340	29,469	1,153.8
	1970	304	29,416	1,033.5
	1971	356	29,298	1,215.1
	1972	336	30,068	1,117.5
	1973	330	30,367	1,086.7
	1974	334	30,468	1,096.2
	1975	310	30,959	1,001.3
	1976	302	31,548	957.3
	1977	310	32,258	961.0
	1978	343	32,809	1,045.4
	Total	3,537	336,269	1,051.8
Decatur County, IN (18031)	1968	247	22,178	1,113.7
	1969	265	22,497	1,177.9
	1970	252	22,750	1,107.7
	1971	282	23,184	1,216.4
	1972	236	23,543	1,002.4
	1973	264	23,374	1,129.5
	1974	203	23,476	864.7
	1975	235	23,724	990.6
	1976	210	23,956	876.6
	1977	216	24,056	897.9
	1978	202	23,974	842.6
	Total	2,612	256,712	1,017.5
De Kalb County, IN (18033)	1968	316	30,091	1,050.1
	1969	293	30,444	962.4
	1970	295	30,847	956.3
	1971	315	31,438	1,002.0
	1972	302	31,817	949.2
	1973	286	31,856	897.8
	1974	332	32,359	1,026.0
	1975	283	32,583	868.6
	1976	280	32,817	853.2
	1977	291	32,970	882.6
	1978	288	33,129	869.3
	Total	3,281	350,351	936.5
Delaware County, IN (18035)	1968	1,086	127,874	849.3
	1969	1,140	128,547	886.8
	1970	1,145	129,472	884.4
	1971	1,096	130,671	838.7
	1972	1,028	133,059	772.6
	1973	1,137	132,642	857.2
	1974	1,057	131,141	806.0
	1975	1,098	130,131	843.8
	1976	1,049	130,360	804.7
	1977	1,076	130,105	827.0
	1978	1,128	129,702	869.7
	Total	12,040	1,433,704	839.8
Dubois County, IN (18037)	1968	324	30,263	1,070.6
	1969	297	30,541	972.5
	1970	289	30,874	936.1
	1971	261	31,427	830.5
	1972	266	31,528	843.7
	1973	293	31,774	922.1
	1974	311	32,056	970.2
	1975	267	32,426	823.4
	1976	290	32,767	885.0
	1977	280	32,981	849.0
	1978	296	33,377	886.8
	Total	3,174	350,014	906.8
Elkhart County, IN (18039)	1968	1,035	125,963	821.7
	1969	1,037	126,220	821.6
	1970	1,045	126,797	824.2
	1971	1,044	127,075	821.6
	1972	1,022	129,656	788.2
	1973	1,106	132,117	837.1
	1974	1,091	132,318	824.5
	1975	1,050	131,362	799.3
	1976	1,027	131,362	781.8
	1977	1,066	133,695	797.3
	1978	1,160	135,465	856.3
	Total	11,683	1,432,030	815.8
Fayette County, IN (18041)	1968	300	25,935	1,156.7
	1969	266	26,066	1,020.5
	1970	301	26,256	1,146.4
	1971	243	26,522	916.2
	1972	318	27,035	1,176.3
	1973	313	27,512	1,137.7
	1974	271	27,935	970.1
	1975	259	28,069	922.7
	1976	203	28,078	723.0
	1977	249	28,080	886.8
	1978	257	27,912	920.8
	Total	2,980	299,400	995.3
Floyd County, IN (18043)	1968	522	55,825	935.1
	1969	573	55,713	1,028.5
	1970	562	55,675	1,009.4
	1971	534	55,596	960.5
	1972	512	56,008	914.2
	1973	596	56,806	1,049.2
	1974	568	57,239	992.3
	1975	577	56,916	1,013.8
	1976	576	57,307	1,005.1
	1977	545	57,937	940.7
	1978	562	59,195	949.4
	Total	6,127	624,217	981.5
Fountain County, IN (18045)	1968	216	17,861	1,209.3
	1969	237	18,082	1,310.7
	1970	230	18,296	1,257.1
	1971	251	18,585	1,350.6
	1972	208	18,492	1,124.8
	1973	224	19,059	1,175.3
	1974	208	19,035	1,092.7
	1975	200	19,225	1,040.3
	1976	209	19,400	1,077.3
	1977	208	19,396	1,072.4
	1978	219	19,643	1,114.9
	Total	2,410	207,074	1,163.8
Franklin County, IN (18047)	1968	148	16,336	906.0
	1969	183	16,601	1,102.3
	1970	179	16,953	1,055.9
	1971	185	17,449	1,060.2
	1972	170	17,406	976.7
	1973	167	17,751	940.8
	1974	155	17,719	874.8
	1975	140	17,841	784.7
	1976	145	18,225	795.6
	1977	147	18,697	786.2
	1978	140	18,748	746.7
	Total	1,759	193,726	908.0
Fulton County, IN (18049)	1968	217	16,016	1,354.9
	1969	228	16,567	1,376.2
	1970	215	16,986	1,265.7
	1971	237	17,806	1,331.0
	1972	220	17,989	1,223.0
	1973	237	18,171	1,304.3
	1974	220	18,230	1,206.8
	1975	178	18,291	973.2
	1976	189	18,306	1,032.4
	1977	184	18,570	990.8
	1978	192	19,116	1,004.4
	Total	2,317	196,048	1,181.9
Gibson County, IN (18051)	1968	372	29,804	1,248.2
	1969	390	30,157	1,293.2
	1970	368	30,451	1,208.5
	1971	382	30,976	1,233.2
	1972	382	30,735	1,242.9
	1973	422	31,548	1,337.6
	1974	350	31,550	1,109.4
	1975	362	31,750	1,140.2
	1976	346	31,676	1,092.3
	1977	396	32,304	1,225.9
	1978	377	32,694	1,153.1
	Total	4,147	343,645	1,206.8
Grant County, IN (18053)	1968	807	84,823	951.4
	1969	819	84,281	971.7
	1970	774	84,161	919.7
	1971	730	83,538	873.9
	1972	760	83,946	905.3
	1973	848	84,028	1,009.2
	1974	720	83,219	865.2
	1975	698	83,177	839.2
	1976	696	82,723	841.4
	1977	705	82,541	854.1
	1978	664	82,097	808.8
	Total	8,221	918,534	895.0
Greene County, IN (18055)	1968	381	26,073	1,461.3
	1969	409	26,511	1,542.8
	1970	412	26,895	1,531.9
	1971	365	27,610	1,322.0
	1972	360	28,612	1,258.2
	1973	360	28,657	1,256.2
	1974	377	28,988	1,300.5
	1975	355	29,261	1,213.2
	1976	379	29,606	1,280.1
	1977	329	29,730	1,106.6
	1978	377	30,004	1,256.5
	Total	4,104	311,947	1,315.6
Hamilton County, IN (18057)	1968	461	52,921	871.1
	1969	395	53,730	735.2
	1970	437	54,577	800.7
	1971	412	55,630	740.6
	1972	420	57,920	725.1
	1973	468	61,580	760.0
	1974	449	64,428	696.9
	1975	423	67,351	628.1
	1976	450	70,061	642.3
	1977	487	72,889	668.1
	1978	491	77,147	636.4
	Total	4,893	688,234	711.0
Hancock County, IN (18059)	1968	320	34,960	915.3
	1969	314	35,027	896.5
	1970	287	35,146	816.6
	1971	257	35,242	729.2
	1972	308	36,607	841.4
	1973	306	38,400	796.9
	1974	278	39,461	704.5
	1975	272	40,045	679.2
	1976	283	40,642	696.3
	1977	295	41,327	713.8
	1978	337	42,131	799.9
	Total	3,257	418,988	777.3
Harrison County, IN (18061)	1968	201	19,745	1,018.0
	1969	220	20,096	1,094.7
	1970	218	20,448	1,066.1
	1971	215	20,988	1,024.4
	1972	244	21,688	1,125.0
	1973	212	22,503	942.1
	1974	245	23,174	1,057.2
	1975	227	23,755	955.6
	1976	227	24,392	930.6
	1977	232	25,712	902.3
	1978	185	25,991	711.8
	Total	2,426	248,492	976.3
Hendricks County, IN (18063)	1968	358	52,827	677.7
	1969	379	53,400	709.7
	1970	373	54,072	689.8
	1971	343	54,877	625.0
	1972	354	55,906	633.2
	1973	445	58,312	763.1
	1974	377	59,750	631.0
	1975	393	61,356	640.5
	1976	402	63,071	637.4
	1977	434	64,866	669.1
	1978	367	66,353	553.1
	Total	4,225	644,790	655.3
Henry County, IN (18065)	1968	490	52,101	940.5
	1969	488	52,357	932.1
	1970	493	52,553	938.1
	1971	499	53,019	941.2
	1972	544	53,142	1,023.7
	1973	528	53,397	988.8
	1974	492	53,495	919.7
	1975	443	53,727	824.5
	1976	519	53,585	968.6
	1977	521	54,031	964.3
	1978	479	53,841	889.7
	Total	5,496	585,248	939.1
Howard County, IN (18067)	1968	655	82,544	793.5
	1969	706	82,816	852.5
	1970	688	83,292	826.0
	1971	682	83,926	812.6
	1972	694	84,723	819.1
	1973	706	85,755	823.3
	1974	682	87,252	781.6
	1975	616	86,903	708.8
	1976	671	86,724	773.7
	1977	645	87,238	739.4
	1978	685	87,261	785.0
	Total	7,430	938,434	791.7
Huntington County, IN (18069)	1968	432	34,784	1,242.0
	1969	415	34,904	1,189.0
	1970	461	34,966	1,318.4
	1971	433	35,219	1,229.5
	1972	434	35,148	1,234.8
	1973	394	35,599	1,106.8
	1974	382	35,608	1,072.8
	1975	350	35,337	990.5
	1976	370	35,565	1,040.3
	1977	330	35,619	926.5
	1978	421	35,729	1,178.3
	Total	4,422	388,478	1,138.3
Jackson County, IN (18071)	1968	358	33,594	1,065.7
	1969	374	33,324	1,122.3
	1970	361	33,191	1,087.6
	1971	328	32,997	994.0
	1972	306	33,342	917.8
	1973	334	34,076	980.2
	1974	332	34,239	969.7
	1975	345	34,528	999.2
	1976	350	34,727	1,007.9
	1977	309	35,031	882.1
	1978	316	35,470	890.9
	Total	3,713	374,519	991.4
Jasper County, IN (18073)	1968	196	19,801	989.8
	1969	199	20,120	989.1
	1970	192	20,477	937.6
	1971	191	20,982	910.3
	1972	192	21,417	896.5
	1973	213	22,244	957.6
	1974	183	22,458	814.9
	1975	211	22,876	922.4
	1976	171	23,351	732.3
	1977	194	24,406	794.9
	1978	179	24,721	724.1
	Total	2,121	242,853	873.4
Jay County, IN (18075)	1968	257	23,251	1,105.3
	1969	284	23,344	1,216.6
	1970	272	23,626	1,151.3
	1971	292	23,923	1,220.6
	1972	284	24,302	1,168.6
	1973	269	24,148	1,114.0
	1974	261	24,001	1,087.5
	1975	261	24,316	1,073.4
	1976	281	24,290	1,156.9
	1977	231	24,056	960.3
	1978	239	23,866	1,001.4
	Total	2,931	263,123	1,113.9
Jefferson County, IN (18077)	1968	253	26,987	937.5
	1969	302	26,991	1,118.9
	1970	248	26,986	919.0
	1971	262	27,084	967.4
	1972	288	27,770	1,037.1
	1973	275	28,185	975.7
	1974	247	28,483	867.2
	1975	243	28,706	846.5
	1976	263	28,863	911.2
	1977	270	29,000	931.0
	1978	259	29,624	874.3
	Total	2,910	308,679	942.7
Jennings County, IN (18079)	1968	161	18,795	856.6
	1969	165	19,172	860.6
	1970	190	19,478	975.5
	1971	165	19,957	826.8
	1972	192	20,605	931.8
	1973	182	20,990	867.1
	1974	154	21,336	721.8
	1975	177	21,818	811.3
	1976	163	22,000	740.9
	1977	187	22,242	840.8
	1978	182	22,412	812.1
	Total	1,918	228,805	838.3
Johnson County, IN (18081)	1968	549	59,828	917.6
	1969	480	60,493	793.5
	1970	498	61,160	814.3
	1971	474	62,239	761.6
	1972	466	63,780	730.6
	1973	490	65,356	749.7
	1974	451	66,806	675.1
	1975	464	68,970	672.8
	1976	510	70,197	726.5
	1977	519	71,660	724.3
	1978	542	73,565	736.8
	Total	5,443	724,054	751.7
Knox County, IN (18083)	1968	508	41,117	1,235.5
	1969	538	41,292	1,302.9
	1970	534	41,612	1,283.3
	1971	553	41,944	1,318.4
	1972	554	42,259	1,311.0
	1973	556	41,795	1,330.3
	1974	537	41,496	1,294.1
	1975	472	40,997	1,151.3
	1976	517	41,379	1,249.4
	1977	492	40,980	1,200.6
	1978	476	41,009	1,160.7
	Total	5,737	455,880	1,258.4
Kosciusko County, IN (18085)	1968	469	47,086	996.0
	1969	459	47,696	962.3
	1970	472	48,297	977.3
	1971	472	49,115	961.0
	1972	502	49,915	1,005.7
	1973	485	51,959	933.4
	1974	497	52,989	937.9
	1975	433	53,832	804.4
	1976	483	54,591	884.8
	1977	451	56,316	800.8
	1978	484	57,663	839.4
	Total	5,207	569,459	914.4
Lagrange County, IN (18087)	1968	175	20,669	846.7
	1969	173	20,766	833.1
	1970	164	20,888	785.1
	1971	144	21,119	681.9
	1972	184	21,841	842.5
	1973	212	22,767	931.2
	1974	207	23,519	880.1
	1975	174	23,876	728.8
	1976	174	24,013	724.6
	1977	165	24,576	671.4
	1978	185	25,113	736.7
	Total	1,957	249,147	785.5
Lake County, IN (18089)	1968	4,639	540,971	857.5
	1969	4,597	543,734	845.5
	1970	4,617	546,867	844.3
	1971	4,570	551,767	828.2
	1972	4,748	546,847	868.3
	1973	4,640	547,291	847.8
	1974	4,736	543,994	870.6
	1975	4,394	540,694	812.7
	1976	4,326	540,083	801.0
	1977	4,305	535,632	803.7
	1978	4,297	532,597	806.8
	Total	49,869	5,970,477	835.3
La Porte County, IN (18091)	1968	1,029	104,164	987.9
	1969	1,063	104,695	1,015.3
	1970	937	105,437	888.7
	1971	1,026	106,290	965.3
	1972	1,146	106,616	1,074.9
	1973	955	107,005	892.5
	1974	994	107,094	928.2
	1975	962	107,351	896.1
	1976	956	107,553	888.9
	1977	983	108,525	905.8
	1978	969	108,839	890.3
	Total	11,020	1,173,569	939.0
Lawrence County, IN (18093)	1968	418	36,385	1,148.8
	1969	401	37,281	1,075.6
	1970	422	38,079	1,108.2
	1971	426	39,430	1,080.4
	1972	412	39,873	1,033.3
	1973	434	40,521	1,071.0
	1974	410	41,059	998.6
	1975	384	41,004	936.5
	1976	403	41,355	974.5
	1977	447	41,528	1,076.4
	1978	455	41,882	1,086.4
	Total	4,612	438,397	1,052.0
Madison County, IN (18095)	1968	1,223	134,744	907.6
	1969	1,214	136,889	886.8
	1970	1,207	138,728	870.0
	1971	1,236	141,596	872.9
	1972	1,212	141,873	854.3
	1973	1,235	140,774	877.3
	1974	1,174	140,571	835.2
	1975	1,187	139,419	851.4
	1976	1,184	140,027	845.6
	1977	1,163	139,409	834.2
	1978	1,224	139,515	877.3
	Total	13,259	1,533,545	864.6
Marion County, IN (18097)	1968	7,302	793,516	920.2
	1969	7,281	793,454	917.6
	1970	7,128	795,930	895.6
	1971	7,105	796,932	891.5
	1972	6,788	796,715	852.0
	1973	6,982	790,634	883.1
	1974	6,981	792,364	881.0
	1975	6,717	782,364	858.6
	1976	6,644	777,708	854.3
	1977	6,804	775,679	877.2
	1978	6,767	774,028	874.3
	Total	76,499	8,669,324	882.4
Marshall County, IN (18099)	1968	368	33,515	1,098.0
	1969	362	34,303	1,055.3
	1970	351	35,042	1,001.7
	1971	375	36,168	1,036.8
	1972	360	36,682	981.4
	1973	404	36,809	1,097.6
	1974	378	37,457	1,009.2
	1975	368	37,766	974.4
	1976	349	37,931	920.1
	1977	380	38,053	998.6
	1978	367	38,559	951.8
	Total	4,062	402,285	1,009.7
Martin County, IN (18101)	1968	109	10,420	1,046.1
	1969	109	10,712	1,017.6
	1970	118	10,983	1,074.4
	1971	118	11,462	1,029.5
	1972	94	11,139	843.9
	1973	122	11,213	1,088.0
	1974	128	11,158	1,147.2
	1975	103	11,239	916.5
	1976	95	11,162	851.1
	1977	104	11,221	926.8
	1978	86	11,205	767.5
	Total	1,186	121,914	972.8
Miami County, IN (18103)	1968	387	39,773	973.0
	1969	385	39,490	974.9
	1970	362	39,379	919.3
	1971	395	39,189	1,007.9
	1972	388	40,289	963.0
	1973	348	40,616	856.8
	1974	328	40,901	801.9
	1975	308	40,791	755.1
	1976	354	40,693	869.9
	1977	313	40,475	773.3
	1978	370	40,482	914.0
	Total	3,938	442,078	890.8
Monroe County, IN (18105)	1968	460	83,136	553.3
	1969	463	84,360	548.8
	1970	465	85,376	544.6
	1971	486	87,323	556.6
	1972	490	90,405	542.0
	1973	504	90,650	556.0
	1974	476	92,291	515.8
	1975	478	89,829	532.1
	1976	513	91,731	559.2
	1977	512	94,812	540.0
	1978	475	96,870	490.3
	Total	5,322	986,783	539.3
Montgomery County, IN (18107)	1968	389	33,528	1,160.2
	1969	360	33,739	1,067.0
	1970	358	33,946	1,054.6
	1971	355	34,263	1,036.1
	1972	372	34,587	1,075.5
	1973	399	35,051	1,138.3
	1974	371	35,168	1,054.9
	1975	350	35,363	989.7
	1976	345	35,393	974.8
	1977	357	35,494	1,005.8
	1978	371	35,620	1,041.5
	Total	4,027	382,152	1,053.8
Morgan County, IN (18109)	1968	345	43,716	789.2
	1969	374	43,911	851.7
	1970	341	44,215	771.2
	1971	337	44,509	757.2
	1972	348	45,404	766.5
	1973	393	46,544	844.4
	1974	332	47,251	702.6
	1975	363	48,073	755.1
	1976	316	48,418	652.6
	1977	367	49,815	736.7
	1978	358	50,640	707.0
	Total	3,874	512,496	755.9
Newton County, IN (18111)	1968	140	10,982	1,274.8
	1969	110	11,324	971.4
	1970	141	11,606	1,214.9
	1971	139	12,067	1,151.9
	1972	164	11,999	1,366.8
	1973	135	12,543	1,076.3
	1974	103	12,916	797.5
	1975	132	13,234	997.4
	1976	114	13,520	843.2
	1977	159	14,150	1,123.7
	1978	112	14,236	786.7
	Total	1,449	138,577	1,045.6
Noble County, IN (18113)	1968	329	31,394	1,048.0
	1969	347	31,422	1,104.3
	1970	331	31,424	1,053.3
	1971	304	31,441	966.9
	1972	320	32,334	989.7
	1973	338	33,030	1,023.3
	1974	333	33,454	995.4
	1975	325	33,493	970.4
	1976	341	33,721	1,011.2
	1977	301	34,131	881.9
	1978	317	34,579	916.7
	Total	3,586	360,423	994.9
Ohio County, IN (18115)	1968	57	4,196	1,358.4
	1969	52	4,223	1,231.4
	1970	54	4,290	1,258.7
	1971	52	4,355	1,194.0
	1972	54	4,655	1,160.0
	1973	56	4,652	1,203.8
	1974	41	4,813	851.9
	1975	50	4,888	1,022.9
	1976	45	4,971	905.3
	1977	44	5,138	856.4
	1978	53	5,332	994.0
	Total	558	51,513	1,083.2
Orange County, IN (18117)	1968	232	16,760	1,384.2
	1969	210	16,870	1,244.8
	1970	208	16,969	1,225.8
	1971	198	17,193	1,151.6
	1972	214	17,570	1,218.0
	1973	206	17,598	1,170.6
	1974	214	17,627	1,214.0
	1975	188	17,691	1,062.7
	1976	187	18,086	1,033.9
	1977	183	18,133	1,009.2
	1978	186	18,108	1,027.2
	Total	2,226	192,605	1,155.7
Owen County, IN (18119)	1968	148	11,677	1,267.4
	1969	172	11,920	1,443.0
	1970	154	12,190	1,263.3
	1971	164	12,556	1,306.1
	1972	176	13,025	1,351.2
	1973	163	13,598	1,198.7
	1974	140	13,772	1,016.6
	1975	140	14,111	992.1
	1976	122	14,255	855.8
	1977	117	15,140	772.8
	1978	158	15,441	1,023.2
	Total	1,654	147,685	1,120.0
Parke County, IN (18121)	1968	200	14,296	1,399.0
	1969	200	14,485	1,380.7
	1970	214	14,659	1,459.9
	1971	183	14,905	1,227.8
	1972	202	15,129	1,335.2
	1973	168	15,583	1,078.1
	1974	208	15,470	1,344.5
	1975	206	15,586	1,321.7
	1976	179	15,809	1,132.3
	1977	195	16,049	1,215.0
	1978	197	16,132	1,221.2
	Total	2,152	168,103	1,280.2
Perry County, IN (18123)	1968	169	19,057	886.8
	1969	190	19,033	998.3
	1970	203	19,090	1,063.4
	1971	203	19,103	1,062.7
	1972	178	19,292	922.7
	1973	215	19,271	1,115.7
	1974	229	19,195	1,193.0
	1975	169	19,026	888.3
	1976	196	19,123	1,024.9
	1977	213	19,001	1,121.0
	1978	180	19,104	942.2
	Total	2,145	210,295	1,020.0
Pike County, IN (18125)	1968	190	12,343	1,539.3
	1969	210	12,312	1,705.7
	1970	172	12,262	1,402.7
	1971	178	12,269	1,450.8
	1972	152	12,418	1,224.0
	1973	168	12,195	1,377.6
	1974	172	12,341	1,393.7
	1975	184	12,489	1,473.3
	1976	183	12,787	1,431.1
	1977	182	12,935	1,407.0
	1978	205	13,105	1,564.3
	Total	1,996	137,456	1,452.1
Porter County, IN (18127)	1968	581	83,486	695.9
	1969	563	85,344	659.7
	1970	567	87,068	651.2
	1971	604	89,813	672.5
	1972	532	90,541	587.6
	1973	598	93,853	637.2
	1974	663	95,744	692.5
	1975	608	98,834	615.2
	1976	651	101,789	639.6
	1977	663	106,679	621.5
	1978	691	111,552	619.4
	Total	6,721	1,044,703	643.3
Posey County, IN (18129)	1968	209	21,257	983.2
	1969	223	21,461	1,039.1
	1970	215	21,738	989.1
	1971	227	22,131	1,025.7
	1972	232	22,471	1,032.4
	1973	243	23,024	1,055.4
	1974	225	23,285	966.3
	1975	218	23,500	927.7
	1976	218	23,559	925.3
	1977	254	24,480	1,037.6
	1978	242	25,026	967.0
	Total	2,506	251,932	994.7
Pulaski County, IN (18131)	1968	145	12,406	1,168.8
	1969	173	12,438	1,390.9
	1970	157	12,563	1,249.7
	1971	154	12,650	1,217.4
	1972	152	12,845	1,183.3
	1973	173	12,762	1,355.6
	1974	139	12,963	1,072.3
	1975	135	13,073	1,032.7
	1976	147	13,192	1,114.3
	1977	173	13,001	1,330.7
	1978	115	13,267	866.8
	Total	1,663	141,160	1,178.1
Putnam County, IN (18133)	1968	278	26,588	1,045.6
	1969	240	26,760	896.9
	1970	235	26,946	872.1
	1971	234	27,240	859.0
	1972	268	27,499	974.6
	1973	211	26,949	783.0
	1974	243	27,096	896.8
	1975	236	27,285	864.9
	1976	282	27,818	1,013.7
	1977	232	27,968	829.5
	1978	227	28,275	802.8
	Total	2,686	300,424	894.1
Randolph County, IN (18135)	1968	382	28,236	1,352.9
	1969	367	28,597	1,283.4
	1970	294	28,942	1,015.8
	1971	340	29,523	1,151.6
	1972	362	29,595	1,223.2
	1973	343	29,811	1,150.6
	1974	309	29,802	1,036.8
	1975	260	29,680	876.0
	1976	303	29,751	1,018.5
	1977	286	30,173	947.9
	1978	299	29,742	1,005.3
	Total	3,545	323,852	1,094.6
Ripley County, IN (18137)	1968	269	20,447	1,315.6
	1969	231	20,844	1,108.2
	1970	219	21,186	1,033.7
	1971	260	21,674	1,199.6
	1972	232	21,980	1,055.5
	1973	228	22,408	1,017.5
	1974	216	22,874	944.3
	1975	246	23,512	1,046.3
	1976	235	23,669	992.9
	1977	251	24,013	1,045.3
	1978	237	24,071	984.6
	Total	2,624	246,678	1,063.7
Rush County, IN (18139)	1968	227	20,614	1,101.2
	1969	256	20,494	1,249.1
	1970	242	20,370	1,188.0
	1971	233	20,203	1,153.3
	1972	258	20,784	1,241.3
	1973	239	20,662	1,156.7
	1974	225	20,508	1,097.1
	1975	209	20,317	1,028.7
	1976	204	20,243	1,007.8
	1977	194	20,292	956.0
	1978	219	20,296	1,079.0
	Total	2,506	224,783	1,114.9
St. Joseph County, IN (18141)	1968	2,318	246,825	939.1
	1969	2,260	245,618	920.1
	1970	2,227	245,480	907.2
	1971	2,352	243,960	964.1
	1972	2,378	245,409	969.0
	1973	2,294	243,272	943.0
	1974	2,230	241,778	922.3
	1975	2,153	240,767	894.2
	1976	2,236	239,449	933.8
	1977	2,137	240,262	889.4
	1978	2,234	241,971	923.3
	Total	24,819	2,674,791	927.9
Scott County, IN (18143)	1968	168	16,644	1,009.4
	1969	156	16,935	921.2
	1970	168	17,202	976.6
	1971	167	17,555	951.3
	1972	174	17,662	985.2
	1973	170	18,379	925.0
	1974	182	18,902	962.9
	1975	155	19,397	799.1
	1976	186	19,674	945.4
	1977	193	20,031	963.5
	1978	181	20,374	888.4
	Total	1,900	202,755	937.1
Shelby County, IN (18145)	1968	390	37,339	1,044.5
	1969	422	37,576	1,123.1
	1970	379	37,817	1,002.2
	1971	382	38,118	1,002.2
	1972	370	39,006	948.6
	1973	380	39,502	962.0
	1974	370	39,477	937.3
	1975	365	39,468	924.8
	1976	342	39,492	866.0
	1977	363	39,676	914.9
	1978	346	39,731	870.9
	Total	4,109	427,202	961.8
Spencer County, IN (18147)	1968	193	16,238	1,188.6
	1969	190	16,690	1,138.4
	1970	170	17,130	992.4
	1971	204	17,836	1,143.8
	1972	210	17,708	1,185.9
	1973	215	18,092	1,188.4
	1974	220	17,935	1,226.7
	1975	189	17,985	1,050.9
	1976	189	18,093	1,044.6
	1977	203	18,349	1,106.3
	1978	168	18,693	898.7
	Total	2,151	194,749	1,104.5
Starke County, IN (18149)	1968	222	18,428	1,204.7
	1969	238	18,917	1,258.1
	1970	264	19,276	1,369.6
	1971	255	20,040	1,272.5
	1972	242	20,015	1,209.1
	1973	254	20,667	1,229.0
	1974	244	20,905	1,167.2
	1975	232	21,041	1,102.6
	1976	238	21,015	1,132.5
	1977	242	21,255	1,138.6
	1978	251	21,563	1,164.0
	Total	2,682	223,122	1,202.0
Steuben County, IN (18151)	1968	224	19,472	1,150.4
	1969	215	19,838	1,083.8
	1970	191	20,184	946.3
	1971	218	20,759	1,050.1
	1972	210	21,123	994.2
	1973	219	21,685	1,009.9
	1974	242	22,873	1,058.0
	1975	202	23,003	878.1
	1976	217	23,282	932.1
	1977	222	23,828	931.7
	1978	226	24,472	923.5
	Total	2,386	240,519	992.0
Sullivan County, IN (18153)	1968	315	19,951	1,578.9
	1969	340	19,873	1,710.9
	1970	331	19,955	1,658.7
	1971	293	19,980	1,466.5
	1972	358	20,124	1,779.0
	1973	313	20,358	1,537.5
	1974	349	19,945	1,749.8
	1975	260	20,255	1,283.6
	1976	299	20,552	1,454.8
	1977	274	20,989	1,305.4
	1978	302	20,937	1,442.4
	Total	3,434	222,919	1,540.5
Switzerland County, IN (18155)	1968	102	6,156	1,656.9
	1969	99	6,247	1,584.8
	1970	74	6,296	1,175.3
	1971	94	6,416	1,465.1
	1972	82	6,418	1,277.7
	1973	88	6,531	1,347.4
	1974	79	6,641	1,189.6
	1975	59	6,820	865.1
	1976	85	7,007	1,213.1
	1977	73	6,883	1,060.6
	1978	75	6,968	1,076.3
	Total	910	72,383	1,257.2
Tippecanoe County, IN (18157)	1968	794	107,845	736.2
	1969	696	108,794	639.7
	1970	781	109,730	711.7
	1971	729	111,172	655.7
	1972	802	114,278	701.8
	1973	779	113,366	687.2
	1974	787	115,479	681.5
	1975	779	115,325	675.5
	1976	751	117,223	640.7
	1977	764	118,854	642.8
	1978	777	120,258	646.1
	Total	8,439	1,252,324	673.9
Tipton County, IN (18159)	1968	180	16,751	1,074.6
	1969	167	16,717	999.0
	1970	172	16,673	1,031.6
	1971	163	16,615	981.0
	1972	188	16,547	1,136.2
	1973	197	16,724	1,177.9
	1974	183	16,536	1,106.7
	1975	155	16,855	919.6
	1976	165	16,707	987.6
	1977	177	16,863	1,049.6
	1978	159	16,837	944.3
	Total	1,906	183,825	1,036.9
Union County, IN (18161)	1968	68	6,412	1,060.5
	1969	65	6,485	1,002.3
	1970	74	6,591	1,122.7
	1971	68	6,753	1,007.0
	1972	48	6,624	724.6
	1973	63	6,728	936.4
	1974	65	6,665	975.2
	1975	76	6,769	1,122.8
	1976	58	6,784	855.0
	1977	43	6,735	638.5
	1978	71	6,881	1,031.8
	Total	699	73,427	952.0
Vanderburgh County, IN (18163)	1968	1,837	167,767	1,095.0
	1969	1,804	168,264	1,072.1
	1970	1,744	169,129	1,031.2
	1971	1,860	170,213	1,092.7
	1972	1,890	168,475	1,121.8
	1973	1,820	167,223	1,088.4
	1974	1,820	166,051	1,096.0
	1975	1,819	165,106	1,101.7
	1976	1,760	165,238	1,065.1
	1977	1,840	165,658	1,110.7
	1978	1,806	166,570	1,084.2
	Total	20,000	1,839,694	1,087.1
Vermillion County, IN (18165)	1968	249	16,207	1,536.4
	1969	274	16,526	1,658.0
	1970	249	16,828	1,479.7
	1971	240	17,306	1,386.8
	1972	248	17,359	1,428.7
	1973	249	17,495	1,423.3
	1974	264	17,239	1,531.4
	1975	228	17,240	1,322.5
	1976	210	17,351	1,210.3
	1977	214	17,682	1,210.3
	1978	221	17,913	1,233.7
	Total	2,646	189,146	1,398.9
Vigo County, IN (18167)	1968	1,405	113,495	1,237.9
	1969	1,401	113,994	1,229.0
	1970	1,306	114,755	1,138.1
	1971	1,342	115,824	1,158.7
	1972	1,266	114,814	1,102.7
	1973	1,249	112,907	1,106.2
	1974	1,207	111,229	1,085.1
	1975	1,239	110,989	1,116.3
	1976	1,250	111,329	1,122.8
	1977	1,239	111,492	1,111.3
	1978	1,255	111,130	1,129.3
	Total	14,159	1,241,958	1,140.1
Wabash County, IN (18169)	1968	415	35,706	1,162.3
	1969	361	35,618	1,013.5
	1970	413	35,550	1,161.7
	1971	374	35,461	1,054.7
	1972	370	35,404	1,045.1
	1973	421	35,296	1,192.8
	1974	396	35,471	1,116.4
	1975	362	35,428	1,021.8
	1976	360	35,327	1,019.1
	1977	360	35,506	1,013.9
	1978	367	35,931	1,021.4
	Total	4,199	390,698	1,074.7
Warren County, IN (18171)	1968	106	8,839	1,199.2
	1969	96	8,738	1,098.6
	1970	112	8,693	1,288.4
	1971	100	8,582	1,165.2
	1972	80	8,645	925.4
	1973	97	8,804	1,101.8
	1974	89	8,654	1,028.4
	1975	91	8,656	1,051.3
	1976	103	8,858	1,162.8
	1977	93	8,854	1,050.4
	1978	80	8,944	894.5
	Total	1,047	96,267	1,087.6
Warrick County, IN (18173)	1968	247	26,130	945.3
	1969	266	27,082	982.2
	1970	262	27,994	935.9
	1971	248	29,551	839.2
	1972	312	30,792	1,013.3
	1973	287	32,590	880.6
	1974	261	33,870	770.6
	1975	270	35,018	771.0
	1976	284	36,146	785.7
	1977	253	37,790	669.5
	1978	254	39,669	640.3
	Total	2,944	356,632	825.5
Washington County, IN (18175)	1968	221	19,151	1,154.0
	1969	219	19,174	1,142.2
	1970	188	19,336	972.3
	1971	201	19,409	1,035.6
	1972	216	19,573	1,103.6
	1973	240	19,754	1,214.9
	1974	191	20,009	954.6
	1975	201	20,431	983.8
	1976	231	20,815	1,109.8
	1977	218	20,985	1,038.8
	1978	187	21,350	875.9
	Total	2,313	219,987	1,051.4
Wayne County, IN (18177)	1968	871	78,864	1,104.4
	1969	910	78,922	1,153.0
	1970	773	79,133	976.8
	1971	773	79,502	972.3
	1972	822	79,098	1,039.2
	1973	817	78,678	1,038.4
	1974	715	78,786	907.5
	1975	798	77,696	1,027.1
	1976	722	77,064	936.9
	1977	766	77,286	991.1
	1978	726	76,685	946.7
	Total	8,693	861,714	1,008.8
Wells County, IN (18179)	1968	207	23,199	892.3
	1969	247	23,504	1,050.9
	1970	253	23,884	1,059.3
	1971	218	24,346	895.4
	1972	236	24,671	956.6
	1973	222	24,995	888.2
	1974	223	25,056	890.0
	1975	223	25,308	881.1
	1976	236	25,355	930.8
	1977	209	25,476	820.4
	1978	222	25,612	866.8
	Total	2,496	271,406	919.7
White County, IN (18181)	1968	253	20,642	1,225.7
	1969	245	20,802	1,177.8
	1970	251	20,995	1,195.5
	1971	269	21,384	1,257.9
	1972	228	21,308	1,070.0
	1973	238	21,846	1,089.4
	1974	248	21,969	1,128.9
	1975	220	22,106	995.2
	1976	197	22,553	873.5
	1977	227	22,939	989.6
	1978	255	23,310	1,094.0
	Total	2,631	239,854	1,096.9
Whitley County, IN (18183)	1968	242	22,787	1,062.0
	1969	240	23,096	1,039.1
	1970	186	23,423	794.1
	1971	253	23,882	1,059.4
	1972	250	24,089	1,037.8
	1973	256	24,721	1,035.6
	1974	242	24,990	968.4
	1975	236	25,213	936.0
	1976	223	25,355	879.5
	1977	240	25,323	947.8
	1978	207	25,756	803.7
	Total	2,575	268,635	958.5
Total		531,758	58,296,550	912.2
