
                        
                      	Year	
                        
                      	
                        
                      	
                        
                      
Alcona County, MI (26001)	1999	167	11,641	1,434.6
	2000	179	11,719	1,527.4
	2001	158	11,665	1,354.5
	2002	182	11,480	1,585.4
	2003	190	11,495	1,652.9
	2004	154	11,459	1,343.9
	2005	142	11,517	1,233.0
	2006	176	11,503	1,530.0
	2007	150	11,412	1,314.4
	2008	168	11,286	1,488.6
	2009	165	11,106	1,485.7
	2010	181	10,942	1,654.2
	2011	196	10,763	1,821.1
	2012	182	10,594	1,718.0
	Total	2,390	158,582	1,507.1
Alger County, MI (26003)	1999	112	9,945	1,126.2
	2000	118	9,862	1,196.5
	2001	117	9,815	1,192.1
	2002	89	9,764	911.5
	2003	129	9,694	1,330.7
	2004	119	9,680	1,229.3
	2005	100	9,633	1,038.1
	2006	126	9,687	1,300.7
	2007	107	9,779	1,094.2
	2008	117	9,647	1,212.8
	2009	118	9,334	1,264.2
	2010	102	9,601	1,062.4
	2011	106	9,556	1,109.3
	2012	115	9,512	1,209.0
	Total	1,575	135,509	1,162.3
Allegan County, MI (26005)	1999	837	104,476	801.1
	2000	858	105,665	812.0
	2001	830	107,367	773.0
	2002	896	108,203	828.1
	2003	780	109,192	714.3
	2004	829	110,225	752.1
	2005	838	110,865	755.9
	2006	883	111,156	794.4
	2007	859	111,427	770.9
	2008	874	111,589	783.2
	2009	809	111,252	727.2
	2010	907	111,408	814.1
	2011	896	111,536	803.3
	2012	899	111,895	803.4
	Total	11,995	1,536,256	780.8
Alpena County, MI (26007)	1999	354	31,313	1,130.5
	2000	375	31,314	1,197.5
	2001	330	31,179	1,058.4
	2002	360	30,956	1,162.9
	2003	321	30,824	1,041.4
	2004	342	30,735	1,112.7
	2005	359	30,494	1,177.3
	2006	357	30,209	1,181.8
	2007	325	30,180	1,076.9
	2008	358	30,119	1,188.6
	2009	324	29,755	1,088.9
	2010	354	29,598	1,196.0
	2011	381	29,358	1,297.8
	2012	366	29,244	1,251.5
	Total	4,906	425,278	1,153.6
Antrim County, MI (26009)	1999	241	22,556	1,068.5
	2000	221	23,110	956.3
	2001	254	23,485	1,081.5
	2002	226	23,773	950.7
	2003	235	24,129	973.9
	2004	249	24,263	1,026.3
	2005	238	24,261	981.0
	2006	229	24,278	943.2
	2007	240	24,248	989.8
	2008	219	24,047	910.7
	2009	238	23,796	1,000.2
	2010	260	23,580	1,102.6
	2011	256	23,418	1,093.2
	2012	240	23,418	1,024.9
	Total	3,346	332,362	1,006.7
Arenac County, MI (26011)	1999	179	17,070	1,048.6
	2000	196	17,269	1,135.0
	2001	192	17,206	1,115.9
	2002	170	17,245	985.8
	2003	200	17,184	1,163.9
	2004	228	17,128	1,331.2
	2005	196	17,094	1,146.6
	2006	189	16,968	1,113.9
	2007	177	16,811	1,052.9
	2008	206	16,547	1,244.9
	2009	200	16,243	1,231.3
	2010	199	15,899	1,251.7
	2011	195	15,641	1,246.7
	2012	204	15,522	1,314.3
	Total	2,731	233,827	1,168.0
Baraga County, MI (26013)	1999	120	8,744	1,372.4
	2000	118	8,746	1,349.2
	2001	99	8,899	1,112.5
	2002	108	8,889	1,215.0
	2003	111	8,873	1,251.0
	2004	101	8,884	1,136.9
	2005	109	8,851	1,231.5
	2006	83	8,940	928.4
	2007	86	8,930	963.0
	2008	108	8,822	1,224.2
	2009	118	8,874	1,329.7
	2010	105	8,860	1,185.1
	2011	97	8,827	1,098.9
	2012	109	8,704	1,252.3
	Total	1,472	123,843	1,188.6
Barry County, MI (26015)	1999	473	56,171	842.1
	2000	462	56,755	814.0
	2001	465	57,572	807.7
	2002	481	58,061	828.4
	2003	453	58,682	772.0
	2004	498	59,005	844.0
	2005	515	59,621	863.8
	2006	490	59,610	822.0
	2007	468	59,969	780.4
	2008	476	59,788	796.1
	2009	487	59,469	818.9
	2010	461	59,173	779.1
	2011	520	58,952	882.1
	2012	518	59,004	877.9
	Total	6,767	821,832	823.4
Bay County, MI (26017)	1999	1,068	110,295	968.3
	2000	1,135	110,157	1,030.3
	2001	1,056	109,836	961.4
	2002	1,124	109,861	1,023.1
	2003	1,134	109,559	1,035.1
	2004	1,073	109,453	980.3
	2005	1,082	109,165	991.2
	2006	1,135	108,711	1,044.1
	2007	1,138	108,132	1,052.4
	2008	1,151	108,320	1,062.6
	2009	1,114	107,913	1,032.3
	2010	1,113	107,771	1,032.7
	2011	1,195	107,229	1,114.4
	2012	1,122	106,890	1,049.7
	Total	15,640	1,523,292	1,026.7
Benzie County, MI (26019)	1999	165	15,652	1,054.2
	2000	156	15,998	975.1
	2001	172	16,490	1,043.1
	2002	169	16,793	1,006.4
	2003	181	17,239	1,049.9
	2004	155	17,420	889.8
	2005	161	17,697	909.8
	2006	191	17,867	1,069.0
	2007	191	17,863	1,069.2
	2008	170	17,733	958.7
	2009	186	17,564	1,059.0
	2010	179	17,525	1,021.4
	2011	218	17,455	1,248.9
	2012	194	17,415	1,114.0
	Total	2,488	240,711	1,033.6
Berrien County, MI (26021)	1999	1,689	162,028	1,042.4
	2000	1,604	162,453	987.4
	2001	1,624	161,153	1,007.7
	2002	1,572	160,604	978.8
	2003	1,604	160,314	1,000.5
	2004	1,595	159,742	998.5
	2005	1,664	158,510	1,049.8
	2006	1,624	157,537	1,030.9
	2007	1,588	157,378	1,009.0
	2008	1,626	157,380	1,033.2
	2009	1,589	157,059	1,011.7
	2010	1,598	156,813	1,019.0
	2011	1,645	156,414	1,051.7
	2012	1,714	155,946	1,099.1
	Total	22,736	2,223,331	1,022.6
Branch County, MI (26023)	1999	391	45,382	861.6
	2000	388	45,787	847.4
	2001	405	46,099	878.5
	2002	443	46,651	949.6
	2003	420	46,680	899.7
	2004	406	46,791	867.7
	2005	417	46,733	892.3
	2006	421	46,805	899.5
	2007	449	46,788	959.6
	2008	477	46,305	1,030.1
	2009	401	45,378	883.7
	2010	433	45,248	956.9
	2011	449	43,935	1,022.0
	2012	427	43,852	973.7
	Total	5,927	642,434	922.6
Calhoun County, MI (26025)	1999	1,477	138,021	1,070.1
	2000	1,427	137,985	1,034.2
	2001	1,478	138,158	1,069.8
	2002	1,474	138,580	1,063.6
	2003	1,403	138,962	1,009.6
	2004	1,364	139,443	978.2
	2005	1,404	138,946	1,010.5
	2006	1,413	138,291	1,021.8
	2007	1,456	137,582	1,058.3
	2008	1,377	137,313	1,002.8
	2009	1,327	136,301	973.6
	2010	1,534	136,146	1,126.7
	2011	1,425	135,400	1,052.4
	2012	1,481	134,949	1,097.5
	Total	20,040	1,926,077	1,040.5
Cass County, MI (26027)	1999	481	50,852	945.9
	2000	470	51,104	919.7
	2001	472	51,395	918.4
	2002	497	51,588	963.4
	2003	454	51,783	876.7
	2004	454	52,290	868.2
	2005	499	52,358	953.1
	2006	488	52,282	933.4
	2007	499	52,623	948.3
	2008	492	52,684	933.9
	2009	485	52,362	926.2
	2010	507	52,293	969.5
	2011	484	52,474	922.4
	2012	497	52,117	953.6
	Total	6,779	728,205	930.9
Charlevoix County, MI (26029)	1999	229	25,806	887.4
	2000	232	26,090	889.2
	2001	238	26,437	900.3
	2002	247	26,542	930.6
	2003	233	26,656	874.1
	2004	206	26,601	774.4
	2005	256	26,534	964.8
	2006	253	26,394	958.6
	2007	257	26,499	969.8
	2008	283	26,280	1,076.9
	2009	262	26,068	1,005.1
	2010	249	25,949	959.6
	2011	295	26,012	1,134.1
	2012	227	26,032	872.0
	Total	3,467	367,900	942.4
Cheboygan County, MI (26031)	1999	286	25,949	1,102.2
	2000	295	26,448	1,115.4
	2001	273	26,881	1,015.6
	2002	282	27,138	1,039.1
	2003	300	27,232	1,101.6
	2004	299	27,228	1,098.1
	2005	269	27,274	986.3
	2006	260	27,249	954.2
	2007	289	27,093	1,066.7
	2008	302	26,738	1,129.5
	2009	329	26,330	1,249.5
	2010	275	26,152	1,051.5
	2011	305	25,947	1,175.5
	2012	300	25,838	1,161.1
	Total	4,064	373,497	1,088.1
Chippewa County, MI (26033)	1999	316	38,423	822.4
	2000	312	38,543	809.5
	2001	317	38,518	823.0
	2002	319	38,748	823.3
	2003	290	38,789	747.6
	2004	314	38,803	809.2
	2005	307	38,990	787.4
	2006	297	39,051	760.5
	2007	329	39,314	836.9
	2008	338	39,247	861.2
	2009	336	39,174	857.7
	2010	318	38,520	825.5
	2011	354	38,713	914.4
	2012	336	38,777	866.5
	Total	4,483	543,610	824.7
Clare County, MI (26035)	1999	406	30,808	1,317.8
	2000	361	31,252	1,155.1
	2001	350	31,405	1,114.5
	2002	369	31,707	1,163.8
	2003	400	31,710	1,261.4
	2004	386	31,821	1,213.0
	2005	395	31,701	1,246.0
	2006	369	31,612	1,167.3
	2007	396	31,353	1,263.0
	2008	377	31,064	1,213.6
	2009	359	30,856	1,163.5
	2010	405	30,926	1,309.6
	2011	391	30,945	1,263.5
	2012	384	30,751	1,248.7
	Total	5,348	437,911	1,221.3
Clinton County, MI (26037)	1999	465	64,069	725.8
	2000	471	64,753	727.4
	2001	436	66,098	659.6
	2002	500	67,596	739.7
	2003	476	69,103	688.8
	2004	476	70,605	674.2
	2005	453	71,700	631.8
	2006	474	72,881	650.4
	2007	479	73,740	649.6
	2008	464	74,302	624.5
	2009	480	74,828	641.5
	2010	526	75,382	697.8
	2011	531	75,909	699.5
	2012	540	76,141	709.2
	Total	6,771	997,107	679.1
Crawford County, MI (26039)	1999	148	14,077	1,051.4
	2000	168	14,273	1,177.0
	2001	142	14,392	986.7
	2002	161	14,527	1,108.3
	2003	155	14,633	1,059.2
	2004	164	14,591	1,124.0
	2005	156	14,644	1,065.3
	2006	148	14,597	1,013.9
	2007	154	14,455	1,065.4
	2008	152	14,379	1,057.1
	2009	149	14,157	1,052.5
	2010	163	14,074	1,158.2
	2011	166	14,008	1,185.0
	2012	153	13,974	1,094.9
	Total	2,179	200,781	1,085.3
Delta County, MI (26041)	1999	406	38,448	1,056.0
	2000	420	38,520	1,090.3
	2001	414	38,356	1,079.4
	2002	409	38,300	1,067.9
	2003	419	38,157	1,098.1
	2004	407	38,123	1,067.6
	2005	398	37,982	1,047.9
	2006	391	37,898	1,031.7
	2007	411	37,584	1,093.6
	2008	409	37,409	1,093.3
	2009	393	37,059	1,060.5
	2010	428	37,069	1,154.6
	2011	456	36,934	1,234.6
	2012	395	36,876	1,071.2
	Total	5,756	528,715	1,088.7
Dickinson County, MI (26043)	1999	316	27,497	1,149.2
	2000	306	27,472	1,113.9
	2001	320	27,136	1,179.2
	2002	337	27,019	1,247.3
	2003	314	26,943	1,165.4
	2004	307	27,231	1,127.4
	2005	347	27,067	1,282.0
	2006	281	26,951	1,042.6
	2007	286	26,881	1,063.9
	2008	328	26,622	1,232.1
	2009	303	26,357	1,149.6
	2010	287	26,168	1,096.8
	2011	326	26,117	1,248.2
	2012	319	26,275	1,214.1
	Total	4,377	375,736	1,164.9
Eaton County, MI (26045)	1999	800	102,991	776.8
	2000	774	103,655	746.7
	2001	791	104,848	754.4
	2002	784	105,794	741.1
	2003	808	107,090	754.5
	2004	842	107,533	783.0
	2005	893	108,073	826.3
	2006	830	108,364	765.9
	2007	866	108,358	799.2
	2008	857	108,021	793.4
	2009	858	107,430	798.7
	2010	895	107,759	830.6
	2011	921	107,952	853.2
	2012	975	108,022	902.6
	Total	11,894	1,495,890	795.1
Emmet County, MI (26047)	1999	289	30,967	933.3
	2000	296	31,437	941.6
	2001	291	31,998	909.4
	2002	308	32,279	954.2
	2003	292	32,402	901.2
	2004	249	32,824	758.6
	2005	292	32,856	888.7
	2006	270	32,926	820.0
	2007	268	32,794	817.2
	2008	323	32,852	983.2
	2009	279	32,765	851.5
	2010	316	32,694	966.5
	2011	330	32,798	1,006.2
	2012	306	32,926	929.4
	Total	4,109	454,518	904.0
Genesee County, MI (26049)	1999	3,911	434,409	900.3
	2000	3,920	436,141	898.8
	2001	3,899	438,584	889.0
	2002	4,117	440,062	935.5
	2003	3,857	441,689	873.2
	2004	3,942	442,534	890.8
	2005	4,001	442,508	904.2
	2006	3,980	441,164	902.2
	2007	3,867	438,109	882.7
	2008	4,073	433,082	940.5
	2009	4,087	427,989	954.9
	2010	4,092	425,790	961.0
	2011	4,127	421,750	978.5
	2012	4,245	417,791	1,016.1
	Total	56,118	6,081,602	922.8
Gladwin County, MI (26051)	1999	301	25,746	1,169.1
	2000	291	26,023	1,118.2
	2001	315	26,453	1,190.8
	2002	288	26,754	1,076.5
	2003	298	26,875	1,108.8
	2004	293	26,971	1,086.4
	2005	318	26,752	1,188.7
	2006	329	26,726	1,231.0
	2007	311	26,285	1,183.2
	2008	327	25,956	1,259.8
	2009	348	25,738	1,352.1
	2010	317	25,692	1,233.8
	2011	331	25,847	1,280.6
	2012	338	25,521	1,324.4
	Total	4,405	367,339	1,199.2
Gogebic County, MI (26053)	1999	270	17,456	1,546.7
	2000	251	17,370	1,445.0
	2001	245	17,612	1,391.1
	2002	275	17,394	1,581.0
	2003	254	17,213	1,475.6
	2004	237	16,976	1,396.1
	2005	248	16,811	1,475.2
	2006	243	16,552	1,468.1
	2007	238	16,515	1,441.1
	2008	242	16,499	1,466.8
	2009	234	16,390	1,427.7
	2010	234	16,427	1,424.5
	2011	228	16,133	1,413.3
	2012	224	16,064	1,394.4
	Total	3,423	235,412	1,454.0
Grand Traverse County, MI (26055)	1999	595	76,710	775.6
	2000	620	77,654	798.4
	2001	623	79,915	779.6
	2002	660	81,013	814.7
	2003	641	81,869	783.0
	2004	658	82,768	795.0
	2005	708	83,699	845.9
	2006	717	84,705	846.5
	2007	695	85,579	812.1
	2008	769	86,209	892.0
	2009	747	86,767	860.9
	2010	764	86,986	878.3
	2011	790	88,191	895.8
	2012	792	88,967	890.2
	Total	9,779	1,171,032	835.1
Gratiot County, MI (26057)	1999	424	40,276	1,052.7
	2000	427	42,285	1,009.8
	2001	407	42,521	957.2
	2002	445	42,428	1,048.8
	2003	446	42,546	1,048.3
	2004	427	42,583	1,002.7
	2005	456	42,479	1,073.5
	2006	408	42,714	955.2
	2007	447	42,824	1,043.8
	2008	447	42,774	1,045.0
	2009	422	42,285	998.0
	2010	435	42,476	1,024.1
	2011	416	42,093	988.3
	2012	425	41,981	1,012.4
	Total	6,032	592,265	1,018.5
Hillsdale County, MI (26059)	1999	456	46,162	987.8
	2000	400	46,527	859.7
	2001	471	46,736	1,007.8
	2002	433	47,051	920.3
	2003	451	47,359	952.3
	2004	417	47,392	879.9
	2005	424	47,476	893.1
	2006	417	47,499	877.9
	2007	409	47,336	864.0
	2008	405	46,951	862.6
	2009	428	46,735	915.8
	2010	462	46,688	989.5
	2011	442	46,597	948.6
	2012	456	46,284	985.2
	Total	6,071	656,793	924.3
Houghton County, MI (26061)	1999	462	36,107	1,279.5
	2000	404	36,016	1,121.7
	2001	388	35,701	1,086.8
	2002	386	35,905	1,075.1
	2003	384	35,794	1,072.8
	2004	374	36,154	1,034.5
	2005	397	36,169	1,097.6
	2006	383	35,765	1,070.9
	2007	346	35,839	965.4
	2008	397	36,292	1,093.9
	2009	351	36,378	964.9
	2010	351	36,628	958.3
	2011	352	36,701	959.1
	2012	348	36,460	954.5
	Total	5,323	505,909	1,052.2
Huron County, MI (26063)	1999	459	36,077	1,272.3
	2000	463	36,079	1,283.3
	2001	450	35,760	1,258.4
	2002	469	35,508	1,320.8
	2003	470	35,313	1,331.0
	2004	447	35,014	1,276.6
	2005	392	34,691	1,130.0
	2006	433	34,363	1,260.1
	2007	468	34,034	1,375.1
	2008	437	33,504	1,304.3
	2009	464	33,269	1,394.7
	2010	425	33,118	1,283.3
	2011	432	32,723	1,320.2
	2012	447	32,457	1,377.2
	Total	6,256	481,910	1,298.2
Ingham County, MI (26065)	1999	1,891	280,035	675.3
	2000	1,923	279,320	688.5
	2001	1,823	281,105	648.5
	2002	1,891	282,030	670.5
	2003	1,936	282,183	686.1
	2004	1,927	283,586	679.5
	2005	1,924	282,970	679.9
	2006	1,897	282,104	672.4
	2007	1,928	281,706	684.4
	2008	1,932	281,315	686.8
	2009	1,978	280,889	704.2
	2010	1,897	280,895	675.3
	2011	2,016	281,812	715.4
	2012	1,957	281,869	694.3
	Total	26,920	3,941,819	682.9
Ionia County, MI (26067)	1999	418	61,527	679.4
	2000	492	61,518	799.8
	2001	460	62,079	741.0
	2002	458	63,265	723.9
	2003	411	63,781	644.4
	2004	459	64,562	710.9
	2005	475	64,745	733.6
	2006	442	65,157	678.4
	2007	449	65,189	688.8
	2008	505	65,167	774.9
	2009	482	63,858	754.8
	2010	509	63,905	796.5
	2011	432	63,856	676.5
	2012	477	63,903	746.4
	Total	6,469	892,512	724.8
Iosco County, MI (26069)	1999	340	27,180	1,250.9
	2000	340	27,339	1,243.6
	2001	370	27,204	1,360.1
	2002	385	27,009	1,425.5
	2003	404	26,882	1,502.9
	2004	385	26,860	1,433.4
	2005	402	26,835	1,498.0
	2006	384	26,869	1,429.2
	2007	382	26,749	1,428.1
	2008	385	26,542	1,450.5
	2009	377	26,174	1,440.4
	2010	362	25,887	1,398.4
	2011	407	25,519	1,594.9
	2012	388	25,379	1,528.8
	Total	5,311	372,428	1,426.0
Iron County, MI (26071)	1999	233	13,157	1,770.9
	2000	208	13,138	1,583.2
	2001	189	12,879	1,467.5
	2002	236	12,753	1,850.5
	2003	211	12,668	1,665.6
	2004	184	12,460	1,476.7
	2005	210	12,397	1,694.0
	2006	224	12,248	1,828.9
	2007	193	12,183	1,584.2
	2008	171	12,081	1,415.4
	2009	205	11,959	1,714.2
	2010	181	11,817	1,531.7
	2011	209	11,758	1,777.5
	2012	188	11,571	1,624.8
	Total	2,842	173,069	1,642.1
Isabella County, MI (26073)	1999	371	63,093	588.0
	2000	370	63,351	584.0
	2001	420	64,231	653.9
	2002	420	64,907	647.1
	2003	439	66,036	664.8
	2004	409	67,067	609.8
	2005	448	67,788	660.9
	2006	438	68,556	638.9
	2007	382	69,012	553.5
	2008	408	69,328	588.5
	2009	419	70,026	598.3
	2010	425	70,311	604.5
	2011	454	70,621	642.9
	2012	449	70,604	635.9
	Total	5,852	944,931	619.3
Jackson County, MI (26075)	1999	1,431	157,085	911.0
	2000	1,442	158,422	910.2
	2001	1,412	159,772	883.8
	2002	1,486	160,893	923.6
	2003	1,582	162,119	975.8
	2004	1,581	162,140	975.1
	2005	1,582	163,047	970.3
	2006	1,508	163,387	923.0
	2007	1,517	163,316	928.9
	2008	1,465	160,825	910.9
	2009	1,487	160,114	928.7
	2010	1,465	160,248	914.2
	2011	1,569	159,747	982.2
	2012	1,547	160,251	965.4
	Total	21,074	2,251,366	936.1
Kalamazoo County, MI (26077)	1999	1,881	237,581	791.7
	2000	1,919	238,603	804.3
	2001	1,945	240,080	810.1
	2002	1,964	241,937	811.8
	2003	1,905	243,834	781.3
	2004	1,866	242,505	769.5
	2005	1,903	243,259	782.3
	2006	1,848	244,178	756.8
	2007	1,908	245,431	777.4
	2008	1,974	246,862	799.6
	2009	1,990	249,023	799.1
	2010	2,080	250,331	830.9
	2011	1,987	252,460	787.1
	2012	1,884	254,850	739.3
	Total	27,054	3,430,934	788.5
Kalkaska County, MI (26079)	1999	146	16,400	890.2
	2000	159	16,571	959.5
	2001	155	16,873	918.6
	2002	160	16,989	941.8
	2003	144	17,296	832.6
	2004	144	17,400	827.6
	2005	148	17,381	851.5
	2006	163	17,572	927.6
	2007	158	17,540	900.8
	2008	155	17,546	883.4
	2009	154	17,223	894.2
	2010	176	17,153	1,026.1
	2011	187	17,123	1,092.1
	2012	179	17,049	1,049.9
	Total	2,228	240,116	927.9
Kent County, MI (26081)	1999	4,088	568,731	718.8
	2000	4,112	574,335	716.0
	2001	4,002	581,224	688.5
	2002	4,039	584,940	690.5
	2003	4,087	587,790	695.3
	2004	4,194	589,554	711.4
	2005	4,246	592,210	717.0
	2006	4,024	595,191	676.1
	2007	4,031	598,077	674.0
	2008	4,247	599,234	708.7
	2009	4,127	601,437	686.2
	2010	4,191	602,622	695.5
	2011	4,371	607,707	719.3
	2012	4,258	614,079	693.4
	Total	58,017	8,297,131	699.2
Keweenaw County, MI (26083)	1999	29	2,247	1,290.6
	2000	21	2,301	912.6
	2001	25	2,264	1,104.2
	2002	15	2,219	676.0 (Unreliable)
	2003	24	2,174	1,104.0
	2004	28	2,125	1,317.6
	2005	27	2,068	1,305.6
	2006	22	2,087	1,054.1
	2007	23	2,104	1,093.2
	2008	23	2,119	1,085.4
	2009	21	2,131	985.5
	2010	21	2,156	974.0
	2011	26	2,227	1,167.5
	2012	18	2,211	814.1 (Unreliable)
	Total	323	30,433	1,061.3
Lake County, MI (26085)	1999	141	10,772	1,308.9
	2000	149	11,333	1,314.7
	2001	162	11,444	1,415.6
	2002	153	11,390	1,343.3
	2003	143	11,611	1,231.6
	2004	156	11,757	1,326.9
	2005	165	11,792	1,399.3
	2006	147	11,707	1,255.7
	2007	147	11,692	1,257.3
	2008	141	11,629	1,212.5
	2009	144	11,593	1,242.1
	2010	135	11,539	1,169.9
	2011	145	11,488	1,262.2
	2012	145	11,459	1,265.4
	Total	2,073	161,206	1,285.9
Lapeer County, MI (26087)	1999	591	87,080	678.7
	2000	645	87,904	733.8
	2001	558	89,102	626.2
	2002	628	90,035	697.5
	2003	678	90,573	748.6
	2004	605	91,125	663.9
	2005	616	91,739	671.5
	2006	681	91,691	742.7
	2007	659	91,130	723.1
	2008	694	89,914	771.8
	2009	729	88,774	821.2
	2010	763	88,319	863.9
	2011	714	88,057	810.8
	2012	774	88,231	877.2
	Total	9,335	1,253,674	744.6
Leelanau County, MI (26089)	1999	171	20,636	828.6
	2000	176	21,119	833.4
	2001	159	21,490	739.9
	2002	184	21,518	855.1
	2003	185	21,792	848.9
	2004	190	21,859	869.2
	2005	184	21,813	843.5
	2006	195	21,818	893.8
	2007	172	21,809	788.7
	2008	197	21,731	906.5
	2009	195	21,724	897.6
	2010	210	21,708	967.4
	2011	201	21,641	928.8
	2012	208	21,620	962.1
	Total	2,627	302,278	869.1
Lenawee County, MI (26091)	1999	870	98,565	882.7
	2000	906	98,890	916.2
	2001	870	99,626	873.3
	2002	845	100,293	842.5
	2003	919	100,704	912.6
	2004	784	101,216	774.6
	2005	864	101,367	852.3
	2006	941	101,715	925.1
	2007	887	101,657	872.5
	2008	927	101,169	916.3
	2009	922	100,250	919.7
	2010	896	99,892	897.0
	2011	938	99,360	944.0
	2012	941	99,086	949.7
	Total	12,510	1,403,790	891.2
Livingston County, MI (26093)	1999	916	153,033	598.6
	2000	911	156,951	580.4
	2001	936	163,146	573.7
	2002	947	167,833	564.3
	2003	1,000	171,357	583.6
	2004	1,033	175,245	589.5
	2005	1,055	178,819	590.0
	2006	1,084	181,620	596.9
	2007	1,144	181,903	628.9
	2008	1,154	181,171	637.0
	2009	1,192	181,082	658.3
	2010	1,234	180,967	681.9
	2011	1,328	182,390	728.1
	2012	1,339	183,095	731.3
	Total	15,273	2,438,612	626.3
Luce County, MI (26095)	1999	73	7,007	1,041.8
	2000	77	7,024	1,096.2
	2001	79	7,089	1,114.4
	2002	100	7,026	1,423.3
	2003	81	6,918	1,170.9
	2004	86	6,894	1,247.5
	2005	67	6,810	983.8
	2006	65	6,736	965.0
	2007	68	6,791	1,001.3
	2008	70	6,680	1,047.9
	2009	81	6,614	1,224.7
	2010	66	6,631	995.3
	2011	65	6,522	996.6
	2012	72	6,511	1,105.8
	Total	1,050	95,253	1,102.3
Mackinac County, MI (26097)	1999	142	11,848	1,198.5
	2000	165	11,943	1,381.6
	2001	138	11,803	1,169.2
	2002	130	11,725	1,108.7
	2003	140	11,656	1,201.1
	2004	139	11,647	1,193.4
	2005	127	11,596	1,095.2
	2006	137	11,474	1,194.0
	2007	126	11,448	1,100.6
	2008	134	11,248	1,191.3
	2009	131	11,159	1,173.9
	2010	147	11,113	1,322.8
	2011	123	11,065	1,111.6
	2012	112	11,121	1,007.1
	Total	1,891	160,846	1,175.7
Macomb County, MI (26099)	1999	7,321	783,828	934.0
	2000	7,177	788,149	910.6
	2001	7,182	800,571	897.1
	2002	7,456	808,457	922.3
	2003	7,257	815,982	889.4
	2004	7,182	823,418	872.2
	2005	7,431	828,765	896.6
	2006	7,360	833,328	883.2
	2007	7,493	835,703	896.6
	2008	7,647	837,857	912.7
	2009	7,579	839,435	902.9
	2010	7,683	840,978	913.6
	2011	8,074	842,887	957.9
	2012	8,014	847,710	945.4
	Total	104,856	11,527,068	909.7
Manistee County, MI (26101)	1999	270	24,133	1,118.8
	2000	284	24,527	1,157.9
	2001	280	24,725	1,132.5
	2002	321	24,929	1,287.7
	2003	314	25,194	1,246.3
	2004	267	25,048	1,066.0
	2005	276	25,178	1,096.2
	2006	267	25,201	1,059.5
	2007	259	25,077	1,032.8
	2008	294	24,960	1,177.9
	2009	283	24,818	1,140.3
	2010	284	24,733	1,148.3
	2011	300	24,699	1,214.6
	2012	318	24,618	1,291.7
	Total	4,017	347,840	1,154.8
Marquette County, MI (26103)	1999	618	64,410	959.5
	2000	635	64,634	982.5
	2001	635	64,738	980.9
	2002	630	65,012	969.1
	2003	650	65,043	999.3
	2004	615	65,620	937.2
	2005	641	65,785	974.4
	2006	586	66,002	887.9
	2007	583	66,131	881.6
	2008	616	66,539	925.8
	2009	617	66,765	924.1
	2010	585	67,077	872.1
	2011	654	67,470	969.3
	2012	606	67,758	894.4
	Total	8,671	922,984	939.5
Mason County, MI (26105)	1999	332	28,179	1,178.2
	2000	302	28,274	1,068.1
	2001	365	28,475	1,281.8
	2002	330	28,624	1,152.9
	2003	295	28,735	1,026.6
	2004	310	28,842	1,074.8
	2005	303	28,748	1,054.0
	2006	304	28,846	1,053.9
	2007	328	28,685	1,143.5
	2008	323	28,668	1,126.7
	2009	284	28,656	991.1
	2010	318	28,705	1,107.8
	2011	372	28,632	1,299.2
	2012	321	28,625	1,121.4
	Total	4,487	400,694	1,119.8
Mecosta County, MI (26107)	1999	317	40,217	788.2
	2000	356	40,553	877.9
	2001	349	41,003	851.2
	2002	357	41,639	857.4
	2003	307	42,054	730.0
	2004	334	42,553	784.9
	2005	301	42,908	701.5
	2006	337	42,876	786.0
	2007	359	42,640	841.9
	2008	322	42,683	754.4
	2009	317	42,621	743.8
	2010	379	42,798	885.6
	2011	378	43,256	873.9
	2012	372	43,229	860.5
	Total	4,785	591,030	809.6
Menominee County, MI (26109)	1999	315	25,360	1,242.1
	2000	288	25,326	1,137.2
	2001	309	25,170	1,227.7
	2002	280	25,023	1,119.0
	2003	263	24,997	1,052.1
	2004	248	24,987	992.5
	2005	259	24,719	1,047.8
	2006	263	24,472	1,074.7
	2007	256	24,322	1,052.5
	2008	242	24,317	995.2
	2009	223	24,118	924.6
	2010	268	24,029	1,115.3
	2011	265	23,931	1,107.4
	2012	280	23,769	1,178.0
	Total	3,759	344,540	1,091.0
Midland County, MI (26111)	1999	605	82,599	732.5
	2000	608	82,874	733.6
	2001	613	83,576	733.5
	2002	641	83,664	766.2
	2003	648	84,012	771.3
	2004	612	84,058	728.1
	2005	678	83,930	807.8
	2006	646	83,693	771.9
	2007	671	83,600	802.6
	2008	678	83,605	811.0
	2009	655	83,639	783.1
	2010	656	83,629	784.4
	2011	753	84,048	895.9
	2012	707	83,945	842.2
	Total	9,171	1,170,872	783.3
Missaukee County, MI (26113)	1999	130	14,235	913.2
	2000	142	14,478	980.8
	2001	123	14,590	843.0
	2002	143	14,842	963.5
	2003	136	15,031	904.8
	2004	130	15,127	859.4
	2005	145	15,099	960.3
	2006	139	15,043	924.0
	2007	144	15,009	959.4
	2008	146	15,028	971.5
	2009	149	14,898	1,000.1
	2010	152	14,849	1,023.6
	2011	146	14,935	977.6
	2012	142	14,999	946.7
	Total	1,967	208,163	944.9
Monroe County, MI (26115)	1999	1,128	144,525	780.5
	2000	1,172	145,945	803.0
	2001	1,195	147,605	809.6
	2002	1,214	148,561	817.2
	2003	1,239	149,747	827.4
	2004	1,213	151,117	802.7
	2005	1,182	152,374	775.7
	2006	1,286	153,460	838.0
	2007	1,298	153,424	846.0
	2008	1,271	152,806	831.8
	2009	1,247	152,296	818.8
	2010	1,270	152,021	835.4
	2011	1,395	151,532	920.6
	2012	1,422	150,923	942.2
	Total	17,532	2,106,336	832.3
Montcalm County, MI (26117)	1999	563	60,830	925.5
	2000	539	61,266	879.8
	2001	537	62,083	865.0
	2002	546	62,547	872.9
	2003	573	62,959	910.1
	2004	532	63,482	838.0
	2005	584	63,621	917.9
	2006	533	63,806	835.3
	2007	552	63,560	868.5
	2008	573	63,635	900.4
	2009	539	63,496	848.9
	2010	544	63,342	858.8
	2011	574	63,225	907.9
	2012	575	63,081	911.5
	Total	7,764	880,933	881.3
Montmorency County, MI (26119)	1999	146	10,163	1,436.6
	2000	143	10,315	1,386.3
	2001	174	10,389	1,674.8
	2002	150	10,397	1,442.7
	2003	146	10,382	1,406.3
	2004	136	10,326	1,317.1
	2005	155	10,222	1,516.3
	2006	158	10,125	1,560.5
	2007	139	9,996	1,390.6
	2008	160	9,922	1,612.6
	2009	162	9,794	1,654.1
	2010	150	9,765	1,536.1
	2011	157	9,596	1,636.1
	2012	143	9,477	1,508.9
	Total	2,119	140,869	1,504.2
Muskegon County, MI (26121)	1999	1,602	169,331	946.1
	2000	1,623	170,200	953.6
	2001	1,598	171,055	934.2
	2002	1,573	171,563	916.9
	2003	1,607	172,269	932.8
	2004	1,600	172,771	926.1
	2005	1,588	173,608	914.7
	2006	1,646	173,710	947.6
	2007	1,584	173,738	911.7
	2008	1,540	173,846	885.8
	2009	1,636	172,755	947.0
	2010	1,569	172,188	911.2
	2011	1,664	169,967	979.0
	2012	1,622	170,112	953.5
	Total	22,452	2,407,113	932.7
Newaygo County, MI (26123)	1999	405	47,393	854.6
	2000	418	47,874	873.1
	2001	417	48,564	858.7
	2002	438	48,697	899.4
	2003	468	49,072	953.7
	2004	401	49,272	813.8
	2005	450	49,452	910.0
	2006	413	49,287	837.9
	2007	408	49,328	827.1
	2008	447	49,153	909.4
	2009	461	48,649	947.6
	2010	479	48,460	988.4
	2011	480	48,415	991.4
	2012	483	47,954	1,007.2
	Total	6,168	681,570	905.0
Oakland County, MI (26125)	1999	9,214	1,188,498	775.3
	2000	8,910	1,194,156	746.1
	2001	8,929	1,200,425	743.8
	2002	9,129	1,198,889	761.5
	2003	9,060	1,201,756	753.9
	2004	8,753	1,203,812	727.1
	2005	9,012	1,203,253	749.0
	2006	9,074	1,202,256	754.7
	2007	9,274	1,199,862	772.9
	2008	9,420	1,199,545	785.3
	2009	9,358	1,200,890	779.3
	2010	9,568	1,202,362	795.8
	2011	9,787	1,211,026	808.2
	2012	10,052	1,220,643	823.5
	Total	129,540	16,827,373	769.8
Oceana County, MI (26127)	1999	260	26,440	983.4
	2000	245	26,873	911.7
	2001	222	26,934	824.2
	2002	238	27,281	872.4
	2003	228	27,404	832.0
	2004	240	27,556	871.0
	2005	248	27,423	904.4
	2006	237	27,484	862.3
	2007	222	27,251	814.6
	2008	286	27,120	1,054.6
	2009	249	26,779	929.8
	2010	257	26,570	967.3
	2011	235	26,440	888.8
	2012	242	26,297	920.3
	Total	3,409	377,852	902.2
Ogemaw County, MI (26129)	1999	253	21,492	1,177.2
	2000	304	21,645	1,404.5
	2001	297	21,787	1,363.2
	2002	281	21,890	1,283.7
	2003	281	21,990	1,277.9
	2004	326	22,053	1,478.3
	2005	315	22,071	1,427.2
	2006	311	22,003	1,413.4
	2007	282	21,941	1,285.3
	2008	277	21,885	1,265.7
	2009	261	21,856	1,194.2
	2010	289	21,699	1,331.9
	2011	268	21,526	1,245.0
	2012	297	21,430	1,385.9
	Total	4,042	305,268	1,324.1
Ontonagon County, MI (26131)	1999	119	7,843	1,517.3
	2000	108	7,818	1,381.4
	2001	102	7,758	1,314.8
	2002	110	7,702	1,428.2
	2003	126	7,598	1,658.3
	2004	118	7,497	1,574.0
	2005	96	7,375	1,301.7
	2006	96	7,241	1,325.8
	2007	128	7,133	1,794.5
	2008	136	6,922	1,964.8
	2009	105	6,828	1,537.8
	2010	96	6,780	1,415.9
	2011	105	6,613	1,587.8
	2012	81	6,415	1,262.7
	Total	1,526	101,523	1,503.1
Osceola County, MI (26133)	1999	251	22,991	1,091.7
	2000	221	23,197	952.7
	2001	248	23,434	1,058.3
	2002	209	23,712	881.4
	2003	209	23,889	874.9
	2004	205	23,990	854.5
	2005	215	23,946	897.9
	2006	234	23,887	979.6
	2007	222	23,827	931.7
	2008	207	23,662	874.8
	2009	220	23,522	935.3
	2010	220	23,528	935.1
	2011	262	23,449	1,117.3
	2012	223	23,280	957.9
	Total	3,146	330,314	952.4
Oscoda County, MI (26135)	1999	93	9,416	987.7
	2000	114	9,418	1,210.4
	2001	111	9,433	1,176.7
	2002	99	9,360	1,057.7
	2003	112	9,407	1,190.6
	2004	109	9,299	1,172.2
	2005	117	9,108	1,284.6
	2006	115	9,090	1,265.1
	2007	141	9,039	1,559.9
	2008	121	8,963	1,350.0
	2009	121	8,717	1,388.1
	2010	128	8,640	1,481.5
	2011	116	8,653	1,340.6
	2012	139	8,588	1,618.5
	Total	1,636	127,131	1,286.9
Otsego County, MI (26137)	1999	199	22,932	867.8
	2000	192	23,301	824.0
	2001	200	23,829	839.3
	2002	215	24,240	887.0
	2003	215	24,446	879.5
	2004	198	24,586	805.3
	2005	232	24,758	937.1
	2006	214	24,805	862.7
	2007	232	24,719	938.5
	2008	223	24,378	914.8
	2009	245	24,190	1,012.8
	2010	240	24,164	993.2
	2011	221	24,126	916.0
	2012	254	24,037	1,056.7
	Total	3,080	338,511	909.9
Ottawa County, MI (26139)	1999	1,445	234,916	615.1
	2000	1,466	238,314	615.2
	2001	1,422	243,673	583.6
	2002	1,537	246,637	623.2
	2003	1,502	249,828	601.2
	2004	1,476	253,048	583.3
	2005	1,495	255,261	585.7
	2006	1,550	258,003	600.8
	2007	1,590	260,037	611.5
	2008	1,643	261,906	627.3
	2009	1,581	262,879	601.4
	2010	1,656	263,801	627.7
	2011	1,662	266,122	624.5
	2012	1,694	269,329	629.0
	Total	21,719	3,563,754	609.4
Presque Isle County, MI (26141)	1999	174	14,521	1,198.3
	2000	221	14,411	1,533.6
	2001	175	14,273	1,226.1
	2002	171	14,233	1,201.4
	2003	181	14,187	1,275.8
	2004	157	14,163	1,108.5
	2005	173	14,100	1,227.0
	2006	186	14,006	1,328.0
	2007	186	13,942	1,334.1
	2008	173	13,701	1,262.7
	2009	183	13,505	1,355.1
	2010	202	13,376	1,510.2
	2011	171	13,188	1,296.6
	2012	206	13,117	1,570.5
	Total	2,559	194,723	1,314.2
Roscommon County, MI (26143)	1999	373	25,233	1,478.2
	2000	348	25,469	1,366.4
	2001	380	25,655	1,481.2
	2002	402	25,683	1,565.2
	2003	354	25,938	1,364.8
	2004	367	25,771	1,424.1
	2005	354	25,678	1,378.6
	2006	355	25,560	1,388.9
	2007	386	25,318	1,524.6
	2008	371	24,856	1,492.6
	2009	358	24,499	1,461.3
	2010	397	24,449	1,623.8
	2011	396	24,306	1,629.2
	2012	389	24,141	1,611.4
	Total	5,230	352,556	1,483.5
Saginaw County, MI (26145)	1999	1,868	210,400	887.8
	2000	2,031	210,039	967.0
	2001	2,103	209,460	1,004.0
	2002	2,030	209,323	969.8
	2003	2,072	208,755	992.6
	2004	2,011	208,489	964.6
	2005	2,136	207,368	1,030.1
	2006	2,132	205,822	1,035.8
	2007	2,069	203,144	1,018.5
	2008	2,070	201,966	1,024.9
	2009	1,981	200,835	986.4
	2010	1,957	200,169	977.7
	2011	2,020	198,800	1,016.1
	2012	2,056	198,154	1,037.6
	Total	28,536	2,872,724	993.3
St. Clair County, MI (26147)	1999	1,529	163,096	937.5
	2000	1,465	164,235	892.0
	2001	1,436	165,444	868.0
	2002	1,506	166,086	906.8
	2003	1,482	167,549	884.5
	2004	1,444	168,457	857.2
	2005	1,476	168,209	877.5
	2006	1,465	168,312	870.4
	2007	1,544	167,526	921.6
	2008	1,552	165,959	935.2
	2009	1,575	164,011	960.3
	2010	1,635	163,040	1,002.8
	2011	1,622	161,508	1,004.3
	2012	1,607	160,657	1,000.3
	Total	21,338	2,314,089	922.1
St. Joseph County, MI (26149)	1999	597	62,110	961.2
	2000	631	62,422	1,010.9
	2001	571	62,404	915.0
	2002	565	62,152	909.1
	2003	557	62,363	893.2
	2004	610	62,265	979.7
	2005	590	62,273	947.4
	2006	580	62,236	931.9
	2007	578	62,243	928.6
	2008	631	62,083	1,016.4
	2009	551	61,417	897.1
	2010	623	61,295	1,016.4
	2011	604	61,026	989.7
	2012	621	60,883	1,020.0
	Total	8,309	867,172	958.2
Sanilac County, MI (26151)	1999	485	44,420	1,091.9
	2000	487	44,547	1,093.2
	2001	443	44,713	990.8
	2002	470	44,770	1,049.8
	2003	438	44,694	980.0
	2004	466	44,939	1,037.0
	2005	454	44,837	1,012.6
	2006	446	44,917	992.9
	2007	482	44,629	1,080.0
	2008	495	44,177	1,120.5
	2009	473	43,319	1,091.9
	2010	445	43,114	1,032.1
	2011	440	42,706	1,030.3
	2012	422	42,288	997.9
	Total	6,446	618,070	1,042.9
Schoolcraft County, MI (26153)	1999	118	8,862	1,331.5
	2000	114	8,903	1,280.5
	2001	101	8,863	1,139.6
	2002	111	8,817	1,258.9
	2003	124	8,847	1,401.6
	2004	124	8,962	1,383.6
	2005	112	8,905	1,257.7
	2006	113	8,946	1,263.1
	2007	110	8,823	1,246.7
	2008	109	8,471	1,286.7
	2009	108	8,487	1,272.5
	2010	102	8,485	1,202.1
	2011	106	8,479	1,250.1
	2012	103	8,344	1,234.4
	Total	1,555	122,194	1,272.6
Shiawassee County, MI (26155)	1999	609	71,691	849.5
	2000	620	71,687	864.9
	2001	627	72,016	870.6
	2002	643	72,162	891.1
	2003	631	72,458	870.8
	2004	596	73,034	816.1
	2005	622	72,757	854.9
	2006	581	72,839	797.6
	2007	609	72,426	840.9
	2008	668	71,523	934.0
	2009	670	70,710	947.5
	2010	711	70,648	1,006.4
	2011	633	69,986	904.5
	2012	709	69,314	1,022.9
	Total	8,929	1,003,251	890.0
Tuscola County, MI (26157)	1999	508	58,290	871.5
	2000	519	58,266	890.7
	2001	552	58,220	948.1
	2002	554	58,155	952.6
	2003	498	58,380	853.0
	2004	521	58,230	894.7
	2005	576	57,855	995.6
	2006	479	57,472	833.4
	2007	593	57,169	1,037.3
	2008	569	56,512	1,006.9
	2009	594	55,901	1,062.6
	2010	542	55,729	972.6
	2011	521	55,350	941.3
	2012	543	54,668	993.3
	Total	7,569	800,197	945.9
Van Buren County, MI (26159)	1999	679	76,046	892.9
	2000	629	76,263	824.8
	2001	671	76,432	877.9
	2002	687	76,777	894.8
	2003	710	77,022	921.8
	2004	676	77,241	875.2
	2005	725	77,009	941.4
	2006	667	77,019	866.0
	2007	724	76,639	944.7
	2008	747	76,501	976.5
	2009	715	76,581	933.7
	2010	680	76,258	891.7
	2011	694	75,964	913.6
	2012	694	75,327	921.3
	Total	9,698	1,071,079	905.4
Washtenaw County, MI (26161)	1999	1,807	318,270	567.8
	2000	1,895	322,895	586.9
	2001	1,830	328,749	556.7
	2002	1,806	332,763	542.7
	2003	1,931	336,154	574.4
	2004	1,812	339,422	533.8
	2005	1,842	342,234	538.2
	2006	1,856	344,018	539.5
	2007	1,941	345,310	562.1
	2008	2,011	341,595	588.7
	2009	1,945	343,520	566.2
	2010	2,002	344,791	580.6
	2011	2,071	348,650	594.0
	2012	2,061	351,146	586.9
	Total	26,810	4,739,517	565.7
Wayne County, MI (26163)	1999	20,579	2,072,114	993.1
	2000	20,299	2,061,162	984.8
	2001	20,203	2,043,167	988.8
	2002	20,016	2,025,133	988.4
	2003	19,428	2,006,154	968.4
	2004	18,899	1,983,830	952.7
	2005	18,910	1,960,263	964.7
	2006	18,621	1,932,490	963.6
	2007	18,621	1,900,992	979.5
	2008	18,841	1,865,058	1,010.2
	2009	17,690	1,837,536	962.7
	2010	17,956	1,820,584	986.3
	2011	17,590	1,801,688	976.3
	2012	17,951	1,792,496	1,001.5
	Total	265,604	27,102,667	980.0
Wexford County, MI (26165)	1999	295	30,231	975.8
	2000	314	30,484	1,030.0
	2001	299	30,826	970.0
	2002	316	31,015	1,018.9
	2003	294	31,499	933.4
	2004	299	31,778	940.9
	2005	297	32,258	920.7
	2006	304	32,461	936.5
	2007	290	32,650	888.2
	2008	305	32,765	930.9
	2009	296	32,658	906.4
	2010	345	32,735	1,053.9
	2011	344	32,709	1,051.7
	2012	338	32,677	1,034.4
	Total	4,336	446,746	970.6
Total		1,222,261	139,516,587	876.1
