
                        
                      	Year	
                        
                      	
                        
                      	
                        
                      
Anderson County, TX (48001)	1999	604	54,876	1,100.7
	2000	626	55,109	1,135.9
	2001	576	54,263	1,061.5
	2002	616	54,740	1,125.3
	2003	596	56,068	1,063.0
	2004	597	56,245	1,061.4
	2005	551	56,873	968.8
	2006	595	57,386	1,036.8
	2007	549	57,870	948.7
	2008	625	57,963	1,078.3
	2009	614	58,410	1,051.2
	2010	605	58,458	1,034.9
	2011	652	58,404	1,116.4
	2012	618	58,080	1,064.0
Andrews County, TX (48003)	1999	119	13,225	899.8
	2000	94	13,004	722.9
	2001	99	12,856	770.1
	2002	124	13,022	952.2
	2003	108	12,976	832.3
	2004	111	13,006	853.5
	2005	125	13,016	960.4
	2006	125	13,195	947.3
	2007	125	13,513	925.0
	2008	130	14,099	922.1
	2009	115	14,601	787.6
	2010	132	14,786	892.7
	2011	115	15,397	746.9
	2012	139	16,137	861.4
Angelina County, TX (48005)	1999	779	79,611	978.5
	2000	824	80,130	1,028.3
	2001	809	80,273	1,007.8
	2002	746	80,803	923.2
	2003	797	81,510	977.8
	2004	777	82,070	946.8
	2005	735	82,553	890.3
	2006	787	83,810	939.0
	2007	767	84,518	907.5
	2008	850	84,961	1,000.5
	2009	848	86,029	985.7
	2010	846	86,771	975.0
	2011	836	87,320	957.4
	2012	866	87,488	989.9
Aransas County, TX (48007)	1999	287	22,417	1,280.3
	2000	298	22,497	1,324.6
	2001	264	22,287	1,184.5
	2002	251	22,616	1,109.8
	2003	263	22,843	1,151.3
	2004	299	23,067	1,296.2
	2005	267	23,561	1,133.2
	2006	307	23,395	1,312.2
	2007	278	23,172	1,199.7
	2008	349	23,225	1,502.7
	2009	322	23,291	1,382.5
	2010	308	23,158	1,330.0
	2011	317	23,481	1,350.0
	2012	346	23,847	1,450.9
Archer County, TX (48009)	1999	75	8,455	887.0
	2000	71	8,854	801.9
	2001	66	8,849	745.8
	2002	86	8,942	961.8
	2003	67	9,013	743.4
	2004	66	9,078	727.0
	2005	82	9,068	904.3
	2006	73	9,063	805.5
	2007	60	9,026	664.7
	2008	79	9,104	867.8
	2009	65	9,023	720.4
	2010	80	9,054	883.6
	2011	71	8,782	808.5
	2012	72	8,714	826.3
Armstrong County, TX (48011)	1999	31	2,116	1,465.0
	2000	24	2,148	1,117.3
	2001	20	2,128	939.8
	2002	31	2,036	1,522.6
	2003	26	2,001	1,299.4
	2004	31	2,023	1,532.4
	2005	21	2,037	1,030.9
	2006	25	1,989	1,256.9
	2007	33	1,936	1,704.5
	2008	15	1,936	774.8 (Unreliable)
	2009	29	1,911	1,517.5
	2010	27	1,901	1,420.3
	2011	26	1,934	1,344.4
	2012	39	1,948	2,002.1
Atascosa County, TX (48013)	1999	303	37,736	802.9
	2000	306	38,628	792.2
	2001	314	39,828	788.4
	2002	316	40,767	775.1
	2003	332	41,306	803.8
	2004	300	42,109	712.4
	2005	305	42,495	717.7
	2006	308	43,059	715.3
	2007	338	43,611	775.0
	2008	367	43,947	835.1
	2009	352	44,623	788.8
	2010	364	44,911	810.5
	2011	377	45,472	829.1
	2012	358	46,423	771.2
Austin County, TX (48015)	1999	247	23,129	1,067.9
	2000	274	23,590	1,161.5
	2001	288	24,341	1,183.2
	2002	295	24,818	1,188.7
	2003	258	25,388	1,016.2
	2004	311	25,976	1,197.3
	2005	274	26,331	1,040.6
	2006	263	26,828	980.3
	2007	244	27,454	888.8
	2008	262	27,935	937.9
	2009	284	28,254	1,005.2
	2010	257	28,417	904.4
	2011	264	28,669	920.9
	2012	259	28,653	903.9
Bailey County, TX (48017)	1999	60	6,579	912.0
	2000	55	6,594	834.1
	2001	56	6,636	843.9
	2002	75	6,637	1,130.0
	2003	63	6,791	927.7
	2004	68	6,945	979.1
	2005	68	7,024	968.1
	2006	66	7,001	942.7
	2007	59	6,927	851.7
	2008	50	6,979	716.4
	2009	57	7,050	808.5
	2010	65	7,165	907.2
	2011	54	7,174	752.7
	2012	65	7,111	914.1
Bandera County, TX (48019)	1999	146	17,039	856.9
	2000	144	17,645	816.1
	2001	162	18,125	893.8
	2002	164	18,652	879.3
	2003	169	19,044	887.4
	2004	141	19,226	733.4
	2005	178	19,428	916.2
	2006	180	19,775	910.2
	2007	193	20,254	952.9
	2008	178	20,407	872.2
	2009	173	20,365	849.5
	2010	185	20,485	903.1
	2011	209	20,560	1,016.5
	2012	181	20,586	879.2
Bastrop County, TX (48021)	1999	371	55,682	666.3
	2000	446	57,733	772.5
	2001	451	61,106	738.1
	2002	474	63,508	746.4
	2003	523	65,825	794.5
	2004	487	67,122	725.5
	2005	482	68,233	706.4
	2006	501	69,720	718.6
	2007	555	71,348	777.9
	2008	519	72,389	717.0
	2009	558	73,587	758.3
	2010	540	74,171	728.0
	2011	581	75,103	773.6
	2012	583	74,791	779.5
Baylor County, TX (48023)	1999	68	4,112	1,653.7
	2000	64	4,093	1,563.6
	2001	79	3,930	2,010.2
	2002	75	3,897	1,924.6
	2003	61	3,941	1,547.8
	2004	66	3,955	1,668.8
	2005	68	3,877	1,753.9
	2006	52	3,870	1,343.7
	2007	59	3,905	1,510.9
	2008	56	3,747	1,494.5
	2009	54	3,726	1,449.3
	2010	69	3,726	1,851.9
	2011	52	3,713	1,400.5
	2012	72	3,620	1,989.0
Bee County, TX (48025)	1999	205	32,204	636.6
	2000	227	32,359	701.5
	2001	246	31,695	776.1
	2002	225	31,804	707.5
	2003	220	32,620	674.4
	2004	223	32,352	689.3
	2005	229	32,101	713.4
	2006	212	31,977	663.0
	2007	248	31,936	776.6
	2008	224	31,814	704.1
	2009	210	31,864	659.1
	2010	247	31,861	775.2
	2011	233	32,340	720.5
	2012	222	32,501	683.1
Bell County, TX (48027)	1999	1,466	233,886	626.8
	2000	1,555	237,974	653.4
	2001	1,540	244,299	630.4
	2002	1,657	249,671	663.7
	2003	1,622	252,922	641.3
	2004	1,657	258,138	641.9
	2005	1,691	266,017	635.7
	2006	1,700	273,771	621.0
	2007	1,837	287,752	638.4
	2008	1,871	297,873	628.1
	2009	1,794	301,050	595.9
	2010	1,909	310,235	615.3
	2011	1,872	316,346	591.8
	2012	1,882	323,536	581.7
Bexar County, TX (48029)	1999	10,122	1,378,688	734.2
	2000	10,190	1,392,931	731.6
	2001	10,007	1,419,020	705.2
	2002	10,364	1,446,755	716.4
	2003	10,420	1,469,623	709.0
	2004	10,456	1,500,919	696.6
	2005	10,548	1,529,270	689.7
	2006	10,662	1,573,935	677.4
	2007	10,711	1,615,210	663.1
	2008	10,756	1,651,709	651.2
	2009	10,919	1,685,628	647.8
	2010	11,193	1,714,773	652.7
	2011	11,455	1,754,167	653.0
	2012	11,899	1,785,787	666.3
Blanco County, TX (48031)	1999	79	8,326	948.8
	2000	104	8,418	1,235.4
	2001	112	8,776	1,276.2
	2002	82	8,950	916.2
	2003	104	9,096	1,143.4
	2004	93	9,337	996.0
	2005	103	9,554	1,078.1
	2006	89	9,686	918.9
	2007	104	9,835	1,057.4
	2008	112	10,061	1,113.2
	2009	111	10,315	1,076.1
	2010	119	10,497	1,133.7
	2011	109	10,583	1,030.0
	2012	107	10,673	1,002.5
Bosque County, TX (48035)	1999	255	17,035	1,496.9
	2000	278	17,204	1,615.9
	2001	276	17,338	1,591.9
	2002	251	17,474	1,436.4
	2003	258	17,647	1,462.0
	2004	247	17,871	1,382.1
	2005	224	17,990	1,245.1
	2006	242	18,046	1,341.0
	2007	271	18,077	1,499.1
	2008	251	17,939	1,399.2
	2009	235	18,004	1,305.3
	2010	238	18,212	1,306.8
	2011	251	18,247	1,375.6
	2012	248	18,107	1,369.6
Bowie County, TX (48037)	1999	923	89,095	1,036.0
	2000	992	89,306	1,110.8
	2001	989	88,942	1,112.0
	2002	1,003	88,813	1,129.3
	2003	1,015	88,839	1,142.5
	2004	975	89,055	1,094.8
	2005	1,010	89,239	1,131.8
	2006	888	90,235	984.1
	2007	899	90,456	993.9
	2008	944	91,349	1,033.4
	2009	946	92,231	1,025.7
	2010	988	92,565	1,067.4
	2011	924	92,862	995.0
	2012	994	93,022	1,068.6
Brazoria County, TX (48039)	1999	1,541	237,602	648.6
	2000	1,610	241,767	665.9
	2001	1,694	248,280	682.3
	2002	1,711	255,246	670.3
	2003	1,778	261,269	680.5
	2004	1,688	268,051	629.7
	2005	1,841	274,336	671.1
	2006	1,839	284,248	647.0
	2007	1,886	293,296	643.0
	2008	1,937	301,336	642.8
	2009	1,890	309,236	611.2
	2010	1,892	313,166	604.2
	2011	1,990	319,250	623.3
	2012	2,045	324,295	630.6
Brazos County, TX (48041)	1999	680	150,211	452.7
	2000	742	152,415	486.8
	2001	747	155,533	480.3
	2002	753	159,297	472.7
	2003	843	163,279	516.3
	2004	744	166,150	447.8
	2005	808	169,824	475.8
	2006	777	175,433	442.9
	2007	751	179,472	418.4
	2008	844	185,098	456.0
	2009	864	191,434	451.3
	2010	847	194,851	434.7
	2011	836	197,536	423.2
	2012	853	200,400	425.6
Brewster County, TX (48043)	1999	69	8,837	780.8
	2000	79	8,866	891.0
	2001	80	8,836	905.4
	2002	79	8,945	883.2
	2003	76	9,030	841.6
	2004	82	9,002	910.9
	2005	74	8,830	838.1
	2006	66	8,790	750.9
	2007	65	8,843	735.0
	2008	86	8,868	969.8
	2009	62	9,054	684.8
	2010	99	9,232	1,072.4
	2011	80	9,353	855.3
	2012	63	9,254	680.8
Briscoe County, TX (48045)	1999	25	1,802	1,387.3
	2000	19	1,790	1,061.5 (Unreliable)
	2001	21	1,764	1,190.5
	2002	18	1,746	1,030.9 (Unreliable)
	2003	21	1,763	1,191.2
	2004	14	1,768	791.9 (Unreliable)
	2005	19	1,726	1,100.8 (Unreliable)
	2006	17	1,704	997.7 (Unreliable)
	2007	19	1,647	1,153.6 (Unreliable)
	2008	28	1,651	1,695.9
	2009	15	1,634	918.0 (Unreliable)
	2010	20	1,637	1,221.7
	2011	19	1,635	1,162.1 (Unreliable)
	2012	17	1,543	1,101.7 (Unreliable)
Brooks County, TX (48047)	1999	102	8,082	1,262.1
	2000	69	7,976	865.1
	2001	72	7,669	938.8
	2002	69	7,668	899.8
	2003	82	7,627	1,075.1
	2004	47	7,593	619.0
	2005	65	7,562	859.6
	2006	85	7,490	1,134.8
	2007	85	7,413	1,146.6
	2008	85	7,345	1,157.2
	2009	73	7,297	1,000.4
	2010	85	7,223	1,176.8
	2011	79	7,209	1,095.9
	2012	73	7,175	1,017.4
Brown County, TX (48049)	1999	464	37,476	1,238.1
	2000	466	37,674	1,236.9
	2001	451	37,599	1,199.5
	2002	509	37,766	1,347.8
	2003	496	37,654	1,317.3
	2004	474	37,940	1,249.3
	2005	448	38,172	1,173.6
	2006	457	38,492	1,187.3
	2007	466	38,221	1,219.2
	2008	514	38,135	1,347.8
	2009	437	38,001	1,150.0
	2010	503	38,106	1,320.0
	2011	460	38,017	1,210.0
	2012	448	37,841	1,183.9
Burleson County, TX (48051)	1999	140	16,160	866.3
	2000	162	16,470	983.6
	2001	144	16,650	864.9
	2002	154	16,666	924.0
	2003	179	16,881	1,060.4
	2004	152	16,964	896.0
	2005	162	17,167	943.7
	2006	164	17,000	964.7
	2007	169	16,982	995.2
	2008	172	17,025	1,010.3
	2009	197	17,076	1,153.7
	2010	169	17,187	983.3
	2011	198	17,236	1,148.8
	2012	216	17,316	1,247.4
Burnet County, TX (48053)	1999	350	33,017	1,060.1
	2000	376	34,147	1,101.1
	2001	412	35,741	1,152.7
	2002	372	36,850	1,009.5
	2003	410	37,776	1,085.3
	2004	397	38,966	1,018.8
	2005	435	39,798	1,093.0
	2006	389	41,109	946.3
	2007	363	42,026	863.8
	2008	393	42,477	925.2
	2009	407	42,611	955.2
	2010	415	42,750	970.8
	2011	418	43,352	964.2
	2012	434	43,556	996.4
Caldwell County, TX (48055)	1999	279	31,485	886.1
	2000	269	32,194	835.6
	2001	284	33,654	843.9
	2002	295	34,715	849.8
	2003	278	35,330	786.9
	2004	276	36,200	762.4
	2005	271	36,388	744.8
	2006	293	36,533	802.0
	2007	328	36,906	888.7
	2008	257	37,671	682.2
	2009	302	37,829	798.3
	2010	297	38,066	780.2
	2011	290	38,444	754.3
	2012	283	38,701	731.2
Calhoun County, TX (48057)	1999	176	20,634	853.0
	2000	152	20,647	736.2
	2001	170	20,762	818.8
	2002	193	20,550	939.2
	2003	184	20,575	894.3
	2004	174	20,692	840.9
	2005	199	20,715	960.7
	2006	199	20,839	954.9
	2007	203	20,888	971.8
	2008	188	21,127	889.9
	2009	198	21,388	925.8
	2010	183	21,381	855.9
	2011	185	21,372	865.6
	2012	213	21,609	985.7
Callahan County, TX (48059)	1999	147	12,787	1,149.6
	2000	150	12,905	1,162.3
	2001	143	12,703	1,125.7
	2002	146	12,799	1,140.7
	2003	133	12,913	1,030.0
	2004	150	13,156	1,140.2
	2005	137	13,281	1,031.5
	2006	157	13,309	1,179.7
	2007	147	13,418	1,095.5
	2008	163	13,474	1,209.7
	2009	168	13,548	1,240.0
	2010	169	13,544	1,247.8
	2011	140	13,555	1,032.8
	2012	171	13,533	1,263.6
Cameron County, TX (48061)	1999	1,753	330,277	530.8
	2000	1,808	335,227	539.3
	2001	2,003	342,368	585.0
	2002	2,128	350,194	607.7
	2003	2,047	358,492	571.0
	2004	1,937	366,299	528.8
	2005	2,080	373,429	557.0
	2006	2,043	380,169	537.4
	2007	2,319	386,306	600.3
	2008	2,185	393,000	556.0
	2009	2,247	400,303	561.3
	2010	2,389	406,220	588.1
	2011	2,378	412,745	576.1
	2012	2,428	415,551	584.3
Camp County, TX (48063)	1999	147	11,376	1,292.2
	2000	171	11,549	1,480.6
	2001	132	11,399	1,158.0
	2002	159	11,549	1,376.7
	2003	132	11,582	1,139.7
	2004	135	11,715	1,152.4
	2005	134	11,990	1,117.6
	2006	136	12,068	1,126.9
	2007	155	12,253	1,265.0
	2008	163	12,331	1,321.9
	2009	139	12,364	1,124.2
	2010	128	12,401	1,032.2
	2011	160	12,406	1,289.7
	2012	145	12,486	1,161.3
Carson County, TX (48065)	1999	67	6,543	1,024.0
	2000	62	6,516	951.5
	2001	62	6,385	971.0
	2002	67	6,508	1,029.5
	2003	63	6,391	985.8
	2004	55	6,381	861.9
	2005	59	6,449	914.9
	2006	70	6,413	1,091.5
	2007	69	6,361	1,084.7
	2008	66	6,260	1,054.3
	2009	70	6,220	1,125.4
	2010	58	6,182	938.2
	2011	70	6,268	1,116.8
	2012	72	6,127	1,175.1
Cass County, TX (48067)	1999	383	30,416	1,259.2
	2000	395	30,438	1,297.7
	2001	383	30,134	1,271.0
	2002	391	30,120	1,298.1
	2003	402	30,065	1,337.1
	2004	381	30,053	1,267.8
	2005	411	30,088	1,366.0
	2006	363	30,095	1,206.2
	2007	389	30,176	1,289.1
	2008	419	30,217	1,386.6
	2009	405	30,297	1,336.8
	2010	406	30,464	1,332.7
	2011	373	30,484	1,223.6
	2012	403	30,177	1,335.5
Castro County, TX (48069)	1999	63	8,441	746.4
	2000	59	8,285	712.1
	2001	71	8,155	870.6
	2002	77	8,083	952.6
	2003	65	8,037	808.8
	2004	59	7,947	742.4
	2005	69	7,908	872.5
	2006	54	7,780	694.1
	2007	58	7,737	749.6
	2008	64	7,758	825.0
	2009	60	7,856	763.7
	2010	41	8,062	508.6
	2011	55	8,055	682.8
	2012	69	8,177	843.8
Chambers County, TX (48071)	1999	177	25,515	693.7
	2000	192	26,031	737.6
	2001	192	26,811	716.1
	2002	200	27,490	727.5
	2003	202	28,021	720.9
	2004	198	28,749	688.7
	2005	211	29,388	718.0
	2006	183	29,980	610.4
	2007	205	30,714	667.4
	2008	225	31,619	711.6
	2009	227	34,230	663.2
	2010	219	35,096	624.0
	2011	256	35,441	722.3
	2012	259	36,095	717.6
Cherokee County, TX (48073)	1999	558	46,343	1,204.1
	2000	503	46,659	1,078.0
	2001	543	47,007	1,155.1
	2002	538	47,136	1,141.4
	2003	532	47,832	1,112.2
	2004	549	48,315	1,136.3
	2005	449	48,751	921.0
	2006	457	49,162	929.6
	2007	524	49,669	1,055.0
	2008	549	49,976	1,098.5
	2009	512	50,447	1,014.9
	2010	514	50,845	1,010.9
	2011	506	50,969	992.8
	2012	526	51,154	1,028.3
Childress County, TX (48075)	1999	87	7,667	1,134.7
	2000	92	7,688	1,196.7
	2001	88	7,531	1,168.5
	2002	111	7,428	1,494.3
	2003	66	7,411	890.6
	2004	60	7,366	814.6
	2005	86	7,205	1,193.6
	2006	79	7,214	1,095.1
	2007	92	7,148	1,287.1
	2008	71	7,123	996.8
	2009	85	7,030	1,209.1
	2010	57	7,041	809.5
	2011	72	7,014	1,026.5
	2012	79	7,078	1,116.1
Clay County, TX (48077)	1999	108	10,673	1,011.9
	2000	110	11,006	999.5
	2001	92	11,131	826.5
	2002	110	11,292	974.1
	2003	89	11,270	789.7
	2004	100	11,278	886.7
	2005	122	11,317	1,078.0
	2006	101	11,157	905.3
	2007	115	11,051	1,040.6
	2008	104	10,843	959.1
	2009	119	10,832	1,098.6
	2010	120	10,752	1,116.1
	2011	114	10,678	1,067.6
	2012	128	10,537	1,214.8
Cochran County, TX (48079)	1999	41	3,741	1,096.0
	2000	42	3,730	1,126.0
	2001	45	3,674	1,224.8
	2002	34	3,521	965.6
	2003	39	3,490	1,117.5
	2004	39	3,373	1,156.2
	2005	46	3,338	1,378.1
	2006	28	3,257	859.7
	2007	26	3,194	814.0
	2008	30	3,100	967.7
	2009	33	3,086	1,069.3
	2010	33	3,127	1,055.3
	2011	24	3,071	781.5
	2012	31	3,030	1,023.1
Coke County, TX (48081)	1999	64	3,865	1,655.9
	2000	43	3,864	1,112.8
	2001	63	3,810	1,653.5
	2002	57	3,732	1,527.3
	2003	64	3,678	1,740.1
	2004	54	3,559	1,517.3
	2005	50	3,540	1,412.4
	2006	63	3,492	1,804.1
	2007	48	3,375	1,422.2
	2008	52	3,348	1,553.2
	2009	60	3,310	1,812.7
	2010	59	3,320	1,777.1
	2011	53	3,288	1,611.9
	2012	51	3,223	1,582.4
Coleman County, TX (48083)	1999	163	9,363	1,740.9
	2000	157	9,235	1,700.1
	2001	145	9,103	1,592.9
	2002	158	8,937	1,767.9
	2003	169	8,827	1,914.6
	2004	136	8,817	1,542.5
	2005	133	8,739	1,521.9
	2006	158	8,853	1,784.7
	2007	134	8,774	1,527.2
	2008	135	8,899	1,517.0
	2009	127	8,867	1,432.3
	2010	115	8,895	1,292.9
	2011	126	8,743	1,441.2
	2012	126	8,680	1,451.6
Collin County, TX (48085)	1999	1,658	468,620	353.8
	2000	1,814	491,675	368.9
	2001	1,942	534,642	363.2
	2002	2,114	563,565	375.1
	2003	2,103	589,394	356.8
	2004	2,248	617,802	363.9
	2005	2,386	647,187	368.7
	2006	2,496	683,935	364.9
	2007	2,609	714,330	365.2
	2008	2,963	741,264	399.7
	2009	2,944	765,791	384.4
	2010	3,093	782,341	395.4
	2011	3,280	812,879	403.5
	2012	3,398	834,674	407.1
Collingsworth County, TX (48087)	1999	49	3,213	1,525.1
	2000	47	3,206	1,466.0
	2001	54	3,086	1,749.8
	2002	39	3,093	1,260.9
	2003	51	3,026	1,685.4
	2004	54	3,028	1,783.4
	2005	50	2,980	1,677.9
	2006	40	2,952	1,355.0
	2007	50	2,973	1,681.8
	2008	43	3,017	1,425.3
	2009	44	3,042	1,446.4
	2010	38	3,057	1,243.0
	2011	45	3,092	1,455.4
	2012	44	3,022	1,456.0
Colorado County, TX (48089)	1999	277	20,355	1,360.8
	2000	266	20,390	1,304.6
	2001	290	20,125	1,441.0
	2002	241	20,328	1,185.6
	2003	254	20,507	1,238.6
	2004	247	20,450	1,207.8
	2005	213	20,493	1,039.4
	2006	229	20,608	1,111.2
	2007	259	20,648	1,254.4
	2008	255	20,818	1,224.9
	2009	264	20,784	1,270.2
	2010	247	20,874	1,183.3
	2011	253	20,783	1,217.3
	2012	292	20,687	1,411.5
Comal County, TX (48091)	1999	655	75,919	862.8
	2000	642	78,021	822.9
	2001	669	80,630	829.7
	2002	795	82,797	960.2
	2003	701	84,837	826.3
	2004	767	88,119	870.4
	2005	750	91,018	824.0
	2006	762	95,637	796.8
	2007	840	99,540	843.9
	2008	840	103,272	813.4
	2009	830	106,350	780.4
	2010	976	108,472	899.8
	2011	970	111,568	869.4
	2012	1,082	114,590	944.2
Comanche County, TX (48093)	1999	213	14,031	1,518.1
	2000	209	14,026	1,490.1
	2001	204	13,710	1,488.0
	2002	199	13,582	1,465.2
	2003	193	13,526	1,426.9
	2004	160	13,646	1,172.5
	2005	164	13,746	1,193.1
	2006	193	13,814	1,397.1
	2007	173	13,775	1,255.9
	2008	189	13,834	1,366.2
	2009	192	13,912	1,380.1
	2010	176	13,974	1,259.5
	2011	149	13,895	1,072.3
	2012	156	13,734	1,135.9
Concho County, TX (48095)	1999	32	3,894	821.8
	2000	36	3,966	907.7
	2001	39	3,921	994.6
	2002	32	3,959	808.3
	2003	28	3,991	701.6
	2004	29	4,018	721.8
	2005	35	4,039	866.6
	2006	26	3,957	657.1
	2007	34	4,018	846.2
	2008	39	4,108	949.4
	2009	38	4,076	932.3
	2010	31	4,087	758.5
	2011	32	4,110	778.6
	2012	31	4,024	770.4
Cooke County, TX (48097)	1999	380	35,883	1,059.0
	2000	381	36,363	1,047.8
	2001	385	36,844	1,044.9
	2002	383	37,390	1,024.3
	2003	401	37,598	1,066.5
	2004	382	37,815	1,010.2
	2005	351	38,143	920.2
	2006	384	38,241	1,004.2
	2007	371	38,252	969.9
	2008	431	38,223	1,127.6
	2009	400	38,413	1,041.3
	2010	380	38,437	988.6
	2011	382	38,363	995.8
	2012	431	38,726	1,112.9
Coryell County, TX (48099)	1999	326	74,264	439.0
	2000	356	74,978	474.8
	2001	331	74,083	446.8
	2002	345	73,135	471.7
	2003	314	71,364	440.0
	2004	360	71,943	500.4
	2005	397	72,610	546.8
	2006	366	72,217	506.8
	2007	379	73,324	516.9
	2008	372	74,552	499.0
	2009	390	74,673	522.3
	2010	408	75,388	541.2
	2011	397	76,525	518.8
	2012	393	76,850	511.4
Cottle County, TX (48101)	1999	29	1,966	1,475.1
	2000	38	1,904	1,995.8
	2001	25	1,774	1,409.2
	2002	26	1,726	1,506.4
	2003	17	1,699	1,000.6 (Unreliable)
	2004	10	1,679	595.6 (Unreliable)
	2006	36	1,577	2,282.8
	2007	25	1,513	1,652.3
	2008	29	1,527	1,899.1
	2009	20	1,509	1,325.4
	2010	15	1,505	996.7 (Unreliable)
	2011	19	1,505	1,262.5 (Unreliable)
	2012	30	1,482	2,024.3
Crane County, TX (48103)	1999	38	4,125	921.2
	2000	36	3,996	900.9
	2001	29	3,893	744.9
	2002	39	3,891	1,002.3
	2003	49	3,847	1,273.7
	2004	43	3,865	1,112.5
	2005	52	3,840	1,354.2
	2006	40	3,855	1,037.6
	2007	36	3,976	905.4
	2008	34	4,157	817.9
	2009	33	4,333	761.6
	2010	33	4,375	754.3
	2011	38	4,367	870.2
	2012	43	4,573	940.3
Crockett County, TX (48105)	1999	50	4,280	1,168.2
	2000	40	4,099	975.8
	2001	33	3,844	858.5
	2002	44	3,841	1,145.5
	2003	33	3,862	854.5
	2004	36	3,857	933.4
	2005	36	3,851	934.8
	2006	30	3,739	802.4
	2007	54	3,759	1,436.6
	2008	33	3,783	872.3
	2009	29	3,740	775.4
	2010	41	3,719	1,102.4
	2011	41	3,679	1,114.4
	2012	33	3,732	884.2
Crosby County, TX (48107)	1999	85	7,106	1,196.2
	2000	84	7,072	1,187.8
	2001	75	6,955	1,078.4
	2002	65	6,852	948.6
	2003	75	6,718	1,116.4
	2004	86	6,625	1,298.1
	2005	83	6,521	1,272.8
	2006	79	6,466	1,221.8
	2007	68	6,262	1,085.9
	2008	64	6,192	1,033.6
	2009	81	6,057	1,337.3
	2010	87	6,059	1,435.9
	2011	63	6,086	1,035.2
	2012	68	6,102	1,114.4
Culberson County, TX (48109)	1999	22	3,063	718.3
	2000	23	2,975	773.1
	2001	21	2,865	733.0
	2002	20	2,829	707.0
	2003	17	2,778	612.0 (Unreliable)
	2004	27	2,695	1,001.9
	2005	22	2,648	830.8
	2006	17	2,587	657.1 (Unreliable)
	2007	15	2,536	591.5 (Unreliable)
	2008	13	2,490	522.1 (Unreliable)
	2009	18	2,384	755.0 (Unreliable)
	2010	19	2,398	792.3 (Unreliable)
	2011	14	2,371	590.5 (Unreliable)
	2012	14	2,293	610.6 (Unreliable)
Dallam County, TX (48111)	1999	64	6,247	1,024.5
	2000	48	6,222	771.5
	2001	39	6,210	628.0
	2002	57	6,159	925.5
	2003	53	6,148	862.1
	2004	49	6,208	789.3
	2005	46	6,238	737.4
	2006	63	6,205	1,015.3
	2007	51	6,336	804.9
	2008	55	6,506	845.4
	2009	50	6,571	760.9
	2010	37	6,703	552.0
	2011	51	6,856	743.9
	2012	54	7,021	769.1
Dallas County, TX (48113)	1999	13,542	2,197,658	616.2
	2000	13,983	2,218,899	630.2
	2001	14,086	2,249,418	626.2
	2002	14,150	2,250,326	628.8
	2003	13,883	2,246,432	618.0
	2004	13,784	2,244,020	614.3
	2005	13,934	2,250,830	619.1
	2006	13,923	2,275,434	611.9
	2007	13,869	2,291,891	605.1
	2008	14,018	2,314,018	605.8
	2009	14,006	2,346,378	596.9
	2010	14,132	2,368,139	596.8
	2011	14,481	2,408,488	601.2
	2012	14,514	2,453,907	591.5
Dawson County, TX (48115)	1999	146	15,072	968.7
	2000	147	14,985	981.0
	2001	156	14,863	1,049.6
	2002	144	14,429	998.0
	2003	148	14,354	1,031.1
	2004	152	14,062	1,080.9
	2005	149	14,092	1,057.3
	2006	132	13,987	943.7
	2007	112	13,865	807.8
	2008	139	13,804	1,007.0
	2009	139	13,741	1,011.6
	2010	149	13,833	1,077.1
	2011	120	13,801	869.5
	2012	126	13,653	922.9
Deaf Smith County, TX (48117)	1999	164	18,644	879.6
	2000	153	18,561	824.3
	2001	160	18,391	870.0
	2002	151	18,439	818.9
	2003	154	18,454	834.5
	2004	157	18,671	840.9
	2005	145	18,737	773.9
	2006	149	18,770	793.8
	2007	130	18,916	687.2
	2008	161	19,054	845.0
	2009	170	19,084	890.8
	2010	137	19,372	707.2
	2011	144	19,468	739.7
	2012	145	19,368	748.7
Delta County, TX (48119)	1999	82	5,251	1,561.6
	2000	78	5,327	1,464.2
	2001	60	5,295	1,133.1
	2002	76	5,366	1,416.3
	2003	90	5,310	1,694.9
	2004	55	5,409	1,016.8
	2005	50	5,314	940.9
	2006	70	5,355	1,307.2
	2007	56	5,199	1,077.1
	2008	74	5,252	1,409.0
	2009	57	5,180	1,100.4
	2010	79	5,231	1,510.2
	2011	73	5,204	1,402.8
	2012	83	5,323	1,559.3
Denton County, TX (48121)	1999	1,668	416,622	400.4
	2000	1,752	432,976	404.6
	2001	1,806	463,688	389.5
	2002	1,983	487,617	406.7
	2003	1,961	509,732	384.7
	2004	1,975	529,811	372.8
	2005	2,043	553,669	369.0
	2006	2,205	584,561	377.2
	2007	2,428	609,001	398.7
	2008	2,558	630,104	406.0
	2009	2,610	649,702	401.7
	2010	2,693	662,614	406.4
	2011	2,843	685,802	414.6
	2012	2,952	708,050	416.9
DeWitt County, TX (48123)	1999	259	20,032	1,292.9
	2000	280	20,013	1,399.1
	2001	253	20,066	1,260.8
	2002	250	20,015	1,249.1
	2003	264	20,034	1,317.8
	2004	228	20,176	1,130.1
	2005	271	20,342	1,332.2
	2006	265	20,108	1,317.9
	2007	238	19,961	1,192.3
	2008	254	19,902	1,276.3
	2009	229	20,048	1,142.3
	2010	239	20,097	1,189.2
	2011	248	20,288	1,222.4
	2012	252	20,461	1,231.6
Dickens County, TX (48125)	1999	37	2,810	1,316.7
	2000	41	2,762	1,484.4
	2001	44	2,653	1,658.5
	2002	34	2,679	1,269.1
	2003	49	2,670	1,835.2
	2004	30	2,641	1,135.9
	2005	28	2,563	1,092.5
	2006	33	2,466	1,338.2
	2007	25	2,461	1,015.8
	2008	19	2,400	791.7 (Unreliable)
	2009	22	2,423	908.0
	2010	19	2,444	777.4 (Unreliable)
	2011	32	2,408	1,328.9
	2012	24	2,332	1,029.2
Dimmit County, TX (48127)	1999	98	10,276	953.7
	2000	104	10,248	1,014.8
	2001	94	10,030	937.2
	2002	87	10,042	866.4
	2003	75	10,075	744.4
	2004	70	9,964	702.5
	2005	88	10,031	877.3
	2006	83	9,972	832.3
	2007	79	9,845	802.4
	2008	82	9,833	833.9
	2009	80	9,848	812.3
	2010	77	9,996	770.3
	2011	86	10,093	852.1
	2012	85	10,481	811.0
Donley County, TX (48129)	1999	66	3,811	1,731.8
	2000	54	3,828	1,410.7
	2001	55	3,829	1,436.4
	2002	52	3,825	1,359.5
	2003	38	3,898	974.9
	2004	55	3,915	1,404.9
	2005	44	3,833	1,147.9
	2006	51	3,779	1,349.6
	2007	56	3,806	1,471.4
	2008	54	3,688	1,464.2
	2009	50	3,670	1,362.4
	2010	53	3,677	1,441.4
	2011	51	3,631	1,404.6
	2012	51	3,602	1,415.9
Duval County, TX (48131)	1999	80	13,289	602.0
	2000	133	13,120	1,013.7
	2001	136	12,830	1,060.0
	2002	120	12,707	944.4
	2003	136	12,570	1,081.9
	2004	110	12,539	877.3
	2005	127	12,426	1,022.1
	2006	118	12,298	959.5
	2007	121	12,097	1,000.2
	2008	105	11,945	879.0
	2009	141	11,917	1,183.2
	2010	122	11,782	1,035.5
	2011	115	11,797	974.8
	2012	126	11,623	1,084.1
Eastland County, TX (48133)	1999	319	18,197	1,753.0
	2000	291	18,297	1,590.4
	2001	311	18,061	1,721.9
	2002	271	18,252	1,484.8
	2003	246	18,333	1,341.8
	2004	320	18,442	1,735.2
	2005	277	18,533	1,494.6
	2006	237	18,545	1,278.0
	2007	242	18,636	1,298.6
	2008	262	18,520	1,414.7
	2009	259	18,497	1,400.2
	2010	271	18,583	1,458.3
	2011	251	18,580	1,350.9
	2012	233	18,397	1,266.5
Ector County, TX (48135)	1999	955	122,450	779.9
	2000	1,015	121,123	838.0
	2001	967	120,802	800.5
	2002	1,053	122,199	861.7
	2003	1,090	122,739	888.1
	2004	1,113	124,163	896.4
	2005	1,054	125,378	840.7
	2006	1,124	127,476	881.7
	2007	1,104	130,459	846.2
	2008	1,172	133,064	880.8
	2009	1,130	136,930	825.2
	2010	1,129	137,130	823.3
	2011	1,228	139,691	879.1
	2012	1,155	144,609	798.7
Edwards County, TX (48137)	1999	16	2,326	687.9 (Unreliable)
	2000	14	2,162	647.5 (Unreliable)
	2001	15	2,070	724.6 (Unreliable)
	2002	19	2,056	924.1 (Unreliable)
	2003	23	2,042	1,126.3
	2004	18	2,027	888.0 (Unreliable)
	2005	19	2,011	944.8 (Unreliable)
	2006	18	1,995	902.3 (Unreliable)
	2007	16	2,062	775.9 (Unreliable)
	2008	11	2,084	527.8 (Unreliable)
	2009	15	2,012	745.5 (Unreliable)
	2010	18	2,002	899.1 (Unreliable)
	2011	21	1,966	1,068.2
	2012	19	1,968	965.4 (Unreliable)
Ellis County, TX (48139)	1999	861	108,174	795.9
	2000	862	111,360	774.1
	2001	935	115,286	811.0
	2002	871	118,737	733.6
	2003	888	122,620	724.2
	2004	964	125,733	766.7
	2005	883	129,955	679.5
	2006	893	135,276	660.1
	2007	922	139,988	658.6
	2008	943	144,394	653.1
	2009	1,000	147,392	678.5
	2010	970	149,610	648.4
	2011	1,073	152,466	703.8
	2012	1,060	153,806	689.2
El Paso County, TX (48141)	1999	3,938	675,397	583.1
	2000	3,948	679,622	580.9
	2001	4,042	689,163	586.5
	2002	4,245	696,446	609.5
	2003	4,375	705,200	620.4
	2004	4,162	717,652	579.9
	2005	4,400	728,095	604.3
	2006	4,384	744,795	588.6
	2007	4,160	755,578	550.6
	2008	4,547	769,930	590.6
	2009	4,496	786,759	571.5
	2010	4,599	800,647	574.4
	2011	4,891	818,431	597.6
	2012	4,898	828,600	591.1
Erath County, TX (48143)	1999	313	32,800	954.3
	2000	320	33,001	969.7
	2001	341	33,045	1,031.9
	2002	305	33,619	907.2
	2003	307	34,131	899.5
	2004	349	34,887	1,000.4
	2005	354	35,336	1,001.8
	2006	325	36,355	894.0
	2007	336	36,678	916.1
	2008	281	37,137	756.7
	2009	321	37,594	853.9
	2010	292	37,890	770.7
	2011	304	39,019	779.1
	2012	289	39,554	730.6
Falls County, TX (48145)	1999	248	18,572	1,335.3
	2000	227	18,576	1,222.0
	2001	242	18,280	1,323.9
	2002	213	18,090	1,177.4
	2003	225	18,086	1,244.1
	2004	225	18,066	1,245.4
	2005	201	17,990	1,117.3
	2006	247	17,945	1,376.4
	2007	199	17,712	1,123.5
	2008	204	17,698	1,152.7
	2009	198	17,762	1,114.7
	2010	194	17,866	1,085.9
	2011	192	17,855	1,075.3
	2012	183	17,606	1,039.4
Fannin County, TX (48147)	1999	411	30,611	1,342.7
	2000	449	31,242	1,437.2
	2001	411	31,400	1,308.9
	2002	427	31,808	1,342.4
	2003	418	32,380	1,290.9
	2004	415	32,692	1,269.4
	2005	400	33,221	1,204.1
	2006	467	33,540	1,392.4
	2007	432	33,644	1,284.0
	2008	422	33,870	1,245.9
	2009	444	33,865	1,311.1
	2010	419	33,915	1,235.4
	2011	416	33,913	1,226.7
	2012	408	33,755	1,208.7
Fayette County, TX (48149)	1999	300	21,723	1,381.0
	2000	316	21,804	1,449.3
	2001	317	22,397	1,415.4
	2002	340	22,668	1,499.9
	2003	319	22,910	1,392.4
	2004	338	23,107	1,462.8
	2005	328	23,342	1,405.2
	2006	308	23,631	1,303.4
	2007	348	23,898	1,456.2
	2008	300	24,347	1,232.2
	2009	301	24,470	1,230.1
	2010	279	24,554	1,136.3
	2011	281	24,765	1,134.7
	2012	315	24,706	1,275.0
Fisher County, TX (48151)	1999	52	4,343	1,197.3
	2000	67	4,344	1,542.4
	2001	59	4,257	1,386.0
	2002	48	4,242	1,131.5
	2003	61	4,191	1,455.5
	2004	65	4,118	1,578.4
	2005	47	4,135	1,136.6
	2006	62	4,098	1,512.9
	2007	56	4,080	1,372.5
	2008	55	4,065	1,353.0
	2009	63	4,014	1,569.5
	2010	42	3,974	1,056.9
	2011	56	3,953	1,416.6
	2012	52	3,845	1,352.4
Floyd County, TX (48153)	1999	88	7,864	1,119.0
	2000	94	7,771	1,209.6
	2001	95	7,452	1,274.8
	2002	78	7,289	1,070.1
	2003	67	7,364	909.8
	2004	77	7,130	1,079.9
	2005	74	6,983	1,059.7
	2006	75	6,855	1,094.1
	2007	76	6,683	1,137.2
	2008	72	6,528	1,102.9
	2009	70	6,508	1,075.6
	2010	75	6,446	1,163.5
	2011	58	6,365	911.2
	2012	73	6,350	1,149.6
Foard County, TX (48155)	1999	24	1,653	1,451.9
	2000	22	1,622	1,356.4
	2001	15	1,606	934.0 (Unreliable)
	2002	11	1,536	716.1 (Unreliable)
	2003	30	1,513	1,982.8
	2004	10	1,492	670.2 (Unreliable)
	2005	11	1,439	764.4 (Unreliable)
	2006	22	1,432	1,536.3
	2007	23	1,383	1,663.1
	2008	19	1,334	1,424.3 (Unreliable)
	2009	15	1,321	1,135.5 (Unreliable)
	2010	19	1,336	1,422.2 (Unreliable)
	2011	21	1,351	1,554.4
	2012	17	1,307	1,300.7 (Unreliable)
Fort Bend County, TX (48157)	1999	1,382	343,372	402.5
	2000	1,374	354,452	387.6
	2001	1,537	375,708	409.1
	2002	1,614	397,943	405.6
	2003	1,644	418,747	392.6
	2004	1,683	441,139	381.5
	2005	1,804	462,953	389.7
	2006	1,944	490,916	396.0
	2007	1,969	516,564	381.2
	2008	2,109	542,957	388.4
	2009	2,171	569,130	381.5
	2010	2,321	585,375	396.5
	2011	2,337	607,111	384.9
	2012	2,483	625,853	396.7
Franklin County, TX (48159)	1999	108	9,421	1,146.4
	2000	90	9,458	951.6
	2001	113	9,521	1,186.9
	2002	108	9,536	1,132.6
	2003	125	9,597	1,302.5
	2004	93	9,731	955.7
	2005	106	10,745	986.5
	2006	116	10,755	1,078.6
	2007	110	10,799	1,018.6
	2008	110	10,604	1,037.3
	2009	125	10,601	1,179.1
	2010	135	10,605	1,273.0
	2011	111	10,542	1,052.9
	2012	106	10,643	996.0
Freestone County, TX (48161)	1999	179	17,761	1,007.8
	2000	216	17,867	1,208.9
	2001	209	18,127	1,153.0
	2002	240	18,395	1,304.7
	2003	217	18,483	1,174.1
	2004	227	18,684	1,214.9
	2005	209	18,843	1,109.2
	2006	194	19,123	1,014.5
	2007	212	19,162	1,106.4
	2008	200	19,446	1,028.5
	2009	200	19,743	1,013.0
	2010	190	19,816	958.8
	2011	214	19,607	1,091.4
	2012	234	19,483	1,201.0
Frio County, TX (48163)	1999	123	16,309	754.2
	2000	125	16,252	769.1
	2001	128	16,315	784.6
	2002	112	16,467	680.1
	2003	116	16,477	704.0
	2004	119	16,532	719.8
	2005	132	16,618	794.3
	2006	128	16,720	765.6
	2007	122	16,776	727.2
	2008	94	16,939	554.9
	2009	130	17,120	759.3
	2010	111	17,217	644.7
	2011	122	17,416	700.5
	2012	129	17,776	725.7
Gaines County, TX (48165)	1999	86	14,529	591.9
	2000	103	14,467	712.0
	2001	82	14,451	567.4
	2002	96	14,453	664.2
	2003	107	14,747	725.6
	2004	104	14,978	694.4
	2005	110	15,331	717.5
	2006	109	15,707	694.0
	2007	108	16,187	667.2
	2008	105	16,641	631.0
	2009	117	17,163	681.7
	2010	104	17,526	593.4
	2011	101	18,043	559.8
	2012	121	18,393	657.9
Galveston County, TX (48167)	1999	2,091	248,893	840.1
	2000	2,155	250,158	861.5
	2001	2,190	254,521	860.4
	2002	2,356	260,096	905.8
	2003	2,262	265,269	852.7
	2004	2,269	269,760	841.1
	2005	2,419	274,806	880.3
	2006	2,354	279,182	843.2
	2007	2,335	283,770	822.8
	2008	2,430	288,643	841.9
	2009	2,237	287,428	778.3
	2010	2,227	291,309	764.5
	2011	2,264	295,402	766.4
	2012	2,321	301,092	770.9
Garza County, TX (48169)	1999	51	4,838	1,054.2
	2000	62	4,872	1,272.6
	2001	57	5,275	1,080.6
	2002	57	5,385	1,058.5
	2003	55	5,531	994.4
	2004	46	5,800	793.1
	2005	48	5,742	835.9
	2006	44	5,996	733.8
	2007	44	6,049	727.4
	2008	55	6,158	893.1
	2009	45	6,368	706.7
	2010	58	6,461	897.7
	2011	59	6,531	903.4
	2012	42	6,388	657.5
Gillespie County, TX (48171)	1999	276	20,464	1,348.7
	2000	320	20,814	1,537.4
	2001	266	21,104	1,260.4
	2002	283	21,585	1,311.1
	2003	280	22,128	1,265.4
	2004	279	22,454	1,242.5
	2005	328	22,858	1,434.9
	2006	270	23,487	1,149.6
	2007	282	23,787	1,185.5
	2008	322	24,206	1,330.2
	2009	333	24,608	1,353.2
	2010	367	24,837	1,477.6
	2011	330	25,032	1,318.3
	2012	342	25,144	1,360.2
Glasscock County, TX (48173)	2009	11	1,224	898.7 (Unreliable)
Goliad County, TX (48175)	1999	57	6,791	839.3
	2000	87	6,928	1,255.8
	2001	62	7,020	883.2
	2002	78	7,051	1,106.2
	2003	76	7,135	1,065.2
	2004	76	7,071	1,074.8
	2005	70	7,070	990.1
	2006	78	7,121	1,095.4
	2007	69	7,142	966.1
	2008	61	7,164	851.5
	2009	68	7,157	950.1
	2010	61	7,210	846.0
	2011	71	7,216	983.9
	2012	76	7,346	1,034.6
Gonzales County, TX (48177)	1999	221	18,467	1,196.7
	2000	233	18,628	1,250.8
	2001	213	18,714	1,138.2
	2002	224	18,882	1,186.3
	2003	181	19,181	943.6
	2004	197	19,370	1,017.0
	2005	224	19,656	1,139.6
	2006	187	19,633	952.5
	2007	221	19,512	1,132.6
	2008	186	19,538	952.0
	2009	202	19,628	1,029.1
	2010	210	19,807	1,060.2
	2011	182	19,818	918.4
	2012	177	20,015	884.3
Gray County, TX (48179)	1999	282	23,213	1,214.8
	2000	294	22,744	1,292.6
	2001	285	22,171	1,285.5
	2002	275	21,940	1,253.4
	2003	257	21,762	1,181.0
	2004	270	21,551	1,252.8
	2005	281	21,776	1,290.4
	2006	292	22,100	1,321.3
	2007	260	22,438	1,158.7
	2008	280	22,772	1,229.6
	2009	270	22,719	1,188.4
	2010	272	22,535	1,207.0
	2011	235	22,703	1,035.1
	2012	271	22,955	1,180.6
Grayson County, TX (48181)	1999	1,259	109,173	1,153.2
	2000	1,306	110,595	1,180.9
	2001	1,282	112,330	1,141.3
	2002	1,221	113,239	1,078.3
	2003	1,202	114,421	1,050.5
	2004	1,228	114,998	1,067.8
	2005	1,273	115,666	1,100.6
	2006	1,291	117,174	1,101.8
	2007	1,294	118,331	1,093.5
	2008	1,271	118,834	1,069.6
	2009	1,229	120,069	1,023.6
	2010	1,339	120,877	1,107.7
	2011	1,353	121,272	1,115.7
	2012	1,346	121,679	1,106.2
Gregg County, TX (48183)	1999	1,163	111,783	1,040.4
	2000	1,210	111,379	1,086.4
	2001	1,214	111,791	1,086.0
	2002	1,164	112,767	1,032.2
	2003	1,178	113,775	1,035.4
	2004	1,189	114,541	1,038.1
	2005	1,219	115,402	1,056.3
	2006	1,167	117,118	996.4
	2007	1,257	118,260	1,062.9
	2008	1,238	119,157	1,039.0
	2009	1,233	121,238	1,017.0
	2010	1,280	121,730	1,051.5
	2011	1,213	122,370	991.3
	2012	1,203	122,741	980.1
Grimes County, TX (48185)	1999	241	23,357	1,031.8
	2000	255	23,552	1,082.7
	2001	253	24,219	1,044.6
	2002	275	24,736	1,111.7
	2003	225	25,016	899.4
	2004	229	25,209	908.4
	2005	245	25,350	966.5
	2006	187	25,639	729.4
	2007	233	26,046	894.6
	2008	248	26,273	943.9
	2009	200	26,422	756.9
	2010	275	26,604	1,033.7
	2011	260	26,699	973.8
	2012	258	26,742	964.8
Guadalupe County, TX (48187)	1999	609	86,332	705.4
	2000	603	89,023	677.4
	2001	617	92,626	666.1
	2002	668	95,246	701.3
	2003	713	98,137	726.5
	2004	667	101,495	657.2
	2005	716	105,585	678.1
	2006	733	111,878	655.2
	2007	822	117,667	698.6
	2008	838	123,398	679.1
	2009	820	128,265	639.3
	2010	852	131,533	647.7
	2011	886	135,949	651.7
	2012	911	139,873	651.3
Hale County, TX (48189)	1999	288	36,638	786.1
	2000	318	36,602	868.8
	2001	310	35,876	864.1
	2002	289	35,598	811.8
	2003	304	35,553	855.1
	2004	306	36,259	843.9
	2005	315	36,066	873.4
	2006	303	36,162	837.9
	2007	285	36,080	789.9
	2008	282	35,662	790.8
	2009	337	35,926	938.0
	2010	300	36,273	827.1
	2011	293	36,409	804.7
	2012	277	36,294	763.2
Hall County, TX (48191)	1999	70	3,791	1,846.5
	2000	59	3,782	1,560.0
	2001	58	3,750	1,546.7
	2002	63	3,709	1,698.6
	2003	60	3,699	1,622.1
	2004	53	3,665	1,446.1
	2005	57	3,613	1,577.6
	2006	52	3,582	1,451.7
	2007	45	3,440	1,308.1
	2008	40	3,398	1,177.2
	2009	49	3,343	1,465.7
	2010	44	3,353	1,312.3
	2011	56	3,315	1,689.3
	2012	56	3,296	1,699.0
Hamilton County, TX (48193)	1999	145	8,122	1,785.3
	2000	150	8,229	1,822.8
	2001	142	8,169	1,738.3
	2002	122	8,069	1,512.0
	2003	137	8,225	1,665.7
	2004	143	8,181	1,748.0
	2005	134	8,263	1,621.7
	2006	132	8,389	1,573.5
	2007	114	8,452	1,348.8
	2008	128	8,497	1,506.4
	2009	123	8,527	1,442.5
	2010	137	8,517	1,608.5
	2011	142	8,416	1,687.3
	2012	112	8,311	1,347.6
Hansford County, TX (48195)	1999	57	5,402	1,055.2
	2000	64	5,369	1,192.0
	2001	56	5,299	1,056.8
	2002	66	5,242	1,259.1
	2003	63	5,216	1,207.8
	2004	61	5,209	1,171.1
	2005	48	5,258	912.9
	2006	45	5,293	850.2
	2007	57	5,365	1,062.4
	2008	63	5,512	1,143.0
	2009	51	5,556	917.9
	2010	57	5,613	1,015.5
	2011	48	5,592	858.4
	2012	55	5,522	996.0
Hardeman County, TX (48197)	1999	81	4,723	1,715.0
	2000	66	4,724	1,397.1
	2001	61	4,609	1,323.5
	2002	66	4,547	1,451.5
	2003	70	4,534	1,543.9
	2004	44	4,474	983.5
	2005	56	4,417	1,267.8
	2006	40	4,409	907.2
	2007	31	4,296	721.6
	2008	23	4,187	549.3
	2009	46	4,086	1,125.8
	2010	27	4,139	652.3
	2011	40	4,119	971.1
	2012	39	4,066	959.2
Hardin County, TX (48199)	1999	484	47,863	1,011.2
	2000	489	48,073	1,017.2
	2001	465	48,463	959.5
	2002	467	49,045	952.2
	2003	464	49,472	937.9
	2004	502	50,220	999.6
	2005	508	51,141	993.3
	2006	485	51,470	942.3
	2007	505	52,446	962.9
	2008	518	53,206	973.6
	2009	485	54,228	894.4
	2010	513	54,635	939.0
	2011	544	55,074	987.8
	2012	536	55,177	971.4
Harris County, TX (48201)	1999	19,218	3,359,671	572.0
	2000	19,632	3,400,578	577.3
	2001	20,687	3,471,291	595.9
	2002	20,856	3,536,682	589.7
	2003	20,680	3,586,133	576.7
	2004	20,269	3,630,185	558.3
	2005	20,875	3,681,829	567.0
	2006	20,640	3,807,435	542.1
	2007	21,603	3,863,344	559.2
	2008	22,021	3,938,580	559.1
	2009	21,922	4,034,866	543.3
	2010	21,967	4,092,459	536.8
	2011	22,150	4,176,674	530.3
	2012	23,456	4,253,963	551.4
Harrison County, TX (48203)	1999	616	61,978	993.9
	2000	628	62,110	1,011.1
	2001	651	62,256	1,045.7
	2002	607	62,062	978.1
	2003	585	62,018	943.3
	2004	594	62,583	949.1
	2005	661	62,811	1,052.4
	2006	589	63,699	924.7
	2007	659	63,661	1,035.2
	2008	607	64,107	946.9
	2009	597	65,185	915.9
	2010	574	65,631	874.6
	2011	622	67,316	924.0
	2012	617	67,208	918.0
Hartley County, TX (48205)	1999	44	5,477	803.4
	2000	26	5,537	469.6
	2001	35	5,601	624.9
	2002	41	5,364	764.4
	2003	33	5,789	570.0
	2004	54	5,800	931.0
	2005	45	5,794	776.7
	2006	57	5,911	964.3
	2007	48	6,047	793.8
	2008	54	5,820	927.8
	2009	37	5,970	619.8
	2010	42	6,062	692.8
	2011	35	6,085	575.2
	2012	32	6,165	519.1
Haskell County, TX (48207)	1999	80	6,198	1,290.7
	2000	109	6,093	1,788.9
	2001	85	6,034	1,408.7
	2002	88	5,915	1,487.7
	2003	93	5,883	1,580.8
	2004	103	5,851	1,760.4
	2005	80	5,904	1,355.0
	2006	77	5,817	1,323.7
	2007	106	5,802	1,827.0
	2008	95	5,839	1,627.0
	2009	72	5,862	1,228.2
	2010	84	5,899	1,424.0
	2011	81	5,944	1,362.7
	2012	104	5,871	1,771.4
Hays County, TX (48209)	1999	490	93,622	523.4
	2000	505	97,589	517.5
	2001	541	104,739	516.5
	2002	565	111,397	507.2
	2003	582	115,665	503.2
	2004	566	119,395	474.1
	2005	589	125,302	470.1
	2006	661	132,111	500.3
	2007	712	140,480	506.8
	2008	739	147,674	500.4
	2009	736	153,619	479.1
	2010	793	157,107	504.8
	2011	769	163,771	469.6
	2012	844	169,013	499.4
Hemphill County, TX (48211)	1999	46	3,447	1,334.5
	2000	26	3,351	775.9
	2001	36	3,327	1,082.1
	2002	39	3,357	1,161.8
	2003	22	3,362	654.4
	2004	39	3,410	1,143.7
	2005	31	3,480	890.8
	2006	39	3,523	1,107.0
	2007	30	3,538	847.9
	2008	26	3,680	706.5
	2009	36	3,802	946.9
	2010	28	3,807	735.5
	2011	37	3,960	934.3
	2012	35	4,077	858.5
Henderson County, TX (48213)	1999	860	72,080	1,193.1
	2000	912	73,277	1,244.6
	2001	934	73,762	1,266.2
	2002	895	74,712	1,197.9
	2003	904	76,349	1,184.0
	2004	889	77,807	1,142.6
	2005	807	78,001	1,034.6
	2006	896	78,404	1,142.8
	2007	930	78,178	1,189.6
	2008	961	78,033	1,231.5
	2009	977	78,231	1,248.9
	2010	952	78,532	1,212.2
	2011	954	78,680	1,212.5
	2012	1,007	78,939	1,275.7
Hidalgo County, TX (48215)	1999	2,679	555,875	481.9
	2000	2,729	569,463	479.2
	2001	2,989	590,067	506.6
	2002	3,038	610,520	497.6
	2003	3,091	632,475	488.7
	2004	3,068	653,779	469.3
	2005	3,323	674,982	492.3
	2006	3,316	695,352	476.9
	2007	3,309	715,264	462.6
	2008	3,393	736,694	460.6
	2009	3,578	757,468	472.4
	2010	3,648	774,769	470.9
	2011	3,602	794,521	453.4
	2012	3,828	805,975	475.0
Hill County, TX (48217)	1999	438	31,564	1,387.7
	2000	360	32,321	1,113.8
	2001	431	32,766	1,315.4
	2002	413	33,120	1,247.0
	2003	434	33,755	1,285.7
	2004	402	34,064	1,180.1
	2005	398	34,203	1,163.6
	2006	442	34,484	1,281.8
	2007	410	34,650	1,183.3
	2008	417	34,997	1,191.5
	2009	391	35,005	1,117.0
	2010	382	35,089	1,088.7
	2011	392	35,191	1,113.9
	2012	407	35,106	1,159.3
Hockley County, TX (48219)	1999	215	22,917	938.2
	2000	179	22,716	788.0
	2001	202	22,662	891.4
	2002	220	22,745	967.2
	2003	221	22,955	962.8
	2004	211	22,919	920.6
	2005	202	23,094	874.7
	2006	204	22,912	890.4
	2007	195	22,844	853.6
	2008	193	22,958	840.7
	2009	210	23,086	909.6
	2010	211	22,935	920.0
	2011	185	22,969	805.4
	2012	191	23,150	825.1
Hood County, TX (48221)	1999	458	39,969	1,145.9
	2000	482	41,100	1,172.7
	2001	498	42,425	1,173.8
	2002	469	43,344	1,082.0
	2003	449	44,448	1,010.2
	2004	528	45,411	1,162.7
	2005	523	46,470	1,125.5
	2006	543	47,952	1,132.4
	2007	558	48,870	1,141.8
	2008	561	50,112	1,119.5
	2009	521	50,841	1,024.8
	2010	552	51,182	1,078.5
	2011	585	51,506	1,135.8
	2012	616	52,171	1,180.7
Hopkins County, TX (48223)	1999	368	31,638	1,163.2
	2000	373	31,960	1,167.1
	2001	357	32,203	1,108.6
	2002	357	32,335	1,104.1
	2003	415	32,625	1,272.0
	2004	363	33,061	1,098.0
	2005	363	33,330	1,089.1
	2006	310	33,746	918.6
	2007	341	34,331	993.3
	2008	354	34,472	1,026.9
	2009	362	34,919	1,036.7
	2010	375	35,161	1,066.5
	2011	366	35,345	1,035.5
	2012	379	35,424	1,069.9
Houston County, TX (48225)	1999	312	23,085	1,351.5
	2000	341	23,185	1,470.8
	2001	322	23,122	1,392.6
	2002	301	23,257	1,294.2
	2003	309	23,336	1,324.1
	2004	304	23,578	1,289.3
	2005	317	23,500	1,348.9
	2006	277	23,551	1,176.2
	2007	341	23,641	1,442.4
	2008	313	23,635	1,324.3
	2009	292	23,660	1,234.2
	2010	308	23,732	1,297.8
	2011	267	23,374	1,142.3
	2012	313	23,184	1,350.1
Howard County, TX (48227)	1999	356	33,937	1,049.0
	2000	398	33,627	1,183.6
	2001	383	33,279	1,150.9
	2002	380	33,479	1,135.0
	2003	351	33,396	1,051.0
	2004	378	33,403	1,131.6
	2005	393	33,277	1,181.0
	2006	372	33,328	1,116.2
	2007	380	33,817	1,123.7
	2008	348	34,393	1,011.8
	2009	342	34,882	980.4
	2010	348	35,012	993.9
	2011	382	34,980	1,092.1
	2012	378	35,454	1,066.2
Hudspeth County, TX (48229)	1999	19	3,323	571.8 (Unreliable)
	2000	16	3,344	478.5 (Unreliable)
	2001	16	3,405	469.9 (Unreliable)
	2002	20	3,398	588.6
	2003	16	3,345	478.3 (Unreliable)
	2004	18	3,345	538.1 (Unreliable)
	2005	16	3,416	468.4 (Unreliable)
	2006	17	3,459	491.5 (Unreliable)
	2007	22	3,462	635.5
	2008	20	3,374	592.8
	2009	13	3,423	379.8 (Unreliable)
	2010	22	3,476	632.9
	2011	17	3,419	497.2 (Unreliable)
	2012	19	3,339	569.0 (Unreliable)
Hunt County, TX (48231)	1999	764	75,086	1,017.5
	2000	705	76,596	920.4
	2001	718	78,431	915.5
	2002	806	80,234	1,004.6
	2003	766	80,958	946.2
	2004	736	82,092	896.6
	2005	760	82,822	917.6
	2006	794	83,770	947.8
	2007	766	84,351	908.1
	2008	847	84,447	1,003.0
	2009	824	85,261	966.4
	2010	865	86,129	1,004.3
	2011	852	86,613	983.7
	2012	786	87,056	902.9
Hutchinson County, TX (48233)	1999	259	24,027	1,078.0
	2000	268	23,857	1,123.4
	2001	283	23,247	1,217.4
	2002	248	23,116	1,072.8
	2003	238	22,773	1,045.1
	2004	252	22,478	1,121.1
	2005	238	22,209	1,071.6
	2006	258	22,176	1,163.4
	2007	266	22,138	1,201.6
	2008	251	21,851	1,148.7
	2009	232	22,184	1,045.8
	2010	274	22,150	1,237.0
	2011	225	21,910	1,026.9
	2012	243	21,907	1,109.2
Irion County, TX (48235)	2000	12	1,771	677.6 (Unreliable)
	2001	11	1,673	657.5 (Unreliable)
	2003	15	1,672	897.1 (Unreliable)
	2004	14	1,629	859.4 (Unreliable)
	2006	13	1,649	788.4 (Unreliable)
	2007	12	1,609	745.8 (Unreliable)
	2008	12	1,571	763.8 (Unreliable)
	2009	14	1,587	882.2 (Unreliable)
	2010	15	1,599	938.1 (Unreliable)
	2011	15	1,610	931.7 (Unreliable)
	2012	13	1,577	824.4 (Unreliable)
Jack County, TX (48237)	1999	87	8,644	1,006.5
	2000	90	8,763	1,027.0
	2001	95	8,710	1,090.7
	2002	88	8,916	987.0
	2003	98	8,965	1,093.1
	2004	81	9,028	897.2
	2005	92	9,092	1,011.9
	2006	97	9,177	1,057.0
	2007	85	9,068	937.4
	2008	87	9,030	963.5
	2009	82	9,057	905.4
	2010	85	9,044	939.8
	2011	82	9,042	906.9
	2012	80	8,980	890.9
Jackson County, TX (48239)	1999	164	14,241	1,151.6
	2000	172	14,391	1,195.2
	2001	138	14,187	972.7
	2002	171	14,172	1,206.6
	2003	161	14,070	1,144.3
	2004	147	14,039	1,047.1
	2005	137	14,037	976.0
	2006	158	13,954	1,132.3
	2007	135	13,857	974.2
	2008	172	13,957	1,232.4
	2009	126	14,089	894.3
	2010	134	14,075	952.0
	2011	151	14,005	1,078.2
	2012	153	14,252	1,073.5
Jasper County, TX (48241)	1999	396	35,318	1,121.2
	2000	424	35,604	1,190.9
	2001	350	35,722	979.8
	2002	457	35,692	1,280.4
	2003	399	35,580	1,121.4
	2004	421	35,493	1,186.1
	2005	370	35,558	1,040.6
	2006	371	34,861	1,064.2
	2007	378	35,069	1,077.9
	2008	427	35,170	1,214.1
	2009	391	35,331	1,106.7
	2010	406	35,710	1,136.9
	2011	369	36,298	1,016.6
	2012	430	35,881	1,198.4
Jeff Davis County, TX (48243)	1999	24	2,168	1,107.0
	2000	23	2,207	1,042.1
	2001	24	2,234	1,074.3
	2002	23	2,201	1,045.0
	2003	12	2,235	536.9 (Unreliable)
	2004	23	2,242	1,025.9
	2005	18	2,249	800.4 (Unreliable)
	2006	15	2,264	662.5 (Unreliable)
	2007	16	2,277	702.7 (Unreliable)
	2008	13	2,316	561.3 (Unreliable)
	2009	19	2,326	816.9 (Unreliable)
	2010	21	2,342	896.7
	2011	19	2,309	822.9 (Unreliable)
	2012	11	2,314	475.4 (Unreliable)
Jefferson County, TX (48245)	1999	2,512	252,288	995.7
	2000	2,620	252,051	1,039.5
	2001	2,576	250,137	1,029.8
	2002	2,548	250,146	1,018.6
	2003	2,594	250,183	1,036.8
	2004	2,522	250,638	1,006.2
	2005	2,631	250,849	1,048.8
	2006	2,509	245,962	1,020.1
	2007	2,469	247,629	997.1
	2008	2,615	249,430	1,048.4
	2009	2,433	251,332	968.0
	2010	2,368	252,273	938.7
	2011	2,332	253,298	920.7
	2012	2,394	251,306	952.6
Jim Hogg County, TX (48247)	1999	37	5,267	702.5
	2000	42	5,281	795.3
	2001	61	5,194	1,174.4
	2002	47	5,220	900.4
	2003	40	5,148	777.0
	2004	45	5,173	869.9
	2005	56	5,194	1,078.2
	2006	43	5,160	833.3
	2007	50	5,131	974.5
	2008	50	5,198	961.9
	2009	64	5,260	1,216.7
	2010	47	5,300	886.8
	2011	48	5,291	907.2
	2012	48	5,261	912.4
Jim Wells County, TX (48249)	1999	330	39,103	843.9
	2000	335	39,326	851.9
	2001	353	39,701	889.1
	2002	388	39,821	974.4
	2003	350	40,008	874.8
	2004	306	40,309	759.1
	2005	370	40,449	914.7
	2006	341	40,393	844.2
	2007	339	40,654	833.9
	2008	339	40,554	835.9
	2009	347	40,633	854.0
	2010	369	40,838	903.6
	2011	381	41,216	924.4
	2012	439	41,670	1,053.5
Johnson County, TX (48251)	1999	989	123,249	802.4
	2000	1,041	126,811	820.9
	2001	1,042	130,795	796.7
	2002	1,080	133,399	809.6
	2003	1,089	136,264	799.2
	2004	1,046	138,833	753.4
	2005	1,118	140,692	794.6
	2006	1,076	142,501	755.1
	2007	1,086	145,123	748.3
	2008	1,172	148,635	788.5
	2009	1,130	150,583	750.4
	2010	1,197	150,934	793.1
	2011	1,194	151,989	785.6
	2012	1,249	153,341	814.5
Jones County, TX (48253)	1999	214	20,633	1,037.2
	2000	235	20,785	1,130.6
	2001	251	20,294	1,236.8
	2002	199	20,293	980.6
	2003	192	20,355	943.3
	2004	185	20,298	911.4
	2005	208	20,232	1,028.1
	2006	183	20,242	904.1
	2007	162	20,102	805.9
	2008	210	20,131	1,043.2
	2009	187	20,093	930.7
	2010	207	20,202	1,024.7
	2011	190	20,269	937.4
	2012	181	19,905	909.3
Karnes County, TX (48255)	1999	159	15,468	1,027.9
	2000	159	15,446	1,029.4
	2001	175	15,340	1,140.8
	2002	150	15,178	988.3
	2003	144	15,119	952.4
	2004	148	15,109	979.5
	2005	137	14,967	915.3
	2006	155	14,985	1,034.4
	2007	157	14,900	1,053.7
	2008	136	14,867	914.8
	2009	154	14,805	1,040.2
	2010	135	14,824	910.7
	2011	161	14,957	1,076.4
	2012	159	14,873	1,069.1
Kaufman County, TX (48257)	1999	626	69,008	907.1
	2000	674	71,313	945.1
	2001	712	75,223	946.5
	2002	736	77,693	947.3
	2003	742	81,322	912.4
	2004	716	84,240	850.0
	2005	736	87,388	842.2
	2006	764	91,395	835.9
	2007	785	95,694	820.3
	2008	787	99,285	792.7
	2009	800	101,709	786.6
	2010	783	103,350	757.6
	2011	763	105,272	724.8
	2012	824	106,686	772.4
Kendall County, TX (48259)	1999	210	22,967	914.4
	2000	239	23,743	1,006.6
	2001	243	24,433	994.6
	2002	242	24,975	969.0
	2003	264	25,892	1,019.6
	2004	238	26,650	893.1
	2005	256	27,849	919.2
	2006	304	29,134	1,043.5
	2007	263	30,330	867.1
	2008	284	31,754	894.4
	2009	303	32,655	927.9
	2010	289	33,410	865.0
	2011	309	34,676	891.1
	2012	308	35,968	856.3
Kent County, TX (48263)	1999	12	880	1,363.6 (Unreliable)
	2000	18	859	2,095.5 (Unreliable)
	2001	19	808	2,351.5 (Unreliable)
	2002	21	815	2,576.7
	2004	20	791	2,528.4
	2005	21	784	2,678.6
	2006	18	770	2,337.7 (Unreliable)
	2008	10	787	1,270.6 (Unreliable)
	2009	15	793	1,891.6 (Unreliable)
	2011	14	822	1,703.2 (Unreliable)
	2012	16	843	1,898.0 (Unreliable)
Kerr County, TX (48265)	1999	599	43,200	1,386.6
	2000	612	43,653	1,402.0
	2001	630	44,331	1,421.1
	2002	655	44,894	1,459.0
	2003	626	45,278	1,382.6
	2004	654	46,054	1,420.1
	2005	630	46,809	1,345.9
	2006	664	47,840	1,388.0
	2007	663	48,352	1,371.2
	2008	674	48,852	1,379.7
	2009	677	49,427	1,369.7
	2010	640	49,625	1,289.7
	2011	686	49,631	1,382.2
	2012	720	49,826	1,445.0
Kimble County, TX (48267)	1999	55	4,412	1,246.6
	2000	59	4,468	1,320.5
	2001	76	4,494	1,691.1
	2002	57	4,521	1,260.8
	2003	54	4,510	1,197.3
	2004	61	4,562	1,337.1
	2005	58	4,609	1,258.4
	2006	74	4,578	1,616.4
	2007	54	4,518	1,195.2
	2008	57	4,520	1,261.1
	2009	53	4,623	1,146.4
	2010	73	4,607	1,584.5
	2011	66	4,596	1,436.0
	2012	49	4,547	1,077.6
Kinney County, TX (48271)	1999	35	3,395	1,030.9
	2000	40	3,379	1,183.8
	2001	42	3,419	1,228.4
	2002	30	3,463	866.3
	2003	35	3,394	1,031.2
	2004	33	3,395	972.0
	2005	39	3,449	1,130.8
	2006	33	3,488	946.1
	2007	24	3,546	676.8
	2008	39	3,507	1,112.1
	2009	44	3,568	1,233.2
	2010	40	3,598	1,111.7
	2011	24	3,600	666.7
	2012	31	3,594	862.5
Kleberg County, TX (48273)	1999	216	31,497	685.8
	2000	236	31,549	748.0
	2001	273	31,315	871.8
	2002	222	31,413	706.7
	2003	196	31,339	625.4
	2004	250	31,362	797.1
	2005	257	31,242	822.6
	2006	202	31,149	648.5
	2007	254	31,370	809.7
	2008	197	31,555	624.3
	2009	244	31,876	765.5
	2010	254	32,061	792.2
	2011	249	32,074	776.3
	2012	225	32,114	700.6
Knox County, TX (48275)	1999	71	4,248	1,671.4
	2000	65	4,253	1,528.3
	2001	73	4,070	1,793.6
	2002	73	4,044	1,805.1
	2003	59	4,018	1,468.4
	2004	58	3,940	1,472.1
	2005	60	3,822	1,569.9
	2006	51	3,788	1,346.4
	2007	48	3,721	1,290.0
	2008	57	3,650	1,561.6
	2009	45	3,647	1,233.9
	2010	57	3,719	1,532.7
	2011	50	3,742	1,336.2
	2012	53	3,770	1,405.8
Lamar County, TX (48277)	1999	602	48,013	1,253.8
	2000	584	48,499	1,204.1
	2001	572	48,522	1,178.8
	2002	580	48,826	1,187.9
	2003	552	49,159	1,122.9
	2004	587	49,233	1,192.3
	2005	610	49,344	1,236.2
	2006	569	49,386	1,152.1
	2007	592	49,387	1,198.7
	2008	613	49,467	1,239.2
	2009	626	49,600	1,262.1
	2010	555	49,793	1,114.6
	2011	569	50,001	1,138.0
	2012	614	49,881	1,230.9
Lamb County, TX (48279)	1999	177	14,749	1,200.1
	2000	197	14,709	1,339.3
	2001	169	14,566	1,160.2
	2002	195	14,658	1,330.3
	2003	207	14,675	1,410.6
	2004	142	14,584	973.7
	2005	163	14,583	1,117.7
	2006	168	14,338	1,171.7
	2007	157	14,270	1,100.2
	2008	159	14,036	1,132.8
	2009	150	13,791	1,087.7
	2010	162	13,977	1,159.0
	2011	169	14,099	1,198.7
	2012	129	13,929	926.1
Lampasas County, TX (48281)	1999	150	17,323	865.9
	2000	182	17,762	1,024.7
	2001	193	18,027	1,070.6
	2002	202	18,425	1,096.3
	2003	184	18,579	990.4
	2004	189	19,664	961.1
	2005	205	18,906	1,084.3
	2006	182	19,472	934.7
	2007	206	19,728	1,044.2
	2008	225	19,812	1,135.7
	2009	166	19,652	844.7
	2010	202	19,677	1,026.6
	2011	195	19,933	978.3
	2012	207	20,146	1,027.5
La Salle County, TX (48283)	1999	54	5,829	926.4
	2000	48	5,866	818.3
	2001	51	5,934	859.5
	2002	59	6,098	967.5
	2003	32	6,169	518.7
	2004	44	6,322	696.0
	2005	53	6,542	810.1
	2006	51	6,549	778.7
	2007	37	6,675	554.3
	2008	45	6,653	676.4
	2009	47	6,771	694.1
	2010	50	6,886	726.1
	2011	70	6,983	1,002.4
	2012	42	7,104	591.2
Lavaca County, TX (48285)	1999	249	19,159	1,299.7
	2000	279	19,210	1,452.4
	2001	273	18,958	1,440.0
	2002	291	19,101	1,523.5
	2003	273	19,152	1,425.4
	2004	269	19,130	1,406.2
	2005	202	19,185	1,052.9
	2006	294	19,181	1,532.8
	2007	231	19,238	1,200.7
	2008	234	19,185	1,219.7
	2009	244	19,226	1,269.1
	2010	212	19,263	1,100.6
	2011	209	19,228	1,087.0
	2012	245	19,476	1,258.0
Lee County, TX (48287)	1999	177	15,436	1,146.7
	2000	148	15,657	945.3
	2001	132	16,008	824.6
	2002	146	16,131	905.1
	2003	147	16,234	905.5
	2004	130	16,220	801.5
	2005	141	16,330	863.4
	2006	162	16,348	990.9
	2007	165	16,421	1,004.8
	2008	175	16,550	1,057.4
	2009	155	16,565	935.7
	2010	145	16,612	872.9
	2011	152	16,624	914.3
	2012	138	16,593	831.7
Leon County, TX (48289)	1999	211	15,027	1,404.1
	2000	174	15,335	1,134.7
	2001	212	15,452	1,372.0
	2002	201	15,718	1,278.8
	2003	198	15,795	1,253.6
	2004	207	15,837	1,307.1
	2005	199	16,104	1,235.7
	2006	192	16,334	1,175.5
	2007	211	16,390	1,287.4
	2008	199	16,832	1,182.3
	2009	214	16,862	1,269.1
	2010	201	16,801	1,196.4
	2011	227	16,852	1,347.0
	2012	178	16,789	1,060.2
Liberty County, TX (48291)	1999	652	68,661	949.6
	2000	622	70,154	886.6
	2001	704	71,679	982.2
	2002	720	73,280	982.5
	2003	702	73,734	952.1
	2004	673	74,285	906.0
	2005	667	74,303	897.7
	2006	665	74,269	895.4
	2007	723	74,515	970.3
	2008	712	74,915	950.4
	2009	689	75,041	918.2
	2010	695	75,643	918.8
	2011	679	75,939	894.1
	2012	684	76,349	895.9
Limestone County, TX (48293)	1999	319	21,878	1,458.1
	2000	295	22,051	1,337.8
	2001	291	22,159	1,313.2
	2002	299	22,486	1,329.7
	2003	266	22,721	1,170.7
	2004	291	22,942	1,268.4
	2005	299	22,919	1,304.6
	2006	273	23,093	1,182.2
	2007	275	23,090	1,191.0
	2008	298	23,065	1,292.0
	2009	273	23,173	1,178.1
	2010	276	23,384	1,180.3
	2011	261	23,524	1,109.5
	2012	256	23,601	1,084.7
Lipscomb County, TX (48295)	1999	30	3,097	968.7
	2000	44	3,057	1,439.3
	2001	34	2,948	1,153.3
	2002	32	3,033	1,055.1
	2003	37	3,097	1,194.7
	2004	43	3,028	1,420.1
	2005	29	3,057	948.6
	2006	36	3,115	1,155.7
	2007	32	3,178	1,006.9
	2008	32	3,183	1,005.3
	2009	40	3,326	1,202.6
	2010	23	3,302	696.5
	2011	32	3,350	955.2
	2012	32	3,451	927.3
Live Oak County, TX (48297)	1999	116	12,191	951.5
	2000	120	12,309	974.9
	2001	96	12,071	795.3
	2002	104	11,955	869.9
	2003	88	11,768	747.8
	2004	78	11,689	667.3
	2005	76	11,631	653.4
	2006	97	11,559	839.2
	2007	104	11,528	902.2
	2008	116	11,479	1,010.5
	2009	106	11,410	929.0
	2010	99	11,531	858.6
	2011	107	11,524	928.5
	2012	119	11,669	1,019.8
Llano County, TX (48299)	1999	250	16,510	1,514.2
	2000	266	17,044	1,560.7
	2001	260	17,499	1,485.8
	2002	288	17,872	1,611.5
	2003	236	18,153	1,300.1
	2004	274	18,220	1,503.8
	2005	275	18,425	1,492.5
	2006	291	18,502	1,572.8
	2007	267	18,935	1,410.1
	2008	285	19,034	1,497.3
	2009	274	19,175	1,428.9
	2010	293	19,301	1,518.1
	2011	294	18,988	1,548.3
	2012	309	19,148	1,613.7
Lubbock County, TX (48303)	1999	1,984	240,776	824.0
	2000	1,927	242,628	794.2
	2001	1,961	246,616	795.2
	2002	1,994	249,407	799.5
	2003	2,053	253,388	810.2
	2004	1,904	255,669	744.7
	2005	2,073	257,779	804.2
	2006	2,038	261,761	778.6
	2007	2,110	265,215	795.6
	2008	2,164	268,197	806.9
	2009	2,243	274,252	817.9
	2010	2,234	278,831	801.2
	2011	2,186	283,361	771.5
	2012	2,312	285,998	808.4
Lynn County, TX (48305)	1999	72	6,625	1,086.8
	2000	72	6,550	1,099.2
	2001	55	6,444	853.5
	2002	71	6,421	1,105.7
	2003	76	6,232	1,219.5
	2004	51	6,172	826.3
	2005	66	6,178	1,068.3
	2006	55	6,192	888.2
	2007	59	5,989	985.1
	2008	53	5,932	893.5
	2009	58	5,927	978.6
	2010	44	5,915	743.9
	2011	58	5,882	986.1
	2012	68	5,777	1,177.1
McCulloch County, TX (48307)	1999	146	8,284	1,762.4
	2000	130	8,205	1,584.4
	2001	119	8,034	1,481.2
	2002	109	7,927	1,375.0
	2003	119	8,033	1,481.4
	2004	118	8,164	1,445.4
	2005	109	8,117	1,342.9
	2006	99	8,183	1,209.8
	2007	123	8,105	1,517.6
	2008	100	8,203	1,219.1
	2009	115	8,365	1,374.8
	2010	109	8,283	1,315.9
	2011	118	8,288	1,423.7
	2012	98	8,303	1,180.3
McLennan County, TX (48309)	1999	2,026	211,548	957.7
	2000	1,990	213,517	932.0
	2001	1,952	215,099	907.5
	2002	1,958	216,571	904.1
	2003	2,013	218,744	920.3
	2004	1,959	221,353	885.0
	2005	2,016	222,794	904.9
	2006	2,028	224,452	903.5
	2007	2,000	226,741	882.1
	2008	2,064	229,037	901.2
	2009	1,914	231,679	826.1
	2010	1,992	234,906	848.0
	2011	1,913	237,902	804.1
	2012	2,050	239,542	855.8
McMullen County, TX (48311)	2002	14	795	1,761.0 (Unreliable)
	2007	10	773	1,293.7 (Unreliable)
	2012	10	730	1,369.9 (Unreliable)
Madison County, TX (48313)	1999	128	12,756	1,003.4
	2000	159	12,940	1,228.7
	2001	142	13,680	1,038.0
	2002	117	12,797	914.3
	2003	145	12,989	1,116.3
	2004	143	13,146	1,087.8
	2005	117	13,136	890.7
	2006	138	13,264	1,040.4
	2007	129	13,353	966.1
	2008	128	13,340	959.5
	2009	140	13,483	1,038.3
	2010	108	13,664	790.4
	2011	125	13,726	910.7
	2012	117	13,717	853.0
Marion County, TX (48315)	1999	136	10,888	1,249.1
	2000	152	10,941	1,389.3
	2001	157	11,077	1,417.4
	2002	126	11,032	1,142.1
	2003	150	11,120	1,348.9
	2004	129	11,004	1,172.3
	2005	160	10,980	1,457.2
	2006	165	10,992	1,501.1
	2007	162	10,951	1,479.3
	2008	158	10,748	1,470.0
	2009	154	10,669	1,443.4
	2010	157	10,546	1,488.7
	2011	155	10,457	1,482.3
	2012	154	10,320	1,492.2
Martin County, TX (48317)	1999	43	4,819	892.3
	2000	64	4,746	1,348.5
	2001	52	4,697	1,107.1
	2002	36	4,654	773.5
	2003	56	4,553	1,230.0
	2004	57	4,398	1,296.0
	2005	46	4,447	1,034.4
	2006	51	4,443	1,147.9
	2007	31	4,494	689.8
	2008	42	4,558	921.5
	2009	45	4,710	955.4
	2010	34	4,799	708.5
	2011	45	4,918	915.0
	2012	40	5,023	796.3
Mason County, TX (48319)	1999	59	3,710	1,590.3
	2000	47	3,738	1,257.4
	2001	57	3,743	1,522.8
	2002	60	3,725	1,610.7
	2003	47	3,762	1,249.3
	2004	53	3,811	1,390.7
	2005	46	3,813	1,206.4
	2006	44	3,862	1,139.3
	2007	66	3,897	1,693.6
	2008	49	3,876	1,264.2
	2009	43	3,982	1,079.9
	2010	46	4,012	1,146.6
	2011	41	4,021	1,019.6
	2012	40	4,027	993.3
Matagorda County, TX (48321)	1999	357	37,894	942.1
	2000	384	37,957	1,011.7
	2001	367	37,804	970.8
	2002	385	37,662	1,022.3
	2003	393	37,695	1,042.6
	2004	317	37,388	847.9
	2005	326	37,132	877.9
	2006	329	36,743	895.4
	2007	368	36,452	1,009.5
	2008	334	36,708	909.9
	2009	349	36,579	954.1
	2010	355	36,702	967.2
	2011	322	36,717	877.0
	2012	365	36,580	997.8
Maverick County, TX (48323)	1999	275	46,945	585.8
	2000	263	47,297	556.1
	2001	267	47,594	561.0
	2002	263	48,408	543.3
	2003	251	49,123	511.0
	2004	242	49,627	487.6
	2005	318	50,140	634.2
	2006	300	50,951	588.8
	2007	285	51,367	554.8
	2008	327	52,190	626.6
	2009	325	53,434	608.2
	2010	301	54,258	554.8
	2011	364	55,125	660.3
	2012	340	55,432	613.4
Medina County, TX (48325)	1999	275	38,697	710.6
	2000	347	39,304	882.9
	2001	314	40,053	784.0
	2002	308	40,707	756.6
	2003	321	41,549	772.6
	2004	342	42,363	807.3
	2005	348	42,977	809.7
	2006	332	43,936	755.6
	2007	356	44,577	798.6
	2008	403	45,131	893.0
	2009	356	45,605	780.6
	2010	367	46,006	797.7
	2011	353	46,529	758.7
	2012	372	46,871	793.7
Menard County, TX (48327)	1999	42	2,348	1,788.8
	2000	35	2,360	1,483.1
	2001	32	2,321	1,378.7
	2002	31	2,340	1,324.8
	2003	40	2,311	1,730.9
	2004	31	2,265	1,368.7
	2005	28	2,212	1,265.8
	2006	39	2,199	1,773.5
	2007	35	2,176	1,608.5
	2008	42	2,217	1,894.5
	2009	25	2,227	1,122.6
	2010	41	2,242	1,828.7
	2011	35	2,223	1,574.4
	2012	37	2,230	1,659.2
Midland County, TX (48329)	1999	839	117,621	713.3
	2000	894	116,009	770.6
	2001	931	116,180	801.3
	2002	883	117,717	750.1
	2003	991	119,164	831.6
	2004	908	120,746	752.0
	2005	864	122,516	705.2
	2006	916	125,844	727.9
	2007	890	128,954	690.2
	2008	1,049	132,502	791.7
	2009	973	136,238	714.2
	2010	930	136,872	679.5
	2011	1,055	140,001	753.6
	2012	987	146,786	672.4
Milam County, TX (48331)	1999	301	24,125	1,247.7
	2000	306	24,238	1,262.5
	2001	305	24,445	1,247.7
	2002	278	24,981	1,112.8
	2003	280	24,917	1,123.7
	2004	284	25,136	1,129.9
	2005	312	25,017	1,247.2
	2006	335	25,082	1,335.6
	2007	319	24,946	1,278.8
	2008	284	25,065	1,133.1
	2009	277	24,864	1,114.1
	2010	290	24,757	1,171.4
	2011	255	24,651	1,034.4
	2012	292	24,130	1,210.1
Mills County, TX (48333)	1999	73	5,117	1,426.6
	2000	65	5,151	1,261.9
	2001	95	4,983	1,906.5
	2002	74	4,973	1,488.0
	2003	78	4,885	1,596.7
	2004	57	4,880	1,168.0
	2005	71	4,957	1,432.3
	2006	76	4,854	1,565.7
	2007	58	4,871	1,190.7
	2008	61	4,876	1,251.0
	2009	70	4,877	1,435.3
	2010	70	4,936	1,418.2
	2011	63	4,871	1,293.4
	2012	65	4,846	1,341.3
Mitchell County, TX (48335)	1999	106	9,822	1,079.2
	2000	134	9,698	1,381.7
	2001	99	9,576	1,033.8
	2002	149	9,420	1,581.7
	2003	128	9,366	1,366.6
	2004	107	9,280	1,153.0
	2005	92	9,322	986.9
	2006	89	9,279	959.2
	2007	104	9,339	1,113.6
	2008	96	9,285	1,033.9
	2009	92	9,399	978.8
	2010	103	9,403	1,095.4
	2011	82	9,391	873.2
	2012	84	9,337	899.6
Montague County, TX (48337)	1999	327	19,030	1,718.3
	2000	288	19,117	1,506.5
	2001	279	19,196	1,453.4
	2002	310	19,170	1,617.1
	2003	279	19,388	1,439.0
	2004	271	19,444	1,393.7
	2005	316	19,551	1,616.3
	2006	235	19,781	1,188.0
	2007	254	19,822	1,281.4
	2008	309	19,882	1,554.2
	2009	279	19,768	1,411.4
	2010	262	19,719	1,328.7
	2011	288	19,763	1,457.3
	2012	249	19,584	1,271.4
Montgomery County, TX (48339)	1999	1,949	284,271	685.6
	2000	2,040	293,768	694.4
	2001	2,106	311,437	676.2
	2002	2,147	326,466	657.6
	2003	2,264	341,499	663.0
	2004	2,176	357,607	608.5
	2005	2,426	372,541	651.2
	2006	2,574	392,497	655.8
	2007	2,420	411,416	588.2
	2008	2,679	429,818	623.3
	2009	2,802	445,836	628.5
	2010	2,845	455,746	624.3
	2011	3,043	471,748	645.0
	2012	2,999	484,790	618.6
Moore County, TX (48341)	1999	121	20,128	601.2
	2000	141	20,121	700.8
	2001	132	20,281	650.9
	2002	136	20,155	674.8
	2003	130	20,223	642.8
	2004	123	20,389	603.3
	2005	150	20,312	738.5
	2006	145	20,558	705.3
	2007	154	20,469	752.4
	2008	138	20,917	659.8
	2009	138	21,575	639.6
	2010	153	21,904	698.5
	2011	137	22,065	620.9
	2012	127	22,373	567.6
Morris County, TX (48343)	1999	154	13,020	1,182.8
	2000	205	13,048	1,571.1
	2001	191	13,179	1,449.3
	2002	177	13,170	1,344.0
	2003	188	13,139	1,430.9
	2004	164	12,983	1,263.2
	2005	188	13,012	1,444.8
	2006	181	13,168	1,374.5
	2007	176	13,251	1,328.2
	2008	168	13,092	1,283.2
	2009	166	12,954	1,281.5
	2010	153	12,934	1,182.9
	2011	180	12,837	1,402.2
	2012	171	12,801	1,335.8
Motley County, TX (48345)	1999	23	1,392	1,652.3
	2000	21	1,426	1,472.7
	2001	19	1,340	1,417.9 (Unreliable)
	2002	16	1,311	1,220.4 (Unreliable)
	2003	18	1,319	1,364.7 (Unreliable)
	2004	18	1,270	1,417.3 (Unreliable)
	2005	21	1,257	1,670.6
	2006	23	1,236	1,860.8
	2007	15	1,228	1,221.5 (Unreliable)
	2008	22	1,197	1,837.9
	2009	17	1,200	1,416.7 (Unreliable)
	2010	18	1,210	1,487.6 (Unreliable)
	2011	18	1,211	1,486.4 (Unreliable)
	2012	16	1,195	1,338.9 (Unreliable)
Nacogdoches County, TX (48347)	1999	517	59,006	876.2
	2000	581	59,203	981.4
	2001	515	59,541	865.0
	2002	508	59,422	854.9
	2003	547	59,816	914.5
	2004	575	60,427	951.6
	2005	567	60,939	930.4
	2006	563	61,750	911.7
	2007	541	62,274	868.7
	2008	571	62,957	907.0
	2009	542	64,012	846.7
	2010	562	64,524	871.0
	2011	558	65,621	850.3
	2012	579	65,808	879.8
Navarro County, TX (48349)	1999	536	44,440	1,206.1
	2000	554	45,124	1,227.7
	2001	539	45,577	1,182.6
	2002	493	45,937	1,073.2
	2003	495	46,078	1,074.3
	2004	501	46,545	1,076.4
	2005	491	46,854	1,047.9
	2006	526	47,338	1,111.2
	2007	477	47,272	1,009.1
	2008	522	47,408	1,101.1
	2009	511	47,584	1,073.9
	2010	465	47,735	974.1
	2011	454	47,956	946.7
	2012	492	48,077	1,023.4
Newton County, TX (48351)	1999	149	15,041	990.6
	2000	137	15,072	909.0
	2001	143	15,023	951.9
	2002	168	14,945	1,124.1
	2003	149	14,938	997.5
	2004	156	14,560	1,071.4
	2005	172	14,625	1,176.1
	2006	168	14,349	1,170.8
	2007	166	14,335	1,158.0
	2008	153	14,393	1,063.0
	2009	180	14,446	1,246.0
	2010	165	14,445	1,142.3
	2011	161	14,441	1,114.9
	2012	163	14,240	1,144.7
Nolan County, TX (48353)	1999	204	15,898	1,283.2
	2000	207	15,802	1,310.0
	2001	179	15,503	1,154.6
	2002	168	15,194	1,105.7
	2003	200	15,148	1,320.3
	2004	209	15,013	1,392.1
	2005	203	14,745	1,376.7
	2006	179	14,740	1,214.4
	2007	178	14,750	1,206.8
	2008	190	15,093	1,258.9
	2009	176	15,128	1,163.4
	2010	175	15,216	1,150.1
	2011	199	15,125	1,315.7
	2012	180	14,906	1,207.6
Nueces County, TX (48355)	1999	2,430	314,553	772.5
	2000	2,535	313,645	808.2
	2001	2,523	313,670	804.3
	2002	2,479	316,256	783.9
	2003	2,534	317,632	797.8
	2004	2,411	321,879	749.0
	2005	2,396	325,515	736.1
	2006	2,481	329,113	753.8
	2007	2,491	330,512	753.7
	2008	2,587	333,526	775.7
	2009	2,570	338,220	759.9
	2010	2,562	340,223	753.0
	2011	2,683	343,053	782.1
	2012	2,799	347,594	805.2
Ochiltree County, TX (48357)	1999	78	9,027	864.1
	2000	73	9,006	810.6
	2001	70	9,134	766.4
	2002	88	9,106	966.4
	2003	79	8,981	879.6
	2004	56	9,149	612.1
	2005	71	9,384	756.6
	2006	75	9,557	784.8
	2007	72	9,812	733.8
	2008	70	9,962	702.7
	2009	88	10,225	860.6
	2010	67	10,223	655.4
	2011	77	10,462	736.0
	2012	91	10,660	853.7
Oldham County, TX (48359)	1999	23	2,152	1,068.8
	2000	14	2,185	640.7 (Unreliable)
	2001	22	2,132	1,031.9
	2002	13	2,069	628.3 (Unreliable)
	2003	15	2,072	723.9 (Unreliable)
	2004	19	2,039	931.8 (Unreliable)
	2005	15	2,010	746.3 (Unreliable)
	2006	14	2,010	696.5 (Unreliable)
	2007	16	1,992	803.2 (Unreliable)
	2008	14	2,004	698.6 (Unreliable)
	2010	13	2,052	633.5 (Unreliable)
	2011	13	2,077	625.9 (Unreliable)
	2012	18	2,050	878.0 (Unreliable)
Orange County, TX (48361)	1999	832	84,883	980.2
	2000	831	84,966	978.0
	2001	912	84,108	1,084.3
	2002	882	83,813	1,052.3
	2003	913	83,553	1,092.7
	2004	869	83,580	1,039.7
	2005	927	83,500	1,110.2
	2006	832	81,687	1,018.5
	2007	936	82,255	1,137.9
	2008	940	82,612	1,137.8
	2009	856	81,586	1,049.2
	2010	895	81,837	1,093.6
	2011	868	82,341	1,054.2
	2012	945	82,988	1,138.7
Palo Pinto County, TX (48363)	1999	314	26,720	1,175.1
	2000	340	27,026	1,258.0
	2001	397	27,128	1,463.4
	2002	331	27,144	1,219.4
	2003	331	27,294	1,212.7
	2004	332	27,276	1,217.2
	2005	330	27,511	1,199.5
	2006	314	27,859	1,127.1
	2007	330	27,679	1,192.2
	2008	325	27,916	1,164.2
	2009	319	28,071	1,136.4
	2010	303	28,111	1,077.9
	2011	285	28,138	1,012.9
	2012	298	27,883	1,068.8
Panola County, TX (48365)	1999	255	22,765	1,120.1
	2000	238	22,756	1,045.9
	2001	257	22,773	1,128.5
	2002	262	22,953	1,141.5
	2003	240	23,021	1,042.5
	2004	282	22,892	1,231.9
	2005	260	23,140	1,123.6
	2006	280	23,456	1,193.7
	2007	277	23,351	1,186.2
	2008	240	23,537	1,019.7
	2009	255	23,678	1,076.9
	2010	265	23,796	1,113.6
	2011	292	24,035	1,214.9
	2012	237	24,018	986.8
Parker County, TX (48367)	1999	741	86,087	860.8
	2000	720	88,495	813.6
	2001	739	91,660	806.2
	2002	762	94,092	809.8
	2003	749	97,041	771.8
	2004	755	99,320	760.2
	2005	785	101,891	770.4
	2006	801	105,387	760.1
	2007	879	109,408	803.4
	2008	884	112,911	782.9
	2009	861	115,802	743.5
	2010	941	116,927	804.8
	2011	942	118,269	796.5
	2012	906	119,626	757.4
Parmer County, TX (48369)	1999	80	10,036	797.1
	2000	89	10,016	888.6
	2001	86	9,842	873.8
	2002	79	10,032	787.5
	2003	86	10,155	846.9
	2004	73	10,168	717.9
	2005	70	10,099	693.1
	2006	81	10,035	807.2
	2007	89	10,075	883.4
	2008	92	9,994	920.6
	2009	49	10,082	486.0
	2010	93	10,269	905.6
	2011	81	10,295	786.8
	2012	70	10,168	688.4
Pecos County, TX (48371)	1999	120	17,007	705.6
	2000	98	16,809	583.0
	2001	128	16,284	786.0
	2002	139	16,084	864.2
	2003	146	15,709	929.4
	2004	120	15,554	771.5
	2005	120	15,385	780.0
	2006	111	15,403	720.6
	2007	119	15,321	776.7
	2008	126	15,251	826.2
	2009	100	15,490	645.6
	2010	96	15,507	619.1
	2011	117	15,636	748.3
	2012	122	15,589	782.6
Polk County, TX (48373)	1999	488	40,661	1,200.2
	2000	558	41,133	1,356.6
	2001	534	42,945	1,243.5
	2002	616	43,928	1,402.3
	2003	559	44,779	1,248.4
	2004	600	45,315	1,324.1
	2005	582	45,472	1,279.9
	2006	640	45,495	1,406.7
	2007	613	45,727	1,340.6
	2008	620	45,794	1,353.9
	2009	630	45,537	1,383.5
	2010	606	45,413	1,334.4
	2011	551	45,607	1,208.1
	2012	647	45,737	1,414.6
Potter County, TX (48375)	1999	1,203	112,919	1,065.4
	2000	1,151	113,546	1,013.7
	2001	1,203	114,307	1,052.4
	2002	1,293	115,427	1,120.2
	2003	1,187	117,067	1,013.9
	2004	1,167	117,682	991.7
	2005	1,177	118,771	991.0
	2006	1,177	119,780	982.6
	2007	1,139	119,537	952.8
	2008	1,233	119,740	1,029.7
	2009	1,117	120,118	929.9
	2010	1,104	121,073	911.8
	2011	1,148	122,059	940.5
	2012	1,195	122,413	976.2
Presidio County, TX (48377)	1999	53	7,322	723.8
	2000	48	7,304	657.2
	2001	28	7,409	377.9
	2002	37	7,534	491.1
	2003	47	7,583	619.8
	2004	37	7,561	489.4
	2005	36	7,719	466.4
	2006	45	7,638	589.2
	2007	44	7,712	570.5
	2008	49	7,683	637.8
	2009	51	7,593	671.7
	2010	34	7,818	434.9
	2011	34	7,724	440.2
	2012	34	7,506	453.0
Rains County, TX (48379)	1999	118	8,934	1,320.8
	2000	100	9,139	1,094.2
	2001	113	9,664	1,169.3
	2002	113	9,985	1,131.7
	2003	104	10,290	1,010.7
	2004	119	10,446	1,139.2
	2005	108	10,589	1,019.9
	2006	113	10,830	1,043.4
	2007	113	10,994	1,027.8
	2008	116	11,022	1,052.4
	2009	111	10,956	1,013.1
	2010	108	10,914	989.6
	2011	122	11,027	1,106.4
	2012	124	10,962	1,131.2
Randall County, TX (48381)	1999	692	102,891	672.6
	2000	711	104,312	681.6
	2001	712	105,399	675.5
	2002	759	106,286	714.1
	2003	827	107,607	768.5
	2004	737	109,441	673.4
	2005	764	111,113	687.6
	2006	826	112,464	734.5
	2007	806	114,782	702.2
	2008	904	116,518	775.8
	2009	899	119,084	754.9
	2010	917	120,725	759.6
	2011	902	123,542	730.1
	2012	987	125,022	789.5
Reagan County, TX (48383)	1999	26	3,433	757.4
	2000	29	3,326	871.9
	2001	21	3,230	650.2
	2002	30	3,189	940.7
	2003	32	3,130	1,022.4
	2004	20	3,161	632.7
	2005	21	3,143	668.2
	2006	26	3,160	822.8
	2007	20	3,260	613.5
	2008	30	3,339	898.5
	2009	23	3,377	681.1
	2010	26	3,367	772.2
	2011	16	3,392	471.7 (Unreliable)
	2012	35	3,481	1,005.5
Real County, TX (48385)	1999	49	2,981	1,643.7
	2000	28	3,047	918.9
	2001	40	3,020	1,324.5
	2002	23	3,020	761.6
	2003	49	3,123	1,569.0
	2004	52	3,138	1,657.1
	2005	35	3,154	1,109.7
	2006	45	3,264	1,378.7
	2007	42	3,308	1,269.6
	2008	39	3,241	1,203.3
	2009	48	3,274	1,466.1
	2010	43	3,309	1,299.5
	2011	54	3,425	1,576.6
	2012	66	3,371	1,957.9
Red River County, TX (48387)	1999	210	14,331	1,465.4
	2000	237	14,314	1,655.7
	2001	224	14,156	1,582.4
	2002	255	13,914	1,832.7
	2003	212	13,703	1,547.1
	2004	217	13,584	1,597.5
	2005	202	13,444	1,502.5
	2006	203	13,237	1,533.6
	2007	220	13,072	1,683.0
	2008	195	12,922	1,509.1
	2009	194	12,835	1,511.5
	2010	179	12,860	1,391.9
	2011	183	12,692	1,441.9
	2012	200	12,696	1,575.3
Reeves County, TX (48389)	1999	115	13,355	861.1
	2000	107	13,137	814.5
	2001	102	13,022	783.3
	2002	117	13,017	898.8
	2003	115	12,910	890.8
	2004	108	12,721	849.0
	2005	108	12,675	852.1
	2006	104	12,747	815.9
	2007	109	13,039	836.0
	2008	118	13,211	893.2
	2009	108	13,550	797.0
	2010	99	13,783	718.3
	2011	95	13,727	692.1
	2012	95	13,820	687.4
Refugio County, TX (48391)	1999	95	7,834	1,212.7
	2000	93	7,828	1,188.0
	2001	90	7,765	1,159.0
	2002	83	7,665	1,082.8
	2003	100	7,563	1,322.2
	2004	93	7,630	1,218.9
	2005	84	7,601	1,105.1
	2006	88	7,548	1,165.9
	2007	84	7,414	1,133.0
	2008	88	7,430	1,184.4
	2009	66	7,410	890.7
	2010	112	7,383	1,517.0
	2011	102	7,308	1,395.7
	2012	84	7,254	1,158.0
Roberts County, TX (48393)	2002	14	862	1,624.1 (Unreliable)
	2003	15	825	1,818.2 (Unreliable)
	2004	10	841	1,189.1 (Unreliable)
	2005	14	855	1,637.4 (Unreliable)
	2012	10	852	1,173.7 (Unreliable)
Robertson County, TX (48395)	1999	220	15,956	1,378.8
	2000	213	16,000	1,331.2
	2001	209	16,132	1,295.6
	2002	216	16,053	1,345.5
	2003	186	16,074	1,157.1
	2004	192	16,260	1,180.8
	2005	205	16,509	1,241.7
	2006	191	16,581	1,151.9
	2007	179	16,546	1,081.8
	2008	202	16,535	1,221.7
	2009	183	16,604	1,102.1
	2010	193	16,622	1,161.1
	2011	182	16,694	1,090.2
	2012	185	16,493	1,121.7
Rockwall County, TX (48397)	1999	249	40,864	609.3
	2000	309	43,080	717.3
	2001	302	46,697	646.7
	2002	319	50,078	637.0
	2003	330	53,397	618.0
	2004	358	56,477	633.9
	2005	344	60,349	570.0
	2006	383	66,117	579.3
	2007	381	70,851	537.7
	2008	369	73,929	499.1
	2009	385	76,654	502.3
	2010	428	78,337	546.4
	2011	494	81,184	608.5
	2012	529	83,028	637.1
Runnels County, TX (48399)	1999	134	11,495	1,165.7
	2000	157	11,495	1,365.8
	2001	137	11,148	1,228.9
	2002	164	11,002	1,490.6
	2003	165	10,815	1,525.7
	2004	140	10,774	1,299.4
	2005	155	10,842	1,429.6
	2006	137	10,587	1,294.0
	2007	131	10,506	1,246.9
	2008	181	10,444	1,733.1
	2009	123	10,392	1,183.6
	2010	141	10,501	1,342.7
	2011	139	10,559	1,316.4
	2012	133	10,425	1,275.8
Rusk County, TX (48401)	1999	551	47,251	1,166.1
	2000	531	47,372	1,120.9
	2001	544	47,837	1,137.2
	2002	534	48,244	1,106.9
	2003	545	48,540	1,122.8
	2004	507	49,160	1,031.3
	2005	528	49,703	1,062.3
	2006	510	50,415	1,011.6
	2007	479	51,278	934.1
	2008	506	52,195	969.4
	2009	525	52,799	994.3
	2010	570	53,330	1,068.8
	2011	550	53,706	1,024.1
	2012	572	54,013	1,059.0
Sabine County, TX (48403)	1999	180	10,510	1,712.7
	2000	169	10,469	1,614.3
	2001	179	10,435	1,715.4
	2002	172	10,477	1,641.7
	2003	152	10,482	1,450.1
	2004	156	10,498	1,486.0
	2005	155	10,445	1,484.0
	2006	167	10,583	1,578.0
	2007	166	10,541	1,574.8
	2008	170	10,565	1,609.1
	2009	135	10,721	1,259.2
	2010	166	10,834	1,532.2
	2011	174	10,645	1,634.6
	2012	170	10,429	1,630.1
San Augustine County, TX (48405)	1999	145	8,872	1,634.4
	2000	121	8,946	1,352.6
	2001	109	8,860	1,230.2
	2002	137	8,985	1,524.8
	2003	126	9,034	1,394.7
	2004	140	9,085	1,541.0
	2005	134	9,060	1,479.0
	2006	120	9,128	1,314.6
	2007	126	9,048	1,392.6
	2008	151	9,039	1,670.5
	2009	136	8,938	1,521.6
	2010	165	8,865	1,861.3
	2011	153	8,873	1,724.3
	2012	137	8,850	1,548.0
San Jacinto County, TX (48407)	1999	215	21,669	992.2
	2000	196	22,246	881.1
	2001	214	22,897	934.6
	2002	228	23,415	973.7
	2003	224	24,100	929.5
	2004	225	24,756	908.9
	2005	232	25,014	927.5
	2006	264	25,151	1,049.7
	2007	252	25,719	979.8
	2008	284	25,889	1,097.0
	2009	246	26,086	943.0
	2010	294	26,384	1,114.3
	2011	275	26,858	1,023.9
	2012	302	27,083	1,115.1
San Patricio County, TX (48409)	1999	558	67,185	830.5
	2000	525	67,138	782.0
	2001	534	66,690	800.7
	2002	539	66,820	806.6
	2003	530	66,440	797.7
	2004	521	66,990	777.7
	2005	528	67,232	785.3
	2006	497	67,022	741.5
	2007	564	66,723	845.3
	2008	527	66,417	793.5
	2009	513	65,751	780.2
	2010	605	64,804	933.6
	2011	586	64,349	910.7
	2012	615	65,268	942.3
San Saba County, TX (48411)	1999	63	6,151	1,024.2
	2000	73	6,186	1,180.1
	2001	97	6,181	1,569.3
	2002	101	6,042	1,671.6
	2003	87	5,981	1,454.6
	2004	72	6,045	1,191.1
	2005	67	5,982	1,120.0
	2006	76	5,985	1,269.8
	2007	65	5,985	1,086.0
	2008	62	5,965	1,039.4
	2009	70	6,026	1,161.6
	2010	75	6,131	1,223.3
	2011	62	6,060	1,023.1
	2012	74	6,016	1,230.1
Schleicher County, TX (48413)	1999	31	2,984	1,038.9
	2000	30	2,935	1,022.1
	2001	30	3,016	994.7
	2002	32	3,036	1,054.0
	2003	47	2,958	1,588.9
	2004	36	2,991	1,203.6
	2005	20	3,071	651.3
	2006	37	3,085	1,199.4
	2007	35	3,198	1,094.4
	2008	37	3,255	1,136.7
	2009	26	3,311	785.3
	2010	20	3,461	577.9
	2011	25	3,305	756.4
	2012	24	3,256	737.1
Scurry County, TX (48415)	1999	192	16,766	1,145.2
	2000	171	16,361	1,045.2
	2001	178	15,838	1,123.9
	2002	179	15,982	1,120.0
	2003	168	15,931	1,054.5
	2004	166	16,118	1,029.9
	2005	170	16,085	1,056.9
	2006	145	16,232	893.3
	2007	134	16,431	815.5
	2008	170	16,478	1,031.7
	2009	178	16,806	1,059.1
	2010	140	16,921	827.4
	2011	188	16,891	1,113.0
	2012	173	17,117	1,010.7
Shackelford County, TX (48417)	1999	41	3,318	1,235.7
	2000	41	3,302	1,241.7
	2001	34	3,334	1,019.8
	2002	51	3,388	1,505.3
	2003	45	3,349	1,343.7
	2004	48	3,290	1,459.0
	2005	49	3,286	1,491.2
	2006	32	3,287	973.5
	2007	48	3,357	1,429.8
	2008	33	3,314	995.8
	2009	36	3,362	1,070.8
	2010	33	3,378	976.9
	2011	36	3,339	1,078.2
	2012	32	3,368	950.1
Shelby County, TX (48419)	1999	332	24,953	1,330.5
	2000	320	25,224	1,268.6
	2001	299	25,171	1,187.9
	2002	314	25,155	1,248.3
	2003	317	25,407	1,247.7
	2004	314	25,212	1,245.4
	2005	305	25,299	1,205.6
	2006	285	25,324	1,125.4
	2007	278	25,433	1,093.1
	2008	299	25,381	1,178.0
	2009	314	25,520	1,230.4
	2010	336	25,448	1,320.3
	2011	271	25,669	1,055.7
	2012	249	25,977	958.5
Sherman County, TX (48421)	1999	20	3,171	630.7
	2000	24	3,186	753.3
	2001	30	3,131	958.2
	2002	29	3,164	916.6
	2003	36	3,113	1,156.4
	2004	29	3,045	952.4
	2005	25	2,970	841.8
	2006	26	2,946	882.6
	2007	21	2,969	707.3
	2008	21	3,035	691.9
	2009	20	3,018	662.7
	2010	25	3,034	824.0
	2011	28	3,040	921.1
	2012	30	3,057	981.4
Smith County, TX (48423)	1999	1,641	172,758	949.9
	2000	1,703	174,706	974.8
	2001	1,821	177,836	1,024.0
	2002	1,709	181,107	943.6
	2003	1,759	184,254	954.7
	2004	1,578	187,300	842.5
	2005	1,476	191,362	771.3
	2006	1,677	196,124	855.1
	2007	1,755	199,953	877.7
	2008	1,870	203,263	920.0
	2009	1,806	207,111	872.0
	2010	1,862	209,714	887.9
	2011	1,996	212,891	937.6
	2012	1,906	214,617	888.1
Somervell County, TX (48425)	1999	67	6,731	995.4
	2000	72	6,809	1,057.4
	2001	81	7,017	1,154.3
	2002	91	7,229	1,258.8
	2003	72	7,400	973.0
	2004	61	7,502	813.1
	2005	72	7,629	943.8
	2006	75	7,853	955.0
	2007	68	7,996	850.4
	2008	81	8,233	983.8
	2009	89	8,415	1,057.6
	2010	76	8,490	895.2
	2011	74	8,478	872.8
	2012	80	8,624	927.6
Starr County, TX (48427)	1999	230	53,226	432.1
	2000	249	53,597	464.6
	2001	272	54,294	501.0
	2002	295	55,412	532.4
	2003	294	56,704	518.5
	2004	282	57,857	487.4
	2005	314	58,284	538.7
	2006	278	59,050	470.8
	2007	349	59,529	586.3
	2008	367	59,763	614.1
	2009	332	60,384	549.8
	2010	406	60,968	665.9
	2011	375	61,580	609.0
	2012	356	61,669	577.3
Stephens County, TX (48429)	1999	118	9,735	1,212.1
	2000	105	9,674	1,085.4
	2001	114	9,455	1,205.7
	2002	132	9,374	1,408.2
	2003	99	9,407	1,052.4
	2004	123	9,327	1,318.8
	2005	121	9,409	1,286.0
	2006	98	9,450	1,037.0
	2007	119	9,513	1,250.9
	2008	116	9,556	1,213.9
	2009	110	9,675	1,137.0
	2010	138	9,630	1,433.0
	2011	121	9,511	1,272.2
	2012	114	9,439	1,207.8
Sterling County, TX (48431)	1999	12	1,432	838.0 (Unreliable)
	2001	12	1,341	894.9 (Unreliable)
	2002	19	1,326	1,432.9 (Unreliable)
	2003	12	1,285	933.9 (Unreliable)
	2004	14	1,261	1,110.2 (Unreliable)
	2006	12	1,124	1,067.6 (Unreliable)
	2008	12	1,169	1,026.5 (Unreliable)
	2009	23	1,160	1,982.8
	2010	14	1,143	1,224.8 (Unreliable)
	2011	18	1,166	1,543.7 (Unreliable)
	2012	10	1,183	845.3 (Unreliable)
Stonewall County, TX (48433)	1999	34	1,720	1,976.7
	2000	21	1,693	1,240.4
	2001	30	1,568	1,913.3
	2002	15	1,487	1,008.7 (Unreliable)
	2003	29	1,452	1,997.2
	2004	16	1,427	1,121.2 (Unreliable)
	2005	25	1,393	1,794.7
	2006	25	1,425	1,754.4
	2007	31	1,439	2,154.3
	2008	23	1,443	1,593.9
	2009	18	1,433	1,256.1 (Unreliable)
	2010	23	1,490	1,543.6
	2011	17	1,477	1,151.0 (Unreliable)
	2012	28	1,470	1,904.8
Sutton County, TX (48435)	1999	41	4,208	974.3
	2000	40	4,077	981.1
	2001	25	4,032	620.0
	2002	42	4,072	1,031.4
	2003	41	4,029	1,017.6
	2004	35	4,124	848.7
	2005	27	4,203	642.4
	2006	30	4,299	697.8
	2007	41	4,314	950.4
	2008	31	4,321	717.4
	2009	30	4,272	702.2
	2010	31	4,128	751.0
	2011	33	4,011	822.7
	2012	38	3,939	964.7
Swisher County, TX (48437)	1999	80	8,378	954.9
	2000	81	8,378	966.8
	2001	76	8,248	921.4
	2002	97	8,071	1,201.8
	2003	87	8,062	1,079.1
	2004	72	8,004	899.6
	2005	74	7,910	935.5
	2006	83	7,901	1,050.5
	2007	79	7,855	1,005.7
	2008	73	7,802	935.7
	2009	74	7,680	963.5
	2010	81	7,854	1,031.3
	2011	81	7,819	1,035.9
	2012	82	7,880	1,040.6
Tarrant County, TX (48439)	1999	9,289	1,422,372	653.1
	2000	9,362	1,446,219	647.3
	2001	9,693	1,490,204	650.4
	2002	9,889	1,524,249	648.8
	2003	9,527	1,553,086	613.4
	2004	9,707	1,580,595	614.1
	2005	9,900	1,612,048	614.1
	2006	10,067	1,662,005	605.7
	2007	10,434	1,707,157	611.2
	2008	10,764	1,745,602	616.6
	2009	10,498	1,784,078	588.4
	2010	11,018	1,809,034	609.1
	2011	11,016	1,848,096	596.1
	2012	11,489	1,881,445	610.6
Taylor County, TX (48441)	1999	1,217	126,335	963.3
	2000	1,142	126,555	902.4
	2001	1,178	125,920	935.5
	2002	1,175	125,920	933.1
	2003	1,202	125,542	957.4
	2004	1,203	126,702	949.5
	2005	1,177	127,248	925.0
	2006	1,174	127,838	918.3
	2007	1,168	128,503	908.9
	2008	1,206	128,903	935.6
	2009	1,275	130,247	978.9
	2010	1,225	131,506	931.5
	2011	1,153	132,747	868.6
	2012	1,308	133,984	976.2
Terrell County, TX (48443)	1999	20	1,136	1,760.6
	2000	11	1,081	1,017.6 (Unreliable)
	2002	10	1,009	991.1 (Unreliable)
	2003	14	995	1,407.0 (Unreliable)
	2004	13	939	1,384.5 (Unreliable)
	2006	11	921	1,194.4 (Unreliable)
	2007	11	886	1,241.5 (Unreliable)
	2008	14	884	1,583.7 (Unreliable)
	2011	15	953	1,574.0 (Unreliable)
	2012	12	924	1,298.7 (Unreliable)
Terry County, TX (48445)	1999	136	12,985	1,047.4
	2000	117	12,761	916.9
	2001	120	12,473	962.1
	2002	102	12,559	812.2
	2003	134	12,534	1,069.1
	2004	122	12,532	973.5
	2005	114	12,417	918.1
	2006	104	12,448	835.5
	2007	145	12,424	1,167.1
	2008	130	12,394	1,048.9
	2009	133	12,550	1,059.8
	2010	144	12,651	1,138.2
	2011	128	12,648	1,012.0
	2012	121	12,614	959.3
Throckmorton County, TX (48447)	1999	25	1,886	1,325.6
	2000	22	1,850	1,189.2
	2001	23	1,791	1,284.2
	2002	30	1,739	1,725.1
	2003	24	1,702	1,410.1
	2004	25	1,652	1,513.3
	2005	19	1,695	1,120.9 (Unreliable)
	2006	20	1,710	1,169.6
	2007	24	1,653	1,451.9
	2008	17	1,635	1,039.8 (Unreliable)
	2009	26	1,654	1,571.9
	2010	21	1,641	1,279.7
	2011	22	1,640	1,341.5
	2012	24	1,609	1,491.6
Titus County, TX (48449)	1999	281	27,920	1,006.4
	2000	267	28,118	949.6
	2001	287	28,100	1,021.4
	2002	257	28,387	905.3
	2003	246	28,947	849.8
	2004	249	29,461	845.2
	2005	244	28,803	847.1
	2006	240	29,541	812.4
	2007	267	30,231	883.2
	2008	269	30,963	868.8
	2009	249	31,749	784.3
	2010	231	32,334	714.4
	2011	265	32,423	817.3
	2012	268	32,640	821.1
Tom Green County, TX (48451)	1999	992	103,908	954.7
	2000	1,024	104,010	984.5
	2001	1,017	103,923	978.6
	2002	1,050	104,035	1,009.3
	2003	968	104,330	927.8
	2004	1,001	104,744	955.7
	2005	983	104,974	936.4
	2006	934	106,125	880.1
	2007	979	106,680	917.7
	2008	1,074	107,639	997.8
	2009	931	108,879	855.1
	2010	991	110,224	899.1
	2011	1,012	111,832	904.9
	2012	950	113,494	837.0
Travis County, TX (48453)	1999	3,873	788,500	491.2
	2000	4,001	812,280	492.6
	2001	4,006	844,877	474.2
	2002	4,098	848,090	483.2
	2003	4,096	856,315	478.3
	2004	3,993	870,809	458.5
	2005	4,056	891,266	455.1
	2006	4,359	925,151	471.2
	2007	4,471	955,399	468.0
	2008	4,534	980,699	462.3
	2009	4,380	1,006,503	435.2
	2010	4,605	1,024,266	449.6
	2011	4,637	1,062,214	436.5
	2012	5,068	1,096,246	462.3
Trinity County, TX (48455)	1999	215	13,596	1,581.3
	2000	195	13,779	1,415.2
	2001	195	13,852	1,407.7
	2002	184	14,033	1,311.2
	2003	199	14,156	1,405.8
	2004	228	14,246	1,600.4
	2005	212	14,395	1,472.7
	2006	219	14,376	1,523.4
	2007	227	14,425	1,573.7
	2008	209	14,380	1,453.4
	2009	203	14,472	1,402.7
	2010	211	14,585	1,446.7
	2011	222	14,568	1,523.9
	2012	225	14,258	1,578.1
Tyler County, TX (48457)	1999	236	20,776	1,135.9
	2000	238	20,871	1,140.3
	2001	253	20,657	1,224.8
	2002	238	20,825	1,142.9
	2003	265	20,823	1,272.6
	2004	279	21,038	1,326.2
	2005	251	20,935	1,198.9
	2006	230	21,034	1,093.5
	2007	259	21,279	1,217.2
	2008	229	21,570	1,061.7
	2009	240	21,737	1,104.1
	2010	239	21,766	1,098.0
	2011	278	21,675	1,282.6
	2012	257	21,456	1,197.8
Upshur County, TX (48459)	1999	371	35,150	1,055.5
	2000	467	35,291	1,323.3
	2001	415	35,746	1,161.0
	2002	408	36,739	1,110.5
	2003	440	37,232	1,181.8
	2004	386	37,530	1,028.5
	2005	445	37,957	1,172.4
	2006	382	38,004	1,005.2
	2007	437	38,275	1,141.7
	2008	409	38,706	1,056.7
	2009	382	39,084	977.4
	2010	435	39,309	1,106.6
	2011	465	39,832	1,167.4
	2012	431	40,005	1,077.4
Upton County, TX (48461)	1999	30	3,461	866.8
	2000	33	3,404	969.4
	2001	45	3,231	1,392.8
	2002	32	3,273	977.7
	2003	26	3,202	812.0
	2004	18	3,168	568.2 (Unreliable)
	2005	24	3,117	770.0
	2006	35	3,174	1,102.7
	2007	36	3,123	1,152.7
	2008	29	3,231	897.6
	2009	27	3,327	811.5
	2010	35	3,355	1,043.2
	2011	39	3,294	1,184.0
	2012	36	3,271	1,100.6
Uvalde County, TX (48463)	1999	202	25,901	779.9
	2000	223	25,926	860.1
	2001	256	25,939	986.9
	2002	240	26,309	912.2
	2003	253	26,258	963.5
	2004	228	26,205	870.1
	2005	213	26,368	807.8
	2006	207	26,301	787.0
	2007	225	26,217	858.2
	2008	228	26,206	870.0
	2009	248	26,223	945.7
	2010	218	26,405	825.6
	2011	214	26,560	805.7
	2012	259	26,726	969.1
Val Verde County, TX (48465)	1999	327	44,366	737.1
	2000	312	44,856	695.6
	2001	315	45,144	697.8
	2002	325	45,495	714.4
	2003	282	46,184	610.6
	2004	282	46,941	600.8
	2005	303	47,108	643.2
	2006	315	47,401	664.5
	2007	354	47,676	742.5
	2008	324	47,882	676.7
	2009	335	48,463	691.2
	2010	334	48,879	683.3
	2011	331	48,867	677.3
	2012	340	48,693	698.3
Van Zandt County, TX (48467)	1999	595	47,202	1,260.5
	2000	577	48,140	1,198.6
	2001	591	48,932	1,207.8
	2002	590	49,953	1,181.1
	2003	577	50,293	1,147.3
	2004	567	51,366	1,103.8
	2005	586	51,579	1,136.1
	2006	577	52,194	1,105.5
	2007	656	52,151	1,257.9
	2008	653	52,470	1,244.5
	2009	615	52,359	1,174.6
	2010	646	52,579	1,228.6
	2011	632	52,667	1,200.0
	2012	634	52,407	1,209.8
Victoria County, TX (48469)	1999	680	83,984	809.7
	2000	661	84,088	786.1
	2001	700	84,491	828.5
	2002	714	84,573	844.2
	2003	711	84,674	839.7
	2004	692	84,718	816.8
	2005	754	84,453	892.8
	2006	744	84,528	880.2
	2007	798	85,261	935.9
	2008	739	85,762	861.7
	2009	719	86,635	829.9
	2010	707	86,793	814.6
	2011	748	87,495	854.9
	2012	801	89,325	896.7
Walker County, TX (48471)	1999	444	61,476	722.2
	2000	435	61,758	704.4
	2001	419	62,444	671.0
	2002	412	62,216	662.2
	2003	429	63,609	674.4
	2004	433	64,551	670.8
	2005	389	65,676	592.3
	2006	424	65,591	646.4
	2007	453	65,517	691.4
	2008	454	65,726	690.7
	2009	506	66,748	758.1
	2010	472	67,861	695.5
	2011	466	68,310	682.2
	2012	511	68,458	746.4
Waller County, TX (48473)	1999	218	31,743	686.8
	2000	224	32,663	685.8
	2001	238	33,747	705.2
	2002	245	35,060	698.8
	2003	264	36,333	726.6
	2004	247	36,850	670.3
	2005	298	37,242	800.2
	2006	263	38,260	687.4
	2007	275	39,809	690.8
	2008	255	40,578	628.4
	2009	275	42,087	653.4
	2010	286	43,205	662.0
	2011	271	44,041	615.3
	2012	281	44,376	633.2
Ward County, TX (48475)	1999	114	11,194	1,018.4
	2000	115	10,909	1,054.2
	2001	83	10,459	793.6
	2002	119	10,337	1,151.2
	2003	98	10,237	957.3
	2004	109	10,189	1,069.8
	2005	97	10,232	948.0
	2006	115	10,301	1,116.4
	2007	116	10,275	1,129.0
	2008	114	10,588	1,076.7
	2009	99	10,734	922.3
	2010	96	10,658	900.7
	2011	115	10,703	1,074.5
	2012	122	10,887	1,120.6
Washington County, TX (48477)	1999	320	30,128	1,062.1
	2000	355	30,373	1,168.8
	2001	341	30,433	1,120.5
	2002	343	30,741	1,115.8
	2003	370	30,995	1,193.7
	2004	347	31,330	1,107.6
	2005	351	31,710	1,106.9
	2006	337	32,199	1,046.6
	2007	375	32,434	1,156.2
	2008	361	32,869	1,098.3
	2009	354	33,459	1,058.0
	2010	350	33,718	1,038.0
	2011	367	34,008	1,079.2
	2012	376	33,943	1,107.7
Webb County, TX (48479)	1999	858	189,014	453.9
	2000	904	193,117	468.1
	2001	1,015	200,347	506.6
	2002	1,004	206,001	487.4
	2003	1,027	211,786	484.9
	2004	946	217,858	434.2
	2005	1,085	223,703	485.0
	2006	1,033	229,307	450.5
	2007	1,082	234,594	461.2
	2008	1,139	240,287	474.0
	2009	1,084	245,908	440.8
	2010	1,203	250,304	480.6
	2011	1,174	255,213	460.0
	2012	1,283	259,211	495.0
Wharton County, TX (48481)	1999	411	41,071	1,000.7
	2000	345	41,188	837.6
	2001	424	40,991	1,034.4
	2002	440	40,915	1,075.4
	2003	436	41,026	1,062.7
	2004	451	40,992	1,100.2
	2005	414	40,987	1,010.1
	2006	371	41,073	903.3
	2007	399	40,845	976.9
	2008	370	40,893	904.8
	2009	377	40,998	919.6
	2010	399	41,280	966.6
	2011	401	41,239	972.4
	2012	418	41,150	1,015.8
Wheeler County, TX (48483)	1999	88	5,378	1,636.3
	2000	66	5,284	1,249.1
	2001	99	5,170	1,914.9
	2002	91	5,094	1,786.4
	2003	82	4,926	1,664.6
	2004	72	4,934	1,459.3
	2005	90	4,945	1,820.0
	2006	71	5,055	1,404.5
	2007	78	5,138	1,518.1
	2008	47	5,199	904.0
	2009	65	5,375	1,209.3
	2010	58	5,410	1,072.1
	2011	55	5,475	1,004.6
	2012	71	5,622	1,262.9
Wichita County, TX (48485)	1999	1,299	132,246	982.3
	2000	1,263	131,664	959.3
	2001	1,299	130,790	993.2
	2002	1,313	130,761	1,004.1
	2003	1,263	130,411	968.5
	2004	1,293	131,677	981.9
	2005	1,307	130,767	999.5
	2006	1,291	131,376	982.7
	2007	1,284	130,564	983.4
	2008	1,258	130,340	965.2
	2009	1,253	130,913	957.1
	2010	1,336	131,500	1,016.0
	2011	1,296	130,674	991.8
	2012	1,286	131,488	978.0
Wilbarger County, TX (48487)	1999	171	14,707	1,162.7
	2000	186	14,676	1,267.4
	2001	180	14,299	1,258.8
	2002	195	14,248	1,368.6
	2003	206	14,023	1,469.0
	2004	182	13,879	1,311.3
	2005	169	13,830	1,222.0
	2006	178	13,835	1,286.6
	2007	190	13,746	1,382.2
	2008	166	13,506	1,229.1
	2009	156	13,575	1,149.2
	2010	160	13,535	1,182.1
	2011	144	13,408	1,074.0
	2012	171	13,235	1,292.0
Willacy County, TX (48489)	1999	117	19,982	585.5
	2000	101	20,082	502.9
	2001	102	20,016	509.6
	2002	108	20,198	534.7
	2003	103	20,418	504.5
	2004	117	20,767	563.4
	2005	143	21,229	673.6
	2006	117	21,463	545.1
	2007	144	21,576	667.4
	2008	116	21,763	533.0
	2009	163	21,862	745.6
	2010	143	22,134	646.1
	2011	141	22,115	637.6
	2012	167	22,094	755.9
Williamson County, TX (48491)	1999	1,135	236,609	479.7
	2000	1,187	249,967	474.9
	2001	1,163	276,940	419.9
	2002	1,310	290,112	451.5
	2003	1,384	302,895	456.9
	2004	1,413	316,532	446.4
	2005	1,468	332,169	441.9
	2006	1,557	351,970	442.4
	2007	1,618	373,723	432.9
	2008	1,765	395,437	446.3
	2009	1,742	410,800	424.1
	2010	1,879	422,679	444.5
	2011	2,003	442,339	452.8
	2012	2,138	456,359	468.5
Wilson County, TX (48493)	1999	254	31,631	803.0
	2000	250	32,408	771.4
	2001	241	33,408	721.4
	2002	280	34,254	817.4
	2003	288	35,458	812.2
	2004	301	36,721	819.7
	2005	306	37,706	811.5
	2006	302	39,007	774.2
	2007	311	40,354	770.7
	2008	325	41,657	780.2
	2009	312	42,181	739.7
	2010	324	42,918	754.9
	2011	324	43,689	741.6
	2012	336	44,396	756.8
Winkler County, TX (48495)	1999	87	7,389	1,177.4
	2000	82	7,173	1,143.2
	2001	77	7,056	1,091.3
	2002	79	6,960	1,135.1
	2003	69	6,738	1,024.0
	2004	87	6,735	1,291.8
	2005	74	6,578	1,125.0
	2006	83	6,642	1,249.6
	2007	78	6,775	1,151.3
	2008	67	7,024	953.9
	2009	59	7,128	827.7
	2010	70	7,110	984.5
	2011	53	7,138	742.5
	2012	82	7,345	1,116.4
Wise County, TX (48497)	1999	412	46,965	877.2
	2000	437	48,793	895.6
	2001	395	50,927	775.6
	2002	449	52,381	857.2
	2003	438	53,691	815.8
	2004	431	54,497	790.9
	2005	427	55,613	767.8
	2006	432	56,569	763.7
	2007	480	57,247	838.5
	2008	475	58,181	816.4
	2009	479	59,134	810.0
	2010	437	59,127	739.1
	2011	479	59,909	799.5
	2012	498	60,387	824.7
Wood County, TX (48499)	1999	493	36,184	1,362.5
	2000	493	36,752	1,341.4
	2001	527	37,288	1,413.3
	2002	543	37,633	1,442.9
	2003	547	38,915	1,405.6
	2004	496	39,600	1,252.5
	2005	512	39,917	1,282.7
	2006	516	41,099	1,255.5
	2007	538	41,414	1,299.1
	2008	585	41,722	1,402.1
	2009	580	41,870	1,385.2
	2010	573	41,964	1,365.5
	2011	568	42,086	1,349.6
	2012	627	42,157	1,487.3
Yoakum County, TX (48501)	1999	61	7,455	818.2
	2000	54	7,322	737.5
	2001	50	7,299	685.0
	2002	56	7,212	776.5
	2003	59	7,235	815.5
	2004	50	7,362	679.2
	2005	69	7,404	931.9
	2006	43	7,404	580.8
	2007	48	7,588	632.6
	2008	58	7,765	746.9
	2009	53	7,908	670.2
	2010	66	7,879	837.7
	2011	50	7,992	625.6
	2012	74	8,060	918.1
Young County, TX (48503)	1999	269	17,973	1,496.7
	2000	280	17,943	1,560.5
	2001	256	17,659	1,449.7
	2002	267	17,665	1,511.5
	2003	236	17,892	1,319.0
	2004	255	17,921	1,422.9
	2005	236	17,801	1,325.8
	2006	280	18,227	1,536.2
	2007	251	18,135	1,384.1
	2008	258	18,104	1,425.1
	2009	236	18,466	1,278.0
	2010	241	18,550	1,299.2
	2011	249	18,340	1,357.7
	2012	239	18,299	1,306.1
Zapata County, TX (48505)	1999	94	12,031	781.3
	2000	79	12,182	648.5
	2001	89	12,266	725.6
	2002	79	12,514	631.3
	2003	88	12,584	699.3
	2004	66	12,727	518.6
	2005	103	13,043	789.7
	2006	64	13,069	489.7
	2007	71	13,388	530.3
	2008	85	13,640	623.2
	2009	99	13,876	713.5
	2010	85	14,018	606.4
	2011	90	14,214	633.2
	2012	71	14,273	497.4
Zavala County, TX (48507)	1999	99	11,590	854.2
	2000	107	11,600	922.4
	2001	102	11,596	879.6
	2002	74	11,616	637.1
	2003	91	11,513	790.4
	2004	77	11,512	668.9
	2005	107	11,565	925.2
	2006	95	11,642	816.0
	2007	76	11,657	652.0
	2008	91	11,725	776.1
	2009	77	11,544	667.0
	2010	65	11,677	556.6
	2011	91	11,843	768.4
	2012	90	11,973	751.7
