
                        
                      	Year	
                        
                      	
                        
                      	
                        
                      
Adair County, KY (21001)	1968	177	12,443	1,422.5
	1969	160	12,707	1,259.1
	1970	159	13,034	1,219.9
	1971	154	13,619	1,130.8
	1972	188	14,353	1,309.8
	1973	154	14,439	1,066.6
	1974	159	14,564	1,091.7
	1975	189	14,655	1,289.7
	1976	177	14,786	1,197.1
	1977	163	15,071	1,081.5
	1978	149	15,050	990.0
	Total	1,829	154,721	1,182.1
Allen County, KY (21003)	1968	186	12,184	1,526.6
	1969	175	12,401	1,411.2
	1970	176	12,587	1,398.3
	1971	180	12,920	1,393.2
	1972	178	12,954	1,374.1
	1973	176	13,171	1,336.3
	1974	171	13,463	1,270.1
	1975	185	13,672	1,353.1
	1976	175	13,575	1,289.1
	1977	161	13,607	1,183.2
	1978	161	13,686	1,176.4
	Total	1,924	144,220	1,334.1
Anderson County, KY (21005)	1968	87	8,531	1,019.8
	1969	98	8,973	1,092.2
	1970	99	9,361	1,057.6
	1971	106	10,007	1,059.3
	1972	92	10,150	906.4
	1973	87	10,208	852.3
	1974	99	10,475	945.1
	1975	109	10,734	1,015.5
	1976	93	11,053	841.4
	1977	99	11,416	867.2
	1978	106	11,606	913.3
	Total	1,075	112,514	955.4
Ballard County, KY (21007)	1968	109	7,697	1,416.1
	1969	118	8,024	1,470.6
	1970	115	8,274	1,389.9
	1971	131	8,776	1,492.7
	1972	116	8,738	1,327.5
	1973	116	8,408	1,379.6
	1974	120	8,296	1,446.5
	1975	120	8,299	1,446.0
	1976	115	8,484	1,355.5
	1977	118	8,555	1,379.3
	1978	113	8,780	1,287.0
	Total	1,291	92,331	1,398.2
Barren County, KY (21009)	1968	294	27,284	1,077.6
	1969	354	28,005	1,264.1
	1970	340	28,725	1,183.6
	1971	316	29,873	1,057.8
	1972	334	30,057	1,111.2
	1973	355	30,777	1,153.5
	1974	353	31,271	1,128.8
	1975	324	31,891	1,016.0
	1976	305	32,304	944.2
	1977	320	32,985	970.1
	1978	364	33,270	1,094.1
	Total	3,659	336,442	1,087.6
Bath County, KY (21011)	1968	105	8,991	1,167.8
	1969	119	9,156	1,299.7
	1970	115	9,248	1,243.5
	1971	112	9,395	1,192.1
	1972	118	9,519	1,239.6
	1973	120	9,563	1,254.8
	1974	103	9,636	1,068.9
	1975	97	9,755	994.4
	1976	112	9,645	1,161.2
	1977	107	9,696	1,103.5
	1978	89	9,869	901.8
	Total	1,197	104,473	1,145.8
Bell County, KY (21013)	1968	411	30,237	1,359.3
	1969	408	30,751	1,326.8
	1970	401	31,203	1,285.1
	1971	431	32,021	1,346.0
	1972	400	32,452	1,232.6
	1973	402	33,086	1,215.0
	1974	379	33,070	1,146.1
	1975	400	33,704	1,186.8
	1976	392	34,522	1,135.5
	1977	368	34,530	1,065.7
	1978	388	34,489	1,125.0
	Total	4,380	360,065	1,216.4
Boone County, KY (21015)	1968	245	31,070	788.5
	1969	221	32,026	690.1
	1970	225	32,859	684.7
	1971	245	34,180	716.8
	1972	206	34,509	596.9
	1973	269	35,819	751.0
	1974	238	37,150	640.6
	1975	244	38,273	637.5
	1976	261	39,596	659.2
	1977	299	41,464	721.1
	1978	293	43,152	679.0
	Total	2,746	400,098	686.3
Bourbon County, KY (21017)	1968	231	18,154	1,272.4
	1969	217	18,338	1,183.3
	1970	203	18,477	1,098.7
	1971	201	18,719	1,073.8
	1972	230	18,665	1,232.3
	1973	197	18,954	1,039.4
	1974	218	18,876	1,154.9
	1975	210	18,932	1,109.2
	1976	185	18,861	980.9
	1977	178	19,015	936.1
	1978	213	19,261	1,105.9
	Total	2,283	206,252	1,106.9
Boyd County, KY (21019)	1968	491	51,885	946.3
	1969	543	52,151	1,041.2
	1970	509	52,508	969.4
	1971	519	52,941	980.3
	1972	600	53,116	1,129.6
	1973	559	52,372	1,067.4
	1974	555	52,270	1,061.8
	1975	567	52,985	1,070.1
	1976	531	53,154	999.0
	1977	583	54,100	1,077.6
	1978	543	55,421	979.8
	Total	6,000	582,903	1,029.3
Boyle County, KY (21021)	1968	248	20,916	1,185.7
	1969	234	21,451	1,090.9
	1970	248	21,906	1,132.1
	1971	266	22,729	1,170.3
	1972	220	22,926	959.6
	1973	274	22,943	1,194.3
	1974	245	22,925	1,068.7
	1975	218	23,533	926.4
	1976	241	24,176	996.9
	1977	215	24,451	879.3
	1978	259	24,824	1,043.3
	Total	2,668	252,780	1,055.5
Bracken County, KY (21023)	1968	98	7,027	1,394.6
	1969	115	7,136	1,611.5
	1970	95	7,257	1,309.1
	1971	112	7,385	1,516.6
	1972	114	7,549	1,510.1
	1973	102	7,566	1,348.1
	1974	121	7,695	1,572.4
	1975	109	7,576	1,438.8
	1976	96	7,727	1,242.4
	1977	120	7,830	1,532.6
	1978	94	7,764	1,210.7
	Total	1,176	82,512	1,425.2
Breathitt County, KY (21025)	1968	122	14,096	865.5
	1969	146	14,187	1,029.1
	1970	142	14,236	997.5
	1971	107	14,393	743.4
	1972	152	14,805	1,026.7
	1973	141	14,940	943.8
	1974	156	15,077	1,034.7
	1975	137	15,654	875.2
	1976	111	16,383	677.5
	1977	127	16,892	751.8
	1978	130	16,833	772.3
	Total	1,471	167,496	878.2
Breckinridge County, KY (21027)	1968	195	14,327	1,361.1
	1969	195	14,587	1,336.8
	1970	195	14,810	1,316.7
	1971	201	15,195	1,322.8
	1972	184	15,352	1,198.5
	1973	177	15,320	1,155.4
	1974	170	15,558	1,092.7
	1975	191	15,723	1,214.8
	1976	170	16,242	1,046.7
	1977	168	16,678	1,007.3
	1978	175	16,690	1,048.5
	Total	2,021	170,482	1,185.5
Bullitt County, KY (21029)	1968	162	23,356	693.6
	1969	135	24,804	544.3
	1970	169	26,054	648.7
	1971	167	28,300	590.1
	1972	194	30,072	645.1
	1973	196	30,964	633.0
	1974	163	33,098	492.5
	1975	151	34,444	438.4
	1976	198	36,625	540.6
	1977	194	38,830	499.6
	1978	224	41,068	545.4
	Total	1,953	347,615	561.8
Butler County, KY (21031)	1968	136	9,409	1,445.4
	1969	118	9,627	1,225.7
	1970	125	9,723	1,285.6
	1971	117	9,980	1,172.3
	1972	150	10,107	1,484.1
	1973	127	10,414	1,219.5
	1974	133	10,377	1,281.7
	1975	126	10,468	1,203.7
	1976	135	10,804	1,249.5
	1977	129	11,134	1,158.6
	1978	123	11,104	1,107.7
	Total	1,419	113,147	1,254.1
Caldwell County, KY (21033)	1968	211	13,076	1,613.6
	1969	203	13,123	1,546.9
	1970	193	13,234	1,458.4
	1971	210	13,270	1,582.5
	1972	182	13,036	1,396.1
	1973	204	13,142	1,552.3
	1974	194	13,124	1,478.2
	1975	209	13,398	1,559.9
	1976	177	13,307	1,330.1
	1977	184	13,391	1,374.1
	1978	164	13,500	1,214.8
	Total	2,131	145,601	1,463.6
Calloway County, KY (21035)	1968	274	27,457	997.9
	1969	262	27,636	948.0
	1970	295	27,723	1,064.1
	1971	288	27,982	1,029.2
	1972	280	27,668	1,012.0
	1973	295	27,530	1,071.6
	1974	328	28,393	1,155.2
	1975	296	28,685	1,031.9
	1976	302	28,737	1,050.9
	1977	327	28,557	1,145.1
	1978	302	29,172	1,035.2
	Total	3,249	309,540	1,049.6
Campbell County, KY (21037)	1968	1,040	89,085	1,167.4
	1969	982	88,692	1,107.2
	1970	1,049	88,817	1,181.1
	1971	1,054	88,636	1,189.1
	1972	1,006	88,260	1,139.8
	1973	978	86,689	1,128.2
	1974	962	85,521	1,124.9
	1975	948	86,084	1,101.2
	1976	937	85,217	1,099.5
	1977	918	84,994	1,080.1
	1978	938	84,546	1,109.5
	Total	10,812	956,541	1,130.3
Carlisle County, KY (21039)	1968	75	5,293	1,417.0
	1969	86	5,346	1,608.7
	1970	89	5,344	1,665.4
	1971	79	5,353	1,475.8
	1972	88	5,274	1,668.6
	1973	64	5,295	1,208.7
	1974	63	5,231	1,204.4
	1975	78	5,364	1,454.1
	1976	82	5,364	1,528.7
	1977	73	5,510	1,324.9
	1978	66	5,622	1,174.0
	Total	843	58,996	1,428.9
Carroll County, KY (21041)	1968	124	8,422	1,472.3
	1969	124	8,459	1,465.9
	1970	112	8,512	1,315.8
	1971	100	8,631	1,158.6
	1972	90	8,491	1,059.9
	1973	116	8,973	1,292.8
	1974	102	8,867	1,150.3
	1975	112	9,092	1,231.9
	1976	93	8,951	1,039.0
	1977	117	9,088	1,287.4
	1978	117	9,190	1,273.1
	Total	1,207	96,676	1,248.5
Carter County, KY (21043)	1968	193	19,081	1,011.5
	1969	177	19,533	906.2
	1970	219	19,923	1,099.2
	1971	204	20,507	994.8
	1972	166	20,678	802.8
	1973	197	21,282	925.7
	1974	230	21,668	1,061.5
	1975	214	23,186	923.0
	1976	208	23,354	890.6
	1977	199	24,204	822.2
	1978	241	24,472	984.8
	Total	2,248	237,888	945.0
Casey County, KY (21045)	1968	136	12,901	1,054.2
	1969	141	12,905	1,092.6
	1970	136	12,966	1,048.9
	1971	144	12,985	1,109.0
	1972	134	13,289	1,008.4
	1973	157	13,665	1,148.9
	1974	145	13,936	1,040.5
	1975	138	14,345	962.0
	1976	116	14,427	804.0
	1977	152	14,625	1,039.3
	1978	125	14,698	850.5
	Total	1,524	150,742	1,011.0
Christian County, KY (21047)	1968	547	53,233	1,027.6
	1969	497	55,084	902.3
	1970	534	56,570	944.0
	1971	490	59,497	823.6
	1972	552	59,237	931.9
	1973	573	66,417	862.7
	1974	540	68,949	783.2
	1975	473	66,599	710.2
	1976	519	66,339	782.3
	1977	576	66,794	862.4
	1978	523	68,161	767.3
	Total	5,824	686,880	847.9
Clark County, KY (21049)	1968	250	22,663	1,103.1
	1969	237	23,463	1,010.1
	1970	230	24,116	953.7
	1971	270	25,258	1,069.0
	1972	246	25,950	948.0
	1973	263	26,057	1,009.3
	1974	243	26,537	915.7
	1975	203	26,668	761.2
	1976	249	27,119	918.2
	1977	256	27,510	930.6
	1978	251	28,160	891.3
	Total	2,698	283,501	951.7
Clay County, KY (21051)	1968	161	17,603	914.6
	1969	163	18,058	902.6
	1970	203	18,527	1,095.7
	1971	176	19,307	911.6
	1972	170	19,306	880.6
	1973	199	19,678	1,011.3
	1974	177	20,293	872.2
	1975	159	21,221	749.3
	1976	175	21,825	801.8
	1977	188	22,313	842.6
	1978	168	22,290	753.7
	Total	1,939	220,421	879.7
Clinton County, KY (21053)	1968	88	8,010	1,098.6
	1969	84	8,117	1,034.9
	1970	87	8,191	1,062.1
	1971	89	8,327	1,068.8
	1972	98	8,637	1,134.7
	1973	95	8,723	1,089.1
	1974	84	8,833	951.0
	1975	97	8,921	1,087.3
	1976	86	8,968	959.0
	1977	91	9,160	993.4
	1978	73	9,227	791.2
	Total	972	95,114	1,021.9
Crittenden County, KY (21055)	1968	131	8,202	1,597.2
	1969	114	8,371	1,361.8
	1970	128	8,512	1,503.8
	1971	136	8,716	1,560.3
	1972	142	8,967	1,583.6
	1973	122	9,001	1,355.4
	1974	148	9,140	1,619.3
	1975	111	8,911	1,245.7
	1976	107	9,022	1,186.0
	1977	119	9,080	1,310.6
	1978	129	9,077	1,421.2
	Total	1,387	96,999	1,429.9
Cumberland County, KY (21057)	1968	92	6,857	1,341.7
	1969	104	6,851	1,518.0
	1970	89	6,831	1,302.9
	1971	100	6,874	1,454.8
	1972	98	6,838	1,433.2
	1973	105	6,959	1,508.8
	1974	90	6,941	1,296.6
	1975	90	7,056	1,275.5
	1976	95	7,187	1,321.8
	1977	82	7,406	1,107.2
	1978	83	7,384	1,124.1
	Total	1,028	77,184	1,331.9
Daviess County, KY (21059)	1968	725	78,548	923.0
	1969	720	79,013	911.2
	1970	725	79,636	910.4
	1971	745	80,376	926.9
	1972	772	80,288	961.5
	1973	747	81,366	918.1
	1974	754	81,941	920.2
	1975	731	82,460	886.5
	1976	771	82,777	931.4
	1977	777	83,258	933.2
	1978	790	84,162	938.7
	Total	8,257	893,825	923.8
Edmonson County, KY (21061)	1968	76	7,783	976.5
	1969	76	8,274	918.5
	1970	90	8,732	1,030.7
	1971	77	9,591	802.8
	1972	100	9,583	1,043.5
	1973	98	9,218	1,063.1
	1974	93	9,431	986.1
	1975	76	9,687	784.6
	1976	100	9,821	1,018.2
	1977	110	9,993	1,100.8
	1978	76	9,912	766.7
	Total	972	102,025	952.7
Elliott County, KY (21063)	1968	42	5,901	711.7
	1969	49	5,917	828.1
	1970	63	5,919	1,064.4
	1971	66	5,958	1,107.8
	1972	56	5,930	944.4
	1973	60	5,949	1,008.6
	1974	57	5,954	957.3
	1975	59	6,115	964.8
	1976	56	6,222	900.0
	1977	47	6,459	727.7
	1978	51	6,701	761.1
	Total	606	67,025	904.1
Estill County, KY (21065)	1968	126	12,215	1,031.5
	1969	141	12,499	1,128.1
	1970	133	12,746	1,043.5
	1971	151	13,187	1,145.1
	1972	134	13,587	986.2
	1973	154	13,364	1,152.3
	1974	156	13,460	1,159.0
	1975	144	13,725	1,049.2
	1976	137	13,917	984.4
	1977	137	14,255	961.1
	1978	148	14,452	1,024.1
	Total	1,561	147,407	1,059.0
Fayette County, KY (21067)	1968	1,421	168,908	841.3
	1969	1,331	172,096	773.4
	1970	1,443	174,967	824.7
	1971	1,457	179,610	811.2
	1972	1,438	185,412	775.6
	1973	1,552	188,302	824.2
	1974	1,430	193,958	737.3
	1975	1,541	193,353	797.0
	1976	1,413	197,331	716.1
	1977	1,441	199,857	721.0
	1978	1,500	200,112	749.6
	Total	15,967	2,053,906	777.4
Fleming County, KY (21069)	1968	123	11,019	1,116.3
	1969	142	11,177	1,270.5
	1970	156	11,379	1,370.9
	1971	130	11,694	1,111.7
	1972	152	11,785	1,289.8
	1973	153	11,644	1,314.0
	1974	154	11,648	1,322.1
	1975	135	11,869	1,137.4
	1976	138	12,031	1,147.0
	1977	141	11,966	1,178.3
	1978	128	11,826	1,082.4
	Total	1,552	128,038	1,212.1
Floyd County, KY (21071)	1968	345	33,044	1,044.1
	1969	326	34,590	942.5
	1970	391	35,938	1,088.0
	1971	421	38,386	1,096.8
	1972	350	39,855	878.2
	1973	341	40,220	847.8
	1974	384	40,847	940.1
	1975	396	42,939	922.2
	1976	352	45,445	774.6
	1977	344	46,897	733.5
	1978	362	47,602	760.5
	Total	4,012	445,763	900.0
Franklin County, KY (21073)	1968	318	33,336	953.9
	1969	322	33,992	947.3
	1970	371	34,588	1,072.6
	1971	340	35,467	958.6
	1972	322	35,715	901.6
	1973	341	36,980	922.1
	1974	330	37,433	881.6
	1975	323	38,250	844.4
	1976	320	38,979	821.0
	1977	331	40,357	820.2
	1978	377	41,125	916.7
	Total	3,695	406,222	909.6
Fulton County, KY (21075)	1968	165	9,939	1,660.1
	1969	176	10,083	1,745.5
	1970	167	10,186	1,639.5
	1971	177	10,441	1,695.2
	1972	160	9,971	1,604.7
	1973	150	9,540	1,572.3
	1974	157	9,190	1,708.4
	1975	183	9,299	1,968.0
	1976	136	9,294	1,463.3
	1977	180	9,283	1,939.0
	1978	163	9,041	1,802.9
	Total	1,814	106,267	1,707.0
Gallatin County, KY (21077)	1968	66	3,981	1,657.9
	1969	46	4,069	1,130.5
	1970	52	4,135	1,257.6
	1971	49	4,238	1,156.2
	1972	56	4,339	1,290.6
	1973	75	4,464	1,680.1
	1974	56	4,554	1,229.7
	1975	54	4,541	1,189.2
	1976	55	4,610	1,193.1
	1977	50	4,627	1,080.6
	1978	53	4,782	1,108.3
	Total	612	48,340	1,266.0
Garrard County, KY (21079)	1968	105	9,538	1,100.9
	1969	91	9,476	960.3
	1970	113	9,465	1,193.9
	1971	94	9,397	1,000.3
	1972	120	9,438	1,271.5
	1973	114	9,694	1,176.0
	1974	90	9,742	923.8
	1975	100	10,331	968.0
	1976	110	10,306	1,067.3
	1977	101	10,498	962.1
	1978	87	10,717	811.8
	Total	1,125	108,602	1,035.9
Grant County, KY (21081)	1968	168	9,258	1,814.6
	1969	121	9,664	1,252.1
	1970	118	10,018	1,177.9
	1971	129	10,636	1,212.9
	1972	110	10,863	1,012.6
	1973	154	11,300	1,362.8
	1974	127	11,222	1,131.7
	1975	125	11,516	1,085.4
	1976	111	11,865	935.5
	1977	119	12,123	981.6
	1978	127	12,289	1,033.4
	Total	1,409	120,754	1,166.8
Graves County, KY (21083)	1968	414	30,279	1,367.3
	1969	391	30,620	1,276.9
	1970	413	30,945	1,334.6
	1971	413	31,490	1,311.5
	1972	406	31,631	1,283.6
	1973	408	31,955	1,276.8
	1974	409	32,445	1,260.6
	1975	392	32,663	1,200.1
	1976	371	33,169	1,118.5
	1977	400	33,109	1,208.1
	1978	384	33,634	1,141.7
	Total	4,401	351,940	1,250.5
Grayson County, KY (21085)	1968	185	15,296	1,209.5
	1969	176	15,946	1,103.7
	1970	169	16,489	1,024.9
	1971	217	17,431	1,244.9
	1972	184	17,783	1,034.7
	1973	196	17,761	1,103.5
	1974	180	17,995	1,000.3
	1975	211	18,627	1,132.8
	1976	206	19,449	1,059.2
	1977	193	20,003	964.9
	1978	214	20,280	1,055.2
	Total	2,131	197,060	1,081.4
Green County, KY (21087)	1968	124	10,251	1,209.6
	1969	110	10,262	1,071.9
	1970	127	10,348	1,227.3
	1971	110	10,407	1,057.0
	1972	106	10,582	1,001.7
	1973	145	10,485	1,382.9
	1974	101	10,655	947.9
	1975	121	10,723	1,128.4
	1976	107	10,694	1,000.6
	1977	109	10,805	1,008.8
	1978	116	10,850	1,069.1
	Total	1,276	116,062	1,099.4
Greenup County, KY (21089)	1968	300	32,373	926.7
	1969	279	32,731	852.4
	1970	277	33,162	835.3
	1971	264	33,769	781.8
	1972	290	34,002	852.9
	1973	309	34,106	906.0
	1974	290	34,382	843.5
	1975	316	35,206	897.6
	1976	288	36,189	795.8
	1977	309	37,153	831.7
	1978	329	37,972	866.4
	Total	3,251	381,045	853.2
Hancock County, KY (21091)	1968	57	6,749	844.6
	1969	61	6,919	881.6
	1970	73	7,073	1,032.1
	1971	83	7,322	1,133.6
	1972	62	7,276	852.1
	1973	79	7,144	1,105.8
	1974	76	7,298	1,041.4
	1975	90	7,368	1,221.5
	1976	74	7,441	994.5
	1977	58	7,426	781.0
	1978	67	7,487	894.9
	Total	780	79,503	981.1
Hardin County, KY (21093)	1968	391	81,055	482.4
	1969	416	79,658	522.2
	1970	422	79,187	532.9
	1971	410	79,586	515.2
	1972	436	77,315	563.9
	1973	412	70,063	588.0
	1974	412	75,127	548.4
	1975	413	79,980	516.4
	1976	466	86,907	536.2
	1977	405	86,904	466.0
	1978	419	84,105	498.2
	Total	4,602	879,887	523.0
Harlan County, KY (21095)	1968	452	35,499	1,273.3
	1969	456	36,498	1,249.4
	1970	482	37,476	1,286.2
	1971	518	39,179	1,322.1
	1972	498	40,396	1,232.8
	1973	499	40,403	1,235.1
	1974	451	40,463	1,114.6
	1975	433	41,212	1,050.7
	1976	461	42,297	1,089.9
	1977	505	42,660	1,183.8
	1978	452	42,771	1,056.8
	Total	5,207	438,854	1,186.5
Harrison County, KY (21097)	1968	172	14,117	1,218.4
	1969	212	14,152	1,498.0
	1970	182	14,184	1,283.1
	1971	177	14,230	1,243.9
	1972	196	14,238	1,376.6
	1973	187	14,583	1,282.3
	1974	179	14,736	1,214.7
	1975	186	14,886	1,249.5
	1976	163	15,012	1,085.8
	1977	190	15,053	1,262.2
	1978	182	15,028	1,211.1
	Total	2,026	160,219	1,264.5
Hart County, KY (21099)	1968	152	13,157	1,155.3
	1969	150	13,620	1,101.3
	1970	149	13,968	1,066.7
	1971	184	14,612	1,259.2
	1972	146	14,667	995.4
	1973	190	14,709	1,291.7
	1974	161	14,737	1,092.5
	1975	172	14,882	1,155.8
	1976	158	15,054	1,049.6
	1977	154	15,248	1,010.0
	1978	162	15,164	1,068.3
	Total	1,778	159,818	1,112.5
Henderson County, KY (21101)	1968	370	36,054	1,026.2
	1969	392	35,963	1,090.0
	1970	368	36,081	1,019.9
	1971	378	36,125	1,046.4
	1972	354	36,231	977.1
	1973	386	36,938	1,045.0
	1974	367	37,117	988.8
	1975	417	37,245	1,119.6
	1976	377	37,578	1,003.2
	1977	411	38,352	1,071.7
	1978	387	39,297	984.8
	Total	4,207	406,981	1,033.7
Henry County, KY (21103)	1968	184	10,898	1,688.4
	1969	140	10,902	1,284.2
	1970	151	10,941	1,380.1
	1971	132	10,960	1,204.4
	1972	144	10,960	1,313.9
	1973	156	11,082	1,407.7
	1974	142	11,331	1,253.2
	1975	131	11,576	1,131.7
	1976	125	11,647	1,073.2
	1977	141	11,902	1,184.7
	1978	148	12,076	1,225.6
	Total	1,594	124,275	1,282.6
Hickman County, KY (21105)	1968	91	5,921	1,536.9
	1969	94	6,108	1,539.0
	1970	101	6,262	1,612.9
	1971	103	6,511	1,581.9
	1972	106	6,405	1,655.0
	1973	87	6,472	1,344.3
	1974	91	6,451	1,410.6
	1975	93	6,346	1,465.5
	1976	85	6,168	1,378.1
	1977	90	6,114	1,472.0
	1978	73	5,955	1,225.9
	Total	1,014	68,713	1,475.7
Hopkins County, KY (21107)	1968	499	36,646	1,361.7
	1969	478	37,437	1,276.8
	1970	450	38,167	1,179.0
	1971	474	39,458	1,201.3
	1972	474	40,465	1,171.4
	1973	507	41,174	1,231.4
	1974	476	42,298	1,125.3
	1975	483	43,740	1,104.3
	1976	480	44,808	1,071.2
	1977	473	45,494	1,039.7
	1978	483	46,374	1,041.5
	Total	5,277	456,061	1,157.1
Jackson County, KY (21109)	1968	89	10,015	888.7
	1969	95	9,997	950.3
	1970	65	10,030	648.1
	1971	85	10,053	845.5
	1972	88	10,354	849.9
	1973	113	10,555	1,070.6
	1974	85	10,640	798.9
	1975	103	10,873	947.3
	1976	104	11,178	930.4
	1977	104	11,518	902.9
	1978	95	11,519	824.7
	Total	1,026	116,732	878.9
Jefferson County, KY (21111)	1968	6,886	683,265	1,007.8
	1969	6,696	690,078	970.3
	1970	6,734	696,759	966.5
	1971	6,642	706,738	939.8
	1972	6,774	703,058	963.5
	1973	6,780	709,128	956.1
	1974	6,750	711,008	949.4
	1975	6,487	707,871	916.4
	1976	6,338	705,144	898.8
	1977	6,675	699,080	954.8
	1978	6,556	696,383	941.4
	Total	73,318	7,708,512	951.1
Jessamine County, KY (21113)	1968	155	16,730	926.5
	1969	141	17,114	823.9
	1970	153	17,496	874.5
	1971	114	18,084	630.4
	1972	152	18,889	804.7
	1973	135	20,162	669.6
	1974	178	21,735	819.0
	1975	153	22,433	682.0
	1976	164	23,144	708.6
	1977	165	24,492	673.7
	1978	157	25,725	610.3
	Total	1,667	226,004	737.6
Johnson County, KY (21115)	1968	204	16,584	1,230.1
	1969	211	17,091	1,234.6
	1970	212	17,554	1,207.7
	1971	207	18,434	1,122.9
	1972	230	19,560	1,175.9
	1973	213	19,529	1,090.7
	1974	242	19,867	1,218.1
	1975	226	20,959	1,078.3
	1976	223	22,302	999.9
	1977	208	23,154	898.3
	1978	187	23,801	785.7
	Total	2,363	218,835	1,079.8
Kenton County, KY (21117)	1968	1,424	128,359	1,109.4
	1969	1,453	128,830	1,127.8
	1970	1,460	129,555	1,126.9
	1971	1,455	130,582	1,114.2
	1972	1,508	130,462	1,155.9
	1973	1,509	131,540	1,147.2
	1974	1,360	131,420	1,034.9
	1975	1,316	131,675	999.4
	1976	1,388	133,292	1,041.3
	1977	1,388	133,987	1,035.9
	1978	1,334	134,316	993.2
	Total	15,595	1,444,018	1,080.0
Knott County, KY (21119)	1968	135	13,806	977.8
	1969	118	14,236	828.9
	1970	133	14,681	905.9
	1971	142	15,430	920.3
	1972	138	15,936	866.0
	1973	139	15,810	879.2
	1974	126	16,074	783.9
	1975	131	16,702	784.3
	1976	126	17,475	721.0
	1977	150	17,463	859.0
	1978	137	17,635	776.9
	Total	1,475	175,248	841.7
Knox County, KY (21121)	1968	258	22,584	1,142.4
	1969	223	23,165	962.7
	1970	275	23,767	1,157.1
	1971	261	24,637	1,059.4
	1972	294	25,506	1,152.7
	1973	257	26,023	987.6
	1974	290	26,296	1,102.8
	1975	273	26,997	1,011.2
	1976	241	28,337	850.5
	1977	303	29,380	1,031.3
	1978	296	29,756	994.8
	Total	2,971	286,448	1,037.2
Larue County, KY (21123)	1968	107	10,310	1,037.8
	1969	114	10,482	1,087.6
	1970	121	10,666	1,134.4
	1971	106	10,931	969.7
	1972	94	11,114	845.8
	1973	139	11,450	1,214.0
	1974	111	11,447	969.7
	1975	130	11,698	1,111.3
	1976	133	11,479	1,158.6
	1977	101	11,499	878.3
	1978	141	11,581	1,217.5
	Total	1,297	122,657	1,057.4
Laurel County, KY (21125)	1968	245	26,301	931.5
	1969	294	26,905	1,092.7
	1970	269	27,396	981.9
	1971	276	28,285	975.8
	1972	296	29,216	1,013.1
	1973	289	30,124	959.4
	1974	293	30,820	950.7
	1975	299	32,290	926.0
	1976	258	34,244	753.4
	1977	299	35,723	837.0
	1978	314	36,898	851.0
	Total	3,132	338,202	926.1
Lawrence County, KY (21127)	1968	149	10,217	1,458.4
	1969	130	10,492	1,239.0
	1970	138	10,754	1,283.2
	1971	158	11,204	1,410.2
	1972	172	11,662	1,474.9
	1973	145	11,537	1,256.8
	1974	140	11,761	1,190.4
	1975	160	12,387	1,291.7
	1976	142	12,953	1,096.3
	1977	152	13,310	1,142.0
	1978	160	13,650	1,172.2
	Total	1,646	129,927	1,266.9
Lee County, KY (21129)	1968	91	6,277	1,449.7
	1969	74	6,447	1,147.8
	1970	71	6,597	1,076.2
	1971	67	6,858	977.0
	1972	86	6,997	1,229.1
	1973	84	7,038	1,193.5
	1974	91	7,002	1,299.6
	1975	90	7,315	1,230.3
	1976	65	7,663	848.2
	1977	84	7,811	1,075.4
	1978	75	7,831	957.7
	Total	878	77,836	1,128.0
Leslie County, KY (21131)	1968	93	11,108	837.2
	1969	110	11,398	965.1
	1970	87	11,661	746.1
	1971	116	12,083	960.0
	1972	102	12,537	813.6
	1973	97	12,876	753.3
	1974	90	12,700	708.7
	1975	106	13,284	798.0
	1976	105	13,928	753.9
	1977	87	14,401	604.1
	1978	98	14,704	666.5
	Total	1,091	140,680	775.5
Letcher County, KY (21133)	1968	255	21,260	1,199.4
	1969	224	22,308	1,004.1
	1970	249	23,244	1,071.2
	1971	272	24,974	1,089.1
	1972	296	26,479	1,117.9
	1973	286	25,868	1,105.6
	1974	298	26,472	1,125.7
	1975	279	28,354	984.0
	1976	256	29,867	857.1
	1977	237	30,426	778.9
	1978	296	30,479	971.2
	Total	2,948	289,731	1,017.5
Lewis County, KY (21135)	1968	126	11,796	1,068.2
	1969	125	12,077	1,035.0
	1970	138	12,312	1,120.9
	1971	139	12,773	1,088.2
	1972	108	12,762	846.3
	1973	125	12,778	978.2
	1974	125	13,017	960.3
	1975	145	13,276	1,092.2
	1976	116	13,559	855.5
	1977	136	14,029	969.4
	1978	150	14,190	1,057.1
	Total	1,433	142,569	1,005.1
Lincoln County, KY (21137)	1968	197	16,046	1,227.7
	1969	179	16,384	1,092.5
	1970	195	16,671	1,169.7
	1971	199	17,170	1,159.0
	1972	182	17,505	1,039.7
	1973	187	17,395	1,075.0
	1974	171	17,478	978.4
	1975	206	18,017	1,143.4
	1976	184	18,474	996.0
	1977	200	18,906	1,057.9
	1978	166	18,958	875.6
	Total	2,066	193,004	1,070.4
Livingston County, KY (21139)	1968	114	7,257	1,570.9
	1969	106	7,451	1,422.6
	1970	101	7,572	1,333.9
	1971	103	7,886	1,306.1
	1972	124	8,057	1,539.0
	1973	106	8,250	1,284.8
	1974	104	8,374	1,241.9
	1975	106	8,662	1,223.7
	1976	121	8,958	1,350.7
	1977	127	9,075	1,399.4
	1978	94	9,336	1,006.9
	Total	1,206	90,878	1,327.1
Logan County, KY (21141)	1968	242	21,113	1,146.2
	1969	265	21,463	1,234.7
	1970	259	21,777	1,189.3
	1971	277	22,367	1,238.4
	1972	260	22,735	1,143.6
	1973	250	22,520	1,110.1
	1974	265	22,665	1,169.2
	1975	244	22,718	1,074.0
	1976	243	22,811	1,065.3
	1977	246	23,026	1,068.4
	1978	257	23,696	1,084.6
	Total	2,808	246,891	1,137.3
Lyon County, KY (21143)	1968	55	5,185	1,060.8
	1969	58	5,384	1,077.3
	1970	51	5,571	915.5
	1971	60	5,872	1,021.8
	1972	56	5,868	954.3
	1973	72	6,004	1,199.2
	1974	64	5,960	1,073.8
	1975	70	5,958	1,174.9
	1976	70	6,047	1,157.6
	1977	67	6,388	1,048.8
	1978	64	6,390	1,001.6
	Total	687	64,627	1,063.0
McCracken County, KY (21145)	1968	726	56,616	1,282.3
	1969	703	57,514	1,222.3
	1970	650	58,284	1,115.2
	1971	707	59,727	1,183.7
	1972	736	59,927	1,228.2
	1973	734	59,102	1,241.9
	1974	684	58,868	1,161.9
	1975	735	59,480	1,235.7
	1976	635	59,879	1,060.5
	1977	683	60,461	1,129.7
	1978	730	61,269	1,191.5
	Total	7,723	651,127	1,186.1
McCreary County, KY (21147)	1968	136	11,803	1,152.2
	1969	136	12,261	1,109.2
	1970	138	12,576	1,097.3
	1971	159	13,238	1,201.1
	1972	132	13,376	986.8
	1973	176	13,704	1,284.3
	1974	150	13,757	1,090.4
	1975	136	14,256	954.0
	1976	134	14,679	912.9
	1977	179	15,106	1,185.0
	1978	156	15,308	1,019.1
	Total	1,632	150,064	1,087.5
McLean County, KY (21149)	1968	113	8,743	1,292.5
	1969	110	8,895	1,236.6
	1970	113	9,069	1,246.0
	1971	117	9,342	1,252.4
	1972	144	9,626	1,495.9
	1973	130	9,488	1,370.2
	1974	106	9,733	1,089.1
	1975	123	9,914	1,240.7
	1976	118	10,175	1,159.7
	1977	113	10,280	1,099.2
	1978	124	10,408	1,191.4
	Total	1,311	105,673	1,240.6
Madison County, KY (21151)	1968	307	41,915	732.4
	1969	298	42,304	704.4
	1970	339	42,883	790.5
	1971	331	43,698	757.5
	1972	390	45,267	861.6
	1973	385	45,522	845.7
	1974	372	47,283	786.8
	1975	318	48,320	658.1
	1976	327	49,833	656.2
	1977	340	50,965	667.1
	1978	323	51,323	629.3
	Total	3,730	509,313	732.4
Magoffin County, KY (21153)	1968	75	10,121	741.0
	1969	81	10,301	786.3
	1970	82	10,426	786.5
	1971	67	10,678	627.5
	1972	62	10,865	570.6
	1973	94	11,274	833.8
	1974	73	11,306	645.7
	1975	80	12,045	664.2
	1976	86	12,565	684.4
	1977	86	13,083	657.3
	1978	107	13,093	817.2
	Total	893	125,757	710.1
Marion County, KY (21155)	1968	164	16,553	990.8
	1969	185	16,647	1,111.3
	1970	163	16,747	973.3
	1971	202	16,841	1,199.5
	1972	194	16,763	1,157.3
	1973	169	16,686	1,012.8
	1974	154	16,750	919.4
	1975	144	17,159	839.2
	1976	149	17,300	861.3
	1977	172	17,699	971.8
	1978	173	18,037	959.1
	Total	1,869	187,182	998.5
Marshall County, KY (21157)	1968	199	19,201	1,036.4
	1969	172	19,880	865.2
	1970	220	20,389	1,079.0
	1971	226	21,340	1,059.0
	1972	226	21,557	1,048.4
	1973	208	21,722	957.6
	1974	220	22,049	997.8
	1975	241	22,764	1,058.7
	1976	236	23,074	1,022.8
	1977	256	23,957	1,068.6
	1978	249	24,504	1,016.2
	Total	2,453	240,437	1,020.2
Martin County, KY (21159)	1968	85	8,821	963.6
	1969	81	9,130	887.2
	1970	71	9,398	755.5
	1971	84	9,859	852.0
	1972	84	10,415	806.5
	1973	88	10,692	823.0
	1974	82	10,885	753.3
	1975	95	11,579	820.5
	1976	93	12,286	757.0
	1977	76	12,999	584.7
	1978	70	13,208	530.0
	Total	909	119,272	762.1
Mason County, KY (21161)	1968	228	17,608	1,294.9
	1969	237	17,393	1,362.6
	1970	238	17,266	1,378.4
	1971	215	17,076	1,259.1
	1972	242	16,945	1,428.1
	1973	239	17,341	1,378.2
	1974	242	17,339	1,395.7
	1975	193	17,295	1,115.9
	1976	227	17,459	1,300.2
	1977	231	17,679	1,306.6
	1978	227	17,865	1,270.6
	Total	2,519	191,266	1,317.0
Meade County, KY (21163)	1968	111	19,609	566.1
	1969	121	19,012	636.4
	1970	113	18,661	605.5
	1971	108	17,983	600.6
	1972	90	17,848	504.3
	1973	117	17,979	650.8
	1974	117	18,526	631.5
	1975	93	18,878	492.6
	1976	113	19,787	571.1
	1977	99	20,919	473.3
	1978	104	21,450	484.8
	Total	1,186	210,652	563.0
Menifee County, KY (21165)	1968	47	3,764	1,248.7
	1969	52	3,919	1,326.9
	1970	52	4,056	1,282.1
	1971	45	4,283	1,050.7
	1972	50	4,382	1,141.0
	1973	55	4,541	1,211.2
	1974	34	4,460	762.3
	1975	44	4,617	953.0
	1976	41	4,690	874.2
	1977	41	4,874	841.2
	1978	38	4,975	763.8
	Total	499	48,561	1,027.6
Mercer County, KY (21167)	1968	199	15,488	1,284.9
	1969	189	15,745	1,200.4
	1970	192	15,988	1,200.9
	1971	171	16,335	1,046.8
	1972	180	16,693	1,078.3
	1973	196	17,392	1,127.0
	1974	217	17,702	1,225.9
	1975	176	17,929	981.6
	1976	190	18,242	1,041.6
	1977	189	18,537	1,019.6
	1978	159	18,745	848.2
	Total	2,058	188,796	1,090.1
Metcalfe County, KY (21169)	1968	83	8,312	998.6
	1969	91	8,240	1,104.4
	1970	101	8,160	1,237.7
	1971	81	8,071	1,003.6
	1972	82	8,249	994.1
	1973	110	8,325	1,321.3
	1974	92	8,413	1,093.5
	1975	100	8,541	1,170.8
	1976	106	8,592	1,233.7
	1977	87	8,754	993.8
	1978	111	8,914	1,245.2
	Total	1,044	92,571	1,127.8
Monroe County, KY (21171)	1968	158	10,993	1,437.3
	1969	145	11,344	1,278.2
	1970	163	11,603	1,404.8
	1971	153	12,186	1,255.5
	1972	142	12,151	1,168.6
	1973	145	12,135	1,194.9
	1974	139	11,981	1,160.2
	1975	150	12,334	1,216.2
	1976	142	12,277	1,156.6
	1977	135	12,309	1,096.8
	1978	143	12,487	1,145.2
	Total	1,615	131,800	1,225.3
Montgomery County, KY (21173)	1968	167	14,344	1,164.2
	1969	167	14,851	1,124.5
	1970	180	15,457	1,164.5
	1971	207	16,249	1,273.9
	1972	214	16,770	1,276.1
	1973	185	17,012	1,087.5
	1974	152	17,659	860.8
	1975	182	17,814	1,021.7
	1976	166	18,419	901.2
	1977	158	18,833	839.0
	1978	170	18,957	896.8
	Total	1,948	186,365	1,045.3
Morgan County, KY (21175)	1968	111	9,798	1,132.9
	1969	114	9,927	1,148.4
	1970	106	10,027	1,057.1
	1971	109	10,270	1,061.3
	1972	88	10,453	841.9
	1973	123	10,504	1,171.0
	1974	122	10,663	1,144.1
	1975	111	11,159	994.7
	1976	110	11,594	948.8
	1977	98	11,577	846.5
	1978	115	11,787	975.7
	Total	1,207	117,759	1,025.0
Muhlenberg County, KY (21177)	1968	364	26,707	1,362.9
	1969	364	27,198	1,338.3
	1970	317	27,614	1,148.0
	1971	339	28,323	1,196.9
	1972	330	29,119	1,133.3
	1973	344	29,348	1,172.1
	1974	374	29,782	1,255.8
	1975	336	30,498	1,101.7
	1976	330	31,234	1,056.5
	1977	352	31,613	1,113.5
	1978	317	31,989	991.0
	Total	3,767	323,425	1,164.7
Nelson County, KY (21179)	1968	212	23,296	910.0
	1969	237	23,367	1,014.3
	1970	219	23,505	931.7
	1971	222	23,591	941.0
	1972	266	23,682	1,123.2
	1973	241	24,195	996.1
	1974	210	24,379	861.4
	1975	206	24,711	833.6
	1976	209	25,275	826.9
	1977	219	25,990	842.6
	1978	209	26,687	783.2
	Total	2,450	268,678	911.9
Nicholas County, KY (21181)	1968	86	6,401	1,343.5
	1969	100	6,456	1,548.9
	1970	91	6,472	1,406.1
	1971	100	6,594	1,516.5
	1972	96	6,353	1,511.1
	1973	92	6,623	1,389.1
	1974	87	6,759	1,287.2
	1975	73	6,986	1,044.9
	1976	78	7,225	1,079.6
	1977	77	7,274	1,058.6
	1978	97	7,384	1,313.7
	Total	977	74,527	1,310.9
Ohio County, KY (21183)	1968	256	18,471	1,386.0
	1969	290	18,609	1,558.4
	1970	248	18,791	1,319.8
	1971	262	19,041	1,376.0
	1972	256	19,617	1,305.0
	1973	271	20,040	1,352.3
	1974	265	20,158	1,314.6
	1975	222	20,507	1,082.6
	1976	216	21,284	1,014.8
	1977	245	21,568	1,135.9
	1978	248	21,854	1,134.8
	Total	2,779	219,940	1,263.5
Oldham County, KY (21185)	1968	129	14,615	882.7
	1969	111	14,658	757.3
	1970	100	14,690	680.7
	1971	98	14,776	663.2
	1972	122	14,914	818.0
	1973	122	15,995	762.7
	1974	108	16,703	646.6
	1975	126	18,193	692.6
	1976	121	19,871	608.9
	1977	151	22,076	684.0
	1978	139	24,121	576.3
	Total	1,327	190,612	696.2
Owen County, KY (21187)	1968	106	7,091	1,494.9
	1969	115	7,305	1,574.3
	1970	123	7,454	1,650.1
	1971	87	7,789	1,117.0
	1972	112	7,878	1,421.7
	1973	103	7,767	1,326.1
	1974	104	8,047	1,292.4
	1975	96	8,141	1,179.2
	1976	102	8,362	1,219.8
	1977	101	8,767	1,152.0
	1978	96	8,734	1,099.2
	Total	1,145	87,335	1,311.0
Owsley County, KY (21189)	1968	51	4,816	1,059.0
	1969	58	4,924	1,177.9
	1970	42	5,016	837.3
	1971	74	5,192	1,425.3
	1972	56	5,277	1,061.2
	1973	49	5,150	951.5
	1974	52	5,159	1,007.9
	1975	54	5,249	1,028.8
	1976	54	5,478	985.8
	1977	64	5,692	1,124.4
	1978	53	5,735	924.1
	Total	607	57,688	1,052.2
Pendleton County, KY (21191)	1968	130	9,589	1,355.7
	1969	115	9,747	1,179.9
	1970	134	9,955	1,346.1
	1971	118	10,240	1,152.3
	1972	136	10,393	1,308.6
	1973	130	10,485	1,239.9
	1974	122	10,608	1,150.1
	1975	133	10,538	1,262.1
	1976	124	10,480	1,183.2
	1977	125	10,720	1,166.0
	1978	106	10,765	984.7
	Total	1,373	113,520	1,209.5
Perry County, KY (21193)	1968	232	25,084	924.9
	1969	274	25,786	1,062.6
	1970	291	26,404	1,102.1
	1971	272	27,497	989.2
	1972	326	28,204	1,155.9
	1973	284	28,499	996.5
	1974	246	29,217	842.0
	1975	266	30,832	862.7
	1976	266	32,097	828.7
	1977	294	33,021	890.3
	1978	318	33,574	947.2
	Total	3,069	320,215	958.4
Pike County, KY (21195)	1968	502	57,140	878.5
	1969	603	59,298	1,016.9
	1970	515	61,150	842.2
	1971	649	64,433	1,007.2
	1972	626	66,665	939.0
	1973	644	67,513	953.9
	1974	630	68,412	920.9
	1975	649	72,949	889.7
	1976	589	76,571	769.2
	1977	612	78,355	781.1
	1978	609	79,262	768.3
	Total	6,628	751,748	881.7
Powell County, KY (21197)	1968	82	7,528	1,089.3
	1969	87	7,647	1,137.7
	1970	94	7,751	1,212.7
	1971	66	7,864	839.3
	1972	72	7,929	908.1
	1973	77	8,413	915.3
	1974	89	8,714	1,021.3
	1975	81	9,164	883.9
	1976	73	9,452	772.3
	1977	72	9,994	720.4
	1978	81	10,476	773.2
	Total	874	94,932	920.7
Pulaski County, KY (21199)	1968	389	33,071	1,176.3
	1969	373	34,318	1,086.9
	1970	404	35,259	1,145.8
	1971	391	36,998	1,056.8
	1972	406	37,588	1,080.1
	1973	415	39,313	1,055.6
	1974	434	40,248	1,078.3
	1975	403	41,195	978.3
	1976	357	42,957	831.1
	1977	399	43,459	918.1
	1978	422	44,772	942.6
	Total	4,393	429,178	1,023.6
Robertson County, KY (21201)	1968	28	2,168	1,291.5
	1969	34	2,168	1,568.3
	1970	36	2,160	1,666.7
	1971	38	2,165	1,755.2
	1972	42	2,249	1,867.5
	1973	34	2,274	1,495.2
	1974	36	2,294	1,569.3
	1975	30	2,296	1,306.6
	1976	25	2,293	1,090.3
	1977	27	2,352	1,148.0
	1978	33	2,294	1,438.5
	Total	363	24,713	1,468.9
Rockcastle County, KY (21203)	1968	107	11,751	910.6
	1969	135	11,992	1,125.8
	1970	130	12,325	1,054.8
	1971	146	12,783	1,142.1
	1972	118	12,737	926.4
	1973	151	12,955	1,165.6
	1974	139	12,866	1,080.4
	1975	130	13,345	974.1
	1976	122	13,475	905.4
	1977	137	13,693	1,000.5
	1978	132	13,843	953.6
	Total	1,447	141,765	1,020.7
Rowan County, KY (21205)	1968	123	16,506	745.2
	1969	112	16,764	668.1
	1970	124	17,032	728.0
	1971	139	17,541	792.4
	1972	120	17,629	680.7
	1973	128	17,920	714.3
	1974	125	17,932	697.1
	1975	115	18,183	632.5
	1976	134	18,710	716.2
	1977	133	19,278	689.9
	1978	128	19,181	667.3
	Total	1,381	196,676	702.2
Russell County, KY (21207)	1968	136	9,894	1,374.6
	1969	114	10,277	1,109.3
	1970	103	10,558	975.6
	1971	116	11,121	1,043.1
	1972	132	11,975	1,102.3
	1973	146	12,007	1,216.0
	1974	121	12,184	993.1
	1975	139	12,434	1,117.9
	1976	149	12,838	1,160.6
	1977	143	13,175	1,085.4
	1978	144	13,488	1,067.6
	Total	1,443	129,951	1,110.4
Scott County, KY (21209)	1968	191	18,076	1,056.6
	1969	185	18,016	1,026.9
	1970	195	17,961	1,085.7
	1971	169	17,915	943.3
	1972	204	18,077	1,128.5
	1973	176	18,440	954.4
	1974	193	18,857	1,023.5
	1975	187	19,181	974.9
	1976	176	19,689	893.9
	1977	191	20,395	936.5
	1978	191	20,981	910.3
	Total	2,058	207,588	991.4
Shelby County, KY (21211)	1968	210	18,555	1,131.8
	1969	225	18,823	1,195.3
	1970	215	19,007	1,131.2
	1971	240	19,336	1,241.2
	1972	244	19,683	1,239.6
	1973	201	19,919	1,009.1
	1974	230	20,156	1,141.1
	1975	226	20,526	1,101.0
	1976	205	21,140	969.7
	1977	238	21,521	1,105.9
	1978	227	22,427	1,012.2
	Total	2,461	221,093	1,113.1
Simpson County, KY (21213)	1968	162	12,786	1,267.0
	1969	127	12,949	980.8
	1970	144	13,054	1,103.1
	1971	158	13,253	1,192.2
	1972	112	13,421	834.5
	1973	145	13,944	1,039.9
	1974	141	14,259	988.8
	1975	137	14,421	950.0
	1976	157	14,480	1,084.3
	1977	160	14,486	1,104.5
	1978	150	14,745	1,017.3
	Total	1,593	151,798	1,049.4
Spencer County, KY (21215)	1968	47	5,380	873.6
	1969	62	5,454	1,136.8
	1970	59	5,484	1,075.9
	1971	59	5,590	1,055.5
	1972	60	5,509	1,089.1
	1973	51	5,568	915.9
	1974	45	5,765	780.6
	1975	60	5,910	1,015.2
	1976	43	5,915	727.0
	1977	52	5,954	873.4
	1978	54	6,085	887.4
	Total	592	62,614	945.5
Taylor County, KY (21217)	1968	171	16,003	1,068.5
	1969	136	16,620	818.3
	1970	166	17,158	967.5
	1971	170	18,052	941.7
	1972	174	18,374	947.0
	1973	182	18,431	987.5
	1974	173	18,686	925.8
	1975	158	18,804	840.2
	1976	185	19,267	960.2
	1977	189	19,876	950.9
	1978	188	20,356	923.6
	Total	1,892	201,627	938.4
Todd County, KY (21219)	1968	129	10,697	1,205.9
	1969	148	10,795	1,371.0
	1970	145	10,816	1,340.6
	1971	140	10,974	1,275.7
	1972	146	10,855	1,345.0
	1973	143	10,910	1,310.7
	1974	134	11,195	1,197.0
	1975	141	11,404	1,236.4
	1976	120	11,506	1,042.9
	1977	142	11,749	1,208.6
	1978	139	12,035	1,155.0
	Total	1,527	122,936	1,242.1
Trigg County, KY (21221)	1968	98	8,606	1,138.7
	1969	103	8,605	1,197.0
	1970	106	8,579	1,235.6
	1971	104	8,650	1,202.3
	1972	100	8,566	1,167.4
	1973	104	8,819	1,179.3
	1974	102	9,140	1,116.0
	1975	124	9,038	1,372.0
	1976	120	9,144	1,312.3
	1977	123	9,370	1,312.7
	1978	109	9,551	1,141.2
	Total	1,193	98,068	1,216.5
Trimble County, KY (21223)	1968	57	5,365	1,062.4
	1969	49	5,334	918.6
	1970	67	5,358	1,250.5
	1971	55	5,323	1,033.3
	1972	48	5,397	889.4
	1973	33	5,474	602.8
	1974	52	5,708	911.0
	1975	51	5,877	867.8
	1976	60	5,887	1,019.2
	1977	50	6,071	823.6
	1978	44	6,059	726.2
	Total	566	61,853	915.1
Union County, KY (21225)	1968	192	16,381	1,172.1
	1969	200	16,059	1,245.4
	1970	186	15,879	1,171.4
	1971	186	15,749	1,181.0
	1972	180	15,529	1,159.1
	1973	187	16,033	1,166.3
	1974	177	16,365	1,081.6
	1975	195	16,596	1,175.0
	1976	151	16,813	898.1
	1977	173	17,434	992.3
	1978	171	17,460	979.4
	Total	1,998	180,298	1,108.2
Warren County, KY (21227)	1968	517	54,005	957.3
	1969	570	56,203	1,014.2
	1970	530	58,041	913.1
	1971	576	61,205	941.1
	1972	580	62,633	926.0
	1973	560	62,603	894.5
	1974	543	63,560	854.3
	1975	533	64,481	826.6
	1976	512	66,321	772.0
	1977	534	67,639	789.5
	1978	513	69,584	737.2
	Total	5,968	686,275	869.6
Washington County, KY (21229)	1968	117	11,003	1,063.3
	1969	136	10,833	1,255.4
	1970	118	10,703	1,102.5
	1971	134	10,492	1,277.2
	1972	118	10,450	1,129.2
	1973	115	10,478	1,097.5
	1974	106	10,633	996.9
	1975	110	10,541	1,043.5
	1976	109	10,543	1,033.9
	1977	112	10,584	1,058.2
	1978	108	10,592	1,019.6
	Total	1,283	116,852	1,098.0
Wayne County, KY (21231)	1968	146	14,334	1,018.6
	1969	172	14,271	1,205.2
	1970	166	14,294	1,161.3
	1971	145	14,288	1,014.8
	1972	184	14,746	1,247.8
	1973	165	15,324	1,076.7
	1974	178	15,429	1,153.7
	1975	157	15,747	997.0
	1976	144	15,903	905.5
	1977	153	16,338	936.5
	1978	149	16,611	897.0
	Total	1,759	167,285	1,051.5
Webster County, KY (21233)	1968	207	13,341	1,551.6
	1969	215	13,325	1,613.5
	1970	208	13,365	1,556.3
	1971	194	13,302	1,458.4
	1972	240	13,614	1,762.9
	1973	196	13,807	1,419.6
	1974	209	13,893	1,504.4
	1975	205	13,996	1,464.7
	1976	184	14,365	1,280.9
	1977	193	14,660	1,316.5
	1978	196	14,870	1,318.1
	Total	2,247	152,538	1,473.1
Whitley County, KY (21235)	1968	304	22,480	1,352.3
	1969	300	23,425	1,280.7
	1970	319	24,122	1,322.4
	1971	311	25,610	1,214.4
	1972	308	26,368	1,168.1
	1973	345	26,451	1,304.3
	1974	331	27,890	1,186.8
	1975	331	29,207	1,133.3
	1976	333	30,680	1,085.4
	1977	319	31,952	998.4
	1978	336	32,827	1,023.5
	Total	3,537	301,012	1,175.0
Wolfe County, KY (21237)	1968	54	5,631	959.0
	1969	79	5,672	1,392.8
	1970	59	5,679	1,038.9
	1971	65	5,730	1,134.4
	1972	68	5,798	1,172.8
	1973	77	5,985	1,286.5
	1974	64	6,121	1,045.6
	1975	74	6,318	1,171.3
	1976	70	6,570	1,065.4
	1977	71	6,633	1,070.4
	1978	81	6,728	1,203.9
	Total	762	66,865	1,139.6
Woodford County, KY (21239)	1968	124	13,998	885.8
	1969	146	14,271	1,023.1
	1970	125	14,455	864.8
	1971	121	14,800	817.6
	1972	150	14,916	1,005.6
	1973	123	15,549	791.0
	1974	135	16,199	833.4
	1975	164	17,021	963.5
	1976	134	17,426	769.0
	1977	123	17,631	697.6
	1978	175	17,743	986.3
	Total	1,520	174,009	873.5
Total		367,262	37,159,734	988.3
