
                        
                      	Year	
                        
                      	
                        
                      	
                        
                      
Adams County, OH (39001)	1999	279	27,422	1,017.4
	2000	302	27,330	1,105.0
	2001	326	27,522	1,184.5
	2002	307	27,817	1,103.6
	2003	294	28,111	1,045.9
	2004	294	28,328	1,037.8
	2005	295	28,522	1,034.3
	2006	303	28,615	1,058.9
	2007	298	28,538	1,044.2
	2008	314	28,686	1,094.6
	2009	315	28,500	1,105.3
	2010	321	28,550	1,124.3
	2011	307	28,486	1,077.7
	2012	331	28,366	1,166.9
	Total	4,286	394,793	1,085.6
Allen County, OH (39003)	1999	1,136	108,192	1,050.0
	2000	1,116	108,473	1,028.8
	2001	1,088	108,523	1,002.6
	2002	1,119	108,518	1,031.2
	2003	1,083	107,418	1,008.2
	2004	987	106,826	923.9
	2005	1,004	106,861	939.5
	2006	1,042	106,716	976.4
	2007	1,031	106,717	966.1
	2008	1,048	106,773	981.5
	2009	1,049	106,518	984.8
	2010	1,080	106,331	1,015.7
	2011	1,051	105,957	991.9
	2012	1,121	105,329	1,064.3
	Total	14,955	1,499,152	997.6
Ashland County, OH (39005)	1999	534	52,431	1,018.5
	2000	463	52,523	881.5
	2001	473	52,560	899.9
	2002	487	52,595	925.9
	2003	536	52,867	1,013.9
	2004	467	52,852	883.6
	2005	481	53,048	906.7
	2006	536	53,231	1,006.9
	2007	477	53,544	890.9
	2008	504	53,499	942.1
	2009	537	53,305	1,007.4
	2010	533	53,139	1,003.0
	2011	531	53,296	996.3
	2012	566	53,199	1,063.9
	Total	7,125	742,089	960.1
Ashtabula County, OH (39007)	1999	1,098	102,796	1,068.1
	2000	1,177	102,728	1,145.7
	2001	1,075	102,450	1,049.3
	2002	1,089	102,577	1,061.6
	2003	1,064	102,667	1,036.4
	2004	1,053	102,648	1,025.8
	2005	1,132	102,638	1,102.9
	2006	1,087	102,340	1,062.1
	2007	1,118	102,156	1,094.4
	2008	1,118	101,826	1,098.0
	2009	1,090	101,584	1,073.0
	2010	1,118	101,497	1,101.5
	2011	1,179	101,064	1,166.6
	2012	1,155	100,298	1,151.6
	Total	15,553	1,429,269	1,088.2
Athens County, OH (39009)	1999	472	61,856	763.1
	2000	476	62,223	765.0
	2001	486	62,997	771.5
	2002	520	63,401	820.2
	2003	463	63,827	725.4
	2004	409	63,230	646.8
	2005	419	64,075	653.9
	2006	475	64,237	739.4
	2007	473	64,102	737.9
	2008	464	64,546	718.9
	2009	462	64,618	715.0
	2010	515	64,757	795.3
	2011	507	65,067	779.2
	2012	468	64,489	725.7
	Total	6,609	893,425	739.7
Auglaize County, OH (39011)	1999	500	46,663	1,071.5
	2000	446	46,611	956.9
	2001	469	46,137	1,016.5
	2002	468	45,943	1,018.7
	2003	451	45,872	983.2
	2004	414	45,932	901.3
	2005	449	46,166	972.6
	2006	490	46,034	1,064.4
	2007	512	45,977	1,113.6
	2008	466	46,167	1,009.4
	2009	471	45,996	1,024.0
	2010	476	45,949	1,035.9
	2011	462	45,806	1,008.6
	2012	505	45,869	1,101.0
	Total	6,579	645,122	1,019.8
Belmont County, OH (39013)	1999	972	70,587	1,377.0
	2000	916	70,226	1,304.4
	2001	915	69,901	1,309.0
	2002	891	70,293	1,267.6
	2003	978	70,219	1,392.8
	2004	929	70,241	1,322.6
	2005	903	70,203	1,286.3
	2006	868	70,469	1,231.7
	2007	904	70,430	1,283.5
	2008	910	70,356	1,293.4
	2009	865	70,439	1,228.0
	2010	951	70,400	1,350.9
	2011	923	70,023	1,318.1
	2012	929	69,626	1,334.3
	Total	12,854	983,413	1,307.1
Brown County, OH (39015)	1999	405	41,544	974.9
	2000	368	42,285	870.3
	2001	383	42,839	894.0
	2002	411	43,368	947.7
	2003	395	43,794	902.0
	2004	418	43,995	950.1
	2005	458	44,161	1,037.1
	2006	407	44,334	918.0
	2007	431	44,490	968.8
	2008	476	44,668	1,065.6
	2009	431	44,740	963.3
	2010	457	44,846	1,019.0
	2011	465	44,708	1,040.1
	2012	459	44,429	1,033.1
	Total	5,964	614,201	971.0
Butler County, OH (39017)	1999	2,633	330,751	796.1
	2000	2,637	332,807	792.4
	2001	2,692	336,679	799.6
	2002	2,786	339,514	820.6
	2003	2,778	343,022	809.9
	2004	2,664	346,655	768.5
	2005	2,743	350,732	782.1
	2006	2,751	356,691	771.3
	2007	2,892	361,192	800.7
	2008	2,794	364,179	767.2
	2009	2,973	366,633	810.9
	2010	2,855	368,130	775.5
	2011	3,077	370,296	831.0
	2012	2,906	370,959	783.4
	Total	39,181	4,938,240	793.4
Carroll County, OH (39019)	1999	265	28,763	921.3
	2000	259	28,836	898.2
	2001	249	28,961	859.8
	2002	248	29,172	850.1
	2003	275	29,325	937.8
	2004	252	29,297	860.2
	2005	236	29,118	810.5
	2006	263	29,163	901.8
	2007	261	29,062	898.1
	2008	288	28,999	993.1
	2009	273	28,917	944.1
	2010	275	28,836	953.7
	2011	312	28,874	1,080.6
	2012	285	28,574	997.4
	Total	3,741	405,897	921.7
Champaign County, OH (39021)	1999	356	38,669	920.6
	2000	376	38,890	966.8
	2001	382	39,047	978.3
	2002	375	39,280	954.7
	2003	407	39,395	1,033.1
	2004	366	39,565	925.1
	2005	386	39,592	974.9
	2006	394	40,018	984.6
	2007	402	40,127	1,001.8
	2008	366	40,263	909.0
	2009	374	40,265	928.8
	2010	393	40,097	980.1
	2011	394	39,886	987.8
	2012	373	39,602	941.9
	Total	5,344	554,696	963.4
Clark County, OH (39023)	1999	1,672	145,159	1,151.8
	2000	1,628	144,742	1,124.8
	2001	1,699	143,803	1,181.5
	2002	1,612	143,229	1,125.5
	2003	1,705	141,758	1,202.8
	2004	1,584	141,380	1,120.4
	2005	1,652	141,367	1,168.6
	2006	1,519	140,668	1,079.8
	2007	1,645	139,829	1,176.4
	2008	1,580	139,404	1,133.4
	2009	1,597	138,778	1,150.8
	2010	1,615	138,333	1,167.5
	2011	1,660	138,490	1,198.6
	2012	1,713	136,435	1,255.5
	Total	22,881	1,973,375	1,159.5
Clermont County, OH (39025)	1999	1,245	176,389	705.8
	2000	1,305	177,977	733.2
	2001	1,268	179,845	705.1
	2002	1,319	182,143	724.2
	2003	1,350	184,446	731.9
	2004	1,281	187,281	684.0
	2005	1,441	189,486	760.5
	2006	1,329	192,209	691.4
	2007	1,356	194,346	697.7
	2008	1,521	195,891	776.5
	2009	1,446	196,512	735.8
	2010	1,551	197,363	785.9
	2011	1,504	198,543	757.5
	2012	1,612	199,109	809.6
	Total	19,528	2,651,540	736.5
Clinton County, OH (39027)	1999	359	40,104	895.2
	2000	387	40,543	954.5
	2001	367	40,777	900.0
	2002	352	41,042	857.7
	2003	380	41,250	921.2
	2004	392	41,557	943.3
	2005	376	41,775	900.1
	2006	381	42,499	896.5
	2007	354	42,576	831.5
	2008	422	42,656	989.3
	2009	421	42,418	992.5
	2010	403	42,040	958.6
	2011	456	41,930	1,087.5
	2012	447	41,887	1,067.2
	Total	5,497	583,054	942.8
Columbiana County, OH (39029)	1999	1,209	112,151	1,078.0
	2000	1,248	112,075	1,113.5
	2001	1,167	111,370	1,047.9
	2002	1,260	111,097	1,134.1
	2003	1,211	111,000	1,091.0
	2004	1,177	110,627	1,063.9
	2005	1,224	109,784	1,114.9
	2006	1,160	109,673	1,057.7
	2007	1,143	109,153	1,047.2
	2008	1,276	108,469	1,176.4
	2009	1,131	107,948	1,047.7
	2010	1,137	107,841	1,054.3
	2011	1,198	107,254	1,117.0
	2012	1,179	106,458	1,107.5
	Total	16,720	1,534,900	1,089.3
Coshocton County, OH (39031)	1999	441	36,526	1,207.4
	2000	373	36,655	1,017.6
	2001	351	36,975	949.3
	2002	421	37,149	1,133.3
	2003	390	37,288	1,045.9
	2004	383	37,421	1,023.5
	2005	392	37,363	1,049.2
	2006	360	37,339	964.1
	2007	373	37,184	1,003.1
	2008	394	36,953	1,066.2
	2009	361	36,878	978.9
	2010	364	36,901	986.4
	2011	398	36,922	1,077.9
	2012	410	36,840	1,112.9
	Total	5,411	518,394	1,043.8
Crawford County, OH (39033)	1999	535	47,156	1,134.5
	2000	509	46,966	1,083.8
	2001	504	46,533	1,083.1
	2002	502	46,271	1,084.9
	2003	524	45,928	1,140.9
	2004	465	45,776	1,015.8
	2005	526	45,536	1,155.1
	2006	477	44,907	1,062.2
	2007	517	44,634	1,158.3
	2008	482	44,291	1,088.3
	2009	453	43,921	1,031.4
	2010	490	43,784	1,119.1
	2011	506	43,354	1,167.1
	2012	541	42,874	1,261.8
	Total	7,031	631,931	1,112.6
Cuyahoga County, OH (39035)	1999	15,043	1,399,752	1,074.7
	2000	15,303	1,393,978	1,097.8
	2001	15,352	1,382,520	1,110.4
	2002	15,214	1,371,493	1,109.3
	2003	14,720	1,359,929	1,082.4
	2004	14,698	1,346,714	1,091.4
	2005	14,648	1,330,612	1,100.8
	2006	14,036	1,312,816	1,069.2
	2007	13,807	1,301,540	1,060.8
	2008	14,037	1,291,479	1,086.9
	2009	13,202	1,285,082	1,027.3
	2010	13,390	1,280,122	1,046.0
	2011	13,825	1,270,098	1,088.5
	2012	13,780	1,266,049	1,088.4
	Total	201,055	18,592,184	1,081.4
Darke County, OH (39037)	1999	553	53,375	1,036.1
	2000	528	53,309	990.5
	2001	563	53,110	1,060.1
	2002	559	53,011	1,054.5
	2003	605	53,190	1,137.4
	2004	571	53,236	1,072.6
	2005	517	53,200	971.8
	2006	538	53,023	1,014.7
	2007	565	52,996	1,066.1
	2008	566	52,909	1,069.8
	2009	566	52,829	1,071.4
	2010	503	52,959	949.8
	2011	567	52,666	1,076.6
	2012	535	52,501	1,019.0
	Total	7,736	742,314	1,042.1
Defiance County, OH (39039)	1999	326	39,712	820.9
	2000	316	39,500	800.0
	2001	351	39,456	889.6
	2002	357	39,303	908.3
	2003	319	39,209	813.6
	2004	345	39,115	882.0
	2005	360	39,049	921.9
	2006	362	39,154	924.6
	2007	332	39,123	848.6
	2008	372	39,250	947.8
	2009	382	39,060	978.0
	2010	352	39,037	901.7
	2011	386	39,037	988.8
	2012	376	38,812	968.8
	Total	4,936	548,817	899.4
Delaware County, OH (39041)	1999	562	105,518	532.6
	2000	633	109,989	575.5
	2001	685	118,646	577.3
	2002	632	126,172	500.9
	2003	746	133,842	557.4
	2004	707	141,348	500.2
	2005	681	149,153	456.6
	2006	779	156,164	498.8
	2007	755	161,796	466.6
	2008	781	166,652	468.6
	2009	871	170,676	510.3
	2010	881	174,214	505.7
	2011	860	178,637	481.4
	2012	943	181,188	520.5
	Total	10,516	2,073,995	507.0
Erie County, OH (39043)	1999	786	79,513	988.5
	2000	811	79,551	1,019.5
	2001	870	79,308	1,097.0
	2002	828	78,762	1,051.3
	2003	817	78,673	1,038.5
	2004	828	78,596	1,053.5
	2005	861	78,070	1,102.9
	2006	809	77,876	1,038.8
	2007	859	77,668	1,106.0
	2008	915	77,573	1,179.5
	2009	848	77,085	1,100.1
	2010	893	77,079	1,158.6
	2011	918	76,633	1,197.9
	2012	873	76,390	1,142.8
	Total	11,916	1,092,777	1,090.4
Fairfield County, OH (39045)	1999	1,016	121,431	836.7
	2000	1,053	122,759	857.8
	2001	1,011	126,245	800.8
	2002	998	129,355	771.5
	2003	1,054	132,770	793.9
	2004	1,084	136,074	796.6
	2005	1,064	138,745	766.9
	2006	1,058	141,005	750.3
	2007	1,067	142,915	746.6
	2008	1,159	144,029	804.7
	2009	1,125	145,446	773.5
	2010	1,101	146,156	753.3
	2011	1,109	147,328	752.7
	2012	1,162	147,509	787.7
	Total	15,061	1,921,767	783.7
Fayette County, OH (39047)	1999	335	28,420	1,178.7
	2000	342	28,433	1,202.8
	2001	321	28,310	1,133.9
	2002	352	28,370	1,240.7
	2003	352	28,450	1,237.3
	2004	311	28,470	1,092.4
	2005	336	28,695	1,170.9
	2006	328	28,791	1,139.2
	2007	322	28,908	1,113.9
	2008	348	28,896	1,204.3
	2009	293	28,929	1,012.8
	2010	335	29,030	1,154.0
	2011	357	28,909	1,234.9
	2012	346	28,849	1,199.3
	Total	4,678	401,460	1,165.2
Franklin County, OH (39049)	1999	8,260	1,061,223	778.3
	2000	8,119	1,068,978	759.5
	2001	8,186	1,082,938	755.9
	2002	8,408	1,088,693	772.3
	2003	8,414	1,095,250	768.2
	2004	8,290	1,099,603	753.9
	2005	8,520	1,105,497	770.7
	2006	8,334	1,115,924	746.8
	2007	8,245	1,127,174	731.5
	2008	8,547	1,141,183	749.0
	2009	8,475	1,155,408	733.5
	2010	8,528	1,163,414	733.0
	2011	8,650	1,179,411	733.4
	2012	8,830	1,196,070	738.3
	Total	117,806	15,680,766	751.3
Fulton County, OH (39051)	1999	371	41,987	883.6
	2000	372	42,084	883.9
	2001	362	42,169	858.5
	2002	354	42,275	837.4
	2003	355	42,402	837.2
	2004	359	42,777	839.2
	2005	336	42,897	783.3
	2006	393	42,785	918.5
	2007	373	42,800	871.5
	2008	393	42,780	918.7
	2009	379	42,747	886.6
	2010	400	42,698	936.8
	2011	372	42,535	874.6
	2012	387	42,572	909.0
	Total	5,206	595,508	874.2
Gallia County, OH (39053)	1999	304	31,156	975.7
	2000	327	31,069	1,052.5
	2001	323	31,017	1,041.4
	2002	352	31,083	1,132.5
	2003	314	31,095	1,009.8
	2004	342	31,029	1,102.2
	2005	343	30,993	1,106.7
	2006	338	30,927	1,092.9
	2007	340	30,977	1,097.6
	2008	324	30,997	1,045.3
	2009	335	30,857	1,085.7
	2010	343	30,934	1,108.8
	2011	347	30,951	1,121.1
	2012	356	30,811	1,155.4
	Total	4,688	433,896	1,080.4
Geauga County, OH (39055)	1999	634	90,085	703.8
	2000	631	90,895	694.2
	2001	689	91,429	753.6
	2002	702	91,970	763.3
	2003	671	93,042	721.2
	2004	700	93,218	750.9
	2005	699	93,614	746.7
	2006	682	93,839	726.8
	2007	700	93,742	746.7
	2008	717	93,583	766.2
	2009	691	93,446	739.5
	2010	746	93,389	798.8
	2011	738	93,375	790.4
	2012	761	93,840	811.0
	Total	9,761	1,299,467	751.2
Greene County, OH (39057)	1999	1,181	147,479	800.8
	2000	1,182	147,886	799.3
	2001	1,057	149,643	706.3
	2002	1,212	151,537	799.8
	2003	1,188	153,064	776.1
	2004	1,152	155,442	741.1
	2005	1,257	156,223	804.6
	2006	1,148	157,850	727.3
	2007	1,174	159,055	738.1
	2008	1,270	160,115	793.2
	2009	1,274	161,075	790.9
	2010	1,256	161,573	777.4
	2011	1,302	163,219	797.7
	2012	1,366	163,852	833.7
	Total	17,019	2,188,013	777.8
Guernsey County, OH (39059)	1999	434	40,754	1,064.9
	2000	418	40,792	1,024.7
	2001	408	40,860	998.5
	2002	463	40,991	1,129.5
	2003	430	41,138	1,045.3
	2004	430	40,965	1,049.7
	2005	446	40,752	1,094.4
	2006	441	40,600	1,086.2
	2007	410	40,531	1,011.6
	2008	434	40,347	1,075.7
	2009	435	40,242	1,081.0
	2010	450	40,087	1,122.6
	2011	425	39,858	1,066.3
	2012	438	39,835	1,099.5
	Total	6,062	567,752	1,067.7
Hamilton County, OH (39061)	1999	8,518	849,917	1,002.2
	2000	8,322	845,303	984.5
	2001	8,309	840,335	988.8
	2002	8,513	832,390	1,022.7
	2003	8,068	825,139	977.8
	2004	7,955	817,306	973.3
	2005	8,034	810,352	991.4
	2006	8,216	804,913	1,020.7
	2007	7,764	801,815	968.3
	2008	7,832	799,840	979.2
	2009	7,519	802,149	937.4
	2010	7,537	802,374	939.3
	2011	7,769	800,940	970.0
	2012	7,508	802,516	935.6
	Total	111,864	11,435,289	978.2
Hancock County, OH (39063)	1999	589	71,019	829.4
	2000	609	71,295	854.2
	2001	625	71,972	868.4
	2002	574	72,617	790.4
	2003	670	73,118	916.3
	2004	670	73,532	911.2
	2005	628	73,585	853.4
	2006	644	74,167	868.3
	2007	577	74,712	772.3
	2008	671	74,781	897.3
	2009	641	74,964	855.1
	2010	677	74,782	905.3
	2011	702	75,114	934.6
	2012	703	75,670	929.0
	Total	8,980	1,031,328	870.7
Hardin County, OH (39065)	1999	307	31,966	960.4
	2000	284	31,945	889.0
	2001	291	31,753	916.4
	2002	349	31,804	1,097.3
	2003	311	31,729	980.2
	2004	323	32,119	1,005.6
	2005	300	31,983	938.0
	2006	328	31,939	1,027.0
	2007	296	32,132	921.2
	2008	316	32,200	981.4
	2009	307	32,185	953.9
	2010	319	32,058	995.1
	2011	300	31,854	941.8
	2012	329	31,654	1,039.4
	Total	4,360	447,321	974.7
Harrison County, OH (39067)	1999	184	15,880	1,158.7
	2000	217	15,856	1,368.6
	2001	199	15,796	1,259.8
	2002	212	15,902	1,333.2
	2003	235	16,002	1,468.6
	2004	219	15,856	1,381.2
	2005	192	15,907	1,207.0
	2006	186	15,868	1,172.2
	2007	201	15,901	1,264.1
	2008	215	15,856	1,356.0
	2009	203	15,860	1,279.9
	2010	200	15,864	1,260.7
	2011	183	15,796	1,158.5
	2012	217	15,705	1,381.7
	Total	2,863	222,049	1,289.4
Henry County, OH (39069)	1999	280	29,267	956.7
	2000	270	29,210	924.3
	2001	259	29,055	891.4
	2002	283	29,119	971.9
	2003	286	29,021	985.5
	2004	219	29,014	754.8
	2005	268	29,031	923.2
	2006	237	29,026	816.5
	2007	288	28,671	1,004.5
	2008	266	28,523	932.6
	2009	224	28,322	790.9
	2010	268	28,215	949.8
	2011	277	28,219	981.6
	2012	280	28,085	997.0
	Total	3,705	402,778	919.9
Highland County, OH (39071)	1999	454	40,539	1,119.9
	2000	448	40,875	1,096.0
	2001	491	41,295	1,189.0
	2002	430	41,857	1,027.3
	2003	414	42,269	979.4
	2004	435	42,938	1,013.1
	2005	451	42,967	1,049.6
	2006	453	43,562	1,039.9
	2007	417	43,845	951.1
	2008	448	43,700	1,025.2
	2009	463	43,578	1,062.5
	2010	476	43,589	1,092.0
	2011	468	43,446	1,077.2
	2012	499	43,047	1,159.2
	Total	6,347	597,507	1,062.2
Hocking County, OH (39073)	1999	271	28,222	960.2
	2000	301	28,241	1,065.8
	2001	307	28,452	1,079.0
	2002	299	28,653	1,043.5
	2003	265	28,823	919.4
	2004	245	28,962	845.9
	2005	302	29,058	1,039.3
	2006	256	29,097	879.8
	2007	307	29,418	1,043.6
	2008	299	29,445	1,015.5
	2009	286	29,358	974.2
	2010	278	29,380	946.2
	2011	313	29,497	1,061.1
	2012	300	29,352	1,022.1
	Total	4,029	405,958	992.5
Holmes County, OH (39075)	1999	273	38,594	707.4
	2000	256	38,943	657.4
	2001	279	39,805	700.9
	2002	280	40,475	691.8
	2003	287	40,844	702.7
	2004	275	41,370	664.7
	2005	257	41,630	617.3
	2006	283	41,828	676.6
	2007	256	41,826	612.1
	2008	269	42,029	640.0
	2009	297	42,275	702.5
	2010	295	42,366	696.3
	2011	276	42,770	645.3
	2012	293	43,094	679.9
	Total	3,876	577,849	670.8
Huron County, OH (39077)	1999	540	59,266	911.1
	2000	536	59,487	901.0
	2001	521	59,620	873.9
	2002	499	59,917	832.8
	2003	543	59,947	905.8
	2004	533	60,011	888.2
	2005	574	60,116	954.8
	2006	560	60,113	931.6
	2007	522	60,086	868.8
	2008	548	60,121	911.5
	2009	524	59,754	876.9
	2010	548	59,626	919.1
	2011	559	59,421	940.7
	2012	587	59,294	990.0
	Total	7,594	836,779	907.5
Jackson County, OH (39079)	1999	363	32,638	1,112.2
	2000	373	32,641	1,142.7
	2001	354	32,670	1,083.6
	2002	348	32,846	1,059.5
	2003	372	32,880	1,131.4
	2004	350	33,025	1,059.8
	2005	402	33,242	1,209.3
	2006	394	33,135	1,189.1
	2007	358	33,144	1,080.1
	2008	384	33,164	1,157.9
	2009	353	33,115	1,066.0
	2010	397	33,225	1,194.9
	2011	387	33,130	1,168.1
	2012	405	32,902	1,230.9
	Total	5,240	461,757	1,134.8
Jefferson County, OH (39081)	1999	1,001	74,546	1,342.8
	2000	1,039	73,894	1,406.1
	2001	1,025	73,043	1,403.3
	2002	1,005	72,416	1,387.8
	2003	1,036	72,122	1,436.5
	2004	907	71,774	1,263.7
	2005	1,015	71,251	1,424.5
	2006	952	70,656	1,347.4
	2007	1,009	70,114	1,439.1
	2008	969	69,989	1,384.5
	2009	961	69,833	1,376.1
	2010	920	69,709	1,319.8
	2011	1,046	68,875	1,518.7
	2012	979	68,360	1,432.1
	Total	13,864	996,582	1,391.2
Knox County, OH (39083)	1999	552	54,061	1,021.1
	2000	532	54,500	976.1
	2001	518	55,460	934.0
	2002	557	56,377	988.0
	2003	563	57,232	983.7
	2004	569	57,995	981.1
	2005	578	58,641	985.7
	2006	548	59,194	925.8
	2007	543	59,843	907.4
	2008	546	60,348	904.8
	2009	586	60,633	966.5
	2010	595	60,921	976.7
	2011	651	61,299	1,062.0
	2012	631	60,793	1,037.9
	Total	7,969	817,297	975.0
Lake County, OH (39085)	1999	2,058	227,605	904.2
	2000	2,042	227,511	897.5
	2001	2,131	227,648	936.1
	2002	2,170	227,747	952.8
	2003	2,176	227,232	957.6
	2004	2,105	227,829	923.9
	2005	2,215	227,647	973.0
	2006	2,180	228,203	955.3
	2007	2,090	228,930	912.9
	2008	2,247	229,904	977.4
	2009	2,256	229,954	981.1
	2010	2,266	230,041	985.0
	2011	2,346	229,895	1,020.5
	2012	2,329	229,528	1,014.7
	Total	30,611	3,199,674	956.7
Lawrence County, OH (39087)	1999	713	62,523	1,140.4
	2000	738	62,319	1,184.2
	2001	737	61,965	1,189.4
	2002	753	61,847	1,217.5
	2003	753	62,197	1,210.7
	2004	738	62,169	1,187.1
	2005	719	62,476	1,150.8
	2006	721	62,798	1,148.1
	2007	727	62,748	1,158.6
	2008	716	62,640	1,143.0
	2009	684	62,667	1,091.5
	2010	690	62,450	1,104.9
	2011	713	62,402	1,142.6
	2012	745	62,114	1,199.4
	Total	10,147	873,315	1,161.9
Licking County, OH (39089)	1999	1,198	143,697	833.7
	2000	1,280	145,491	879.8
	2001	1,300	148,226	877.0
	2002	1,333	150,061	888.3
	2003	1,302	152,582	853.3
	2004	1,299	155,264	836.6
	2005	1,368	157,950	866.1
	2006	1,283	160,263	800.6
	2007	1,298	162,375	799.4
	2008	1,369	163,916	835.2
	2009	1,406	165,283	850.7
	2010	1,444	166,492	867.3
	2011	1,411	167,242	843.7
	2012	1,539	167,715	917.6
	Total	18,830	2,206,557	853.4
Logan County, OH (39091)	1999	493	46,063	1,070.3
	2000	442	46,005	960.8
	2001	447	45,865	974.6
	2002	465	46,089	1,008.9
	2003	458	46,257	990.1
	2004	478	46,247	1,033.6
	2005	465	46,066	1,009.4
	2006	447	45,902	973.8
	2007	425	46,154	920.8
	2008	441	46,115	956.3
	2009	486	46,055	1,055.3
	2010	475	45,858	1,035.8
	2011	432	45,634	946.7
	2012	458	45,442	1,007.9
	Total	6,412	643,752	996.0
Lorain County, OH (39093)	1999	2,488	283,364	878.0
	2000	2,394	284,664	841.0
	2001	2,444	285,827	855.1
	2002	2,729	287,489	949.3
	2003	2,534	290,622	871.9
	2004	2,591	292,125	886.9
	2005	2,627	294,873	890.9
	2006	2,573	297,259	865.6
	2007	2,577	298,609	863.0
	2008	2,632	299,814	877.9
	2009	2,610	300,893	867.4
	2010	2,794	301,356	927.1
	2011	2,893	301,829	958.5
	2012	2,865	301,597	949.9
	Total	36,751	4,120,321	891.9
Lucas County, OH (39095)	1999	4,617	455,515	1,013.6
	2000	4,660	455,054	1,024.1
	2001	4,520	454,855	993.7
	2002	4,468	454,240	983.6
	2003	4,449	453,778	980.4
	2004	4,248	451,255	941.4
	2005	4,384	449,224	975.9
	2006	4,235	446,769	947.9
	2007	4,263	445,482	956.9
	2008	4,334	443,909	976.3
	2009	4,255	442,603	961.4
	2010	4,186	441,815	947.5
	2011	4,230	439,770	961.9
	2012	4,418	437,201	1,010.5
	Total	61,267	6,271,470	976.9
Madison County, OH (39097)	1999	350	40,299	868.5
	2000	365	40,213	907.7
	2001	368	40,256	914.1
	2002	349	40,539	860.9
	2003	360	40,879	880.6
	2004	345	41,122	839.0
	2005	346	41,292	837.9
	2006	325	41,865	776.3
	2007	378	42,392	891.7
	2008	363	43,163	841.0
	2009	349	43,353	805.0
	2010	381	43,435	877.2
	2011	370	43,075	859.0
	2012	407	42,982	946.9
	Total	5,056	584,865	864.5
Mahoning County, OH (39099)	1999	3,265	259,145	1,259.9
	2000	3,160	257,555	1,226.9
	2001	3,102	255,264	1,215.2
	2002	3,035	252,998	1,199.6
	2003	3,151	251,696	1,251.9
	2004	3,016	249,825	1,207.2
	2005	3,040	247,702	1,227.3
	2006	2,960	246,112	1,202.7
	2007	2,998	243,453	1,231.4
	2008	3,082	241,572	1,275.8
	2009	2,963	240,050	1,234.3
	2010	3,054	238,823	1,278.8
	2011	3,045	237,015	1,284.7
	2012	3,072	235,463	1,304.7
	Total	42,943	3,456,673	1,242.3
Marion County, OH (39101)	1999	704	66,533	1,058.1
	2000	613	66,217	925.7
	2001	634	66,156	958.3
	2002	648	66,188	979.0
	2003	670	66,372	1,009.5
	2004	694	66,361	1,045.8
	2005	652	66,468	980.9
	2006	656	66,345	988.8
	2007	693	66,487	1,042.3
	2008	652	66,840	975.5
	2009	679	66,497	1,021.1
	2010	658	66,501	989.5
	2011	645	66,542	969.3
	2012	715	66,216	1,079.8
	Total	9,313	929,723	1,001.7
Medina County, OH (39103)	1999	1,055	149,137	707.4
	2000	1,031	151,095	682.4
	2001	1,072	154,363	694.5
	2002	1,136	157,502	721.3
	2003	1,137	160,325	709.2
	2004	1,101	163,048	675.3
	2005	1,097	164,953	665.0
	2006	1,100	167,298	657.5
	2007	1,201	168,775	711.6
	2008	1,254	170,330	736.2
	2009	1,224	171,688	712.9
	2010	1,293	172,332	750.3
	2011	1,372	173,409	791.2
	2012	1,404	173,725	808.2
	Total	16,477	2,297,980	717.0
Meigs County, OH (39105)	1999	255	23,209	1,098.7
	2000	278	23,072	1,204.9
	2001	259	23,119	1,120.3
	2002	259	23,305	1,111.3
	2003	248	23,441	1,058.0
	2004	255	23,506	1,084.8
	2005	284	23,588	1,204.0
	2006	287	23,586	1,216.8
	2007	264	23,612	1,118.1
	2008	292	23,534	1,240.8
	2009	255	23,770	1,072.8
	2010	257	23,770	1,081.2
	2011	265	23,685	1,118.9
	2012	251	23,616	1,062.8
	Total	3,709	328,813	1,128.0
Mercer County, OH (39107)	1999	347	40,958	847.2
	2000	366	40,924	894.3
	2001	352	40,819	862.3
	2002	330	40,843	808.0
	2003	418	40,841	1,023.5
	2004	372	40,889	909.8
	2005	406	40,967	991.0
	2006	388	41,063	944.9
	2007	385	41,055	937.8
	2008	401	41,022	977.5
	2009	370	40,855	905.6
	2010	400	40,814	980.1
	2011	367	40,785	899.8
	2012	423	40,867	1,035.1
	Total	5,325	572,702	929.8
Miami County, OH (39109)	1999	896	98,587	908.8
	2000	984	98,868	995.3
	2001	869	99,300	875.1
	2002	889	99,579	892.8
	2003	912	100,120	910.9
	2004	895	100,775	888.1
	2005	965	101,564	950.1
	2006	930	102,028	911.5
	2007	912	102,130	893.0
	2008	909	102,430	887.4
	2009	916	102,526	893.4
	2010	946	102,506	922.9
	2011	1,011	102,841	983.1
	2012	993	103,063	963.5
	Total	13,027	1,416,317	919.8
Monroe County, OH (39111)	1999	201	15,233	1,319.5
	2000	176	15,180	1,159.4
	2001	183	15,107	1,211.4
	2002	155	15,006	1,032.9
	2003	187	15,048	1,242.7
	2004	159	15,113	1,052.1
	2005	217	14,943	1,452.2
	2006	163	14,818	1,100.0
	2007	153	14,774	1,035.6
	2008	152	14,833	1,024.7
	2009	198	14,742	1,343.1
	2010	172	14,642	1,174.7
	2011	172	14,725	1,168.1
	2012	166	14,589	1,137.8
	Total	2,454	208,753	1,175.6
Montgomery County, OH (39113)	1999	5,667	561,944	1,008.5
	2000	5,588	559,062	999.5
	2001	5,565	555,536	1,001.7
	2002	5,654	553,170	1,022.1
	2003	5,510	551,742	998.7
	2004	5,363	549,713	975.6
	2005	5,399	546,979	987.1
	2006	5,342	543,620	982.7
	2007	5,373	540,667	993.8
	2008	5,781	537,664	1,075.2
	2009	5,404	535,294	1,009.5
	2010	5,653	535,153	1,056.3
	2011	5,693	536,910	1,060.3
	2012	5,681	536,270	1,059.4
	Total	77,673	7,643,724	1,016.2
Morgan County, OH (39115)	1999	166	14,843	1,118.4
	2000	167	14,897	1,121.0
	2001	168	14,942	1,124.3
	2002	167	14,917	1,119.5
	2003	165	14,999	1,100.1
	2004	136	15,130	898.9
	2005	151	15,216	992.4
	2006	150	15,189	987.6
	2007	168	15,175	1,107.1
	2008	161	15,104	1,065.9
	2009	152	15,073	1,008.4
	2010	152	15,054	1,009.7
	2011	178	15,079	1,180.4
	2012	173	14,926	1,159.1
	Total	2,254	210,544	1,070.6
Morrow County, OH (39117)	1999	250	31,198	801.3
	2000	248	31,628	784.1
	2001	263	32,438	810.8
	2002	277	32,955	840.5
	2003	252	33,524	751.7
	2004	275	34,025	808.2
	2005	283	34,271	825.8
	2006	272	34,561	787.0
	2007	280	34,937	801.4
	2008	271	34,877	777.0
	2009	274	34,907	784.9
	2010	298	34,827	855.7
	2011	310	34,907	888.1
	2012	289	34,988	826.0
	Total	3,842	474,043	810.5
Muskingum County, OH (39119)	1999	895	84,388	1,060.6
	2000	819	84,585	968.3
	2001	864	84,789	1,019.0
	2002	883	85,247	1,035.8
	2003	874	85,418	1,023.2
	2004	831	85,589	970.9
	2005	885	85,696	1,032.7
	2006	905	86,023	1,052.0
	2007	827	85,939	962.3
	2008	910	85,874	1,059.7
	2009	907	85,779	1,057.4
	2010	925	86,074	1,074.7
	2011	884	86,219	1,025.3
	2012	1,005	85,934	1,169.5
	Total	12,414	1,197,554	1,036.6
Noble County, OH (39121)	1999	106	14,009	756.7
	2000	115	14,058	818.0
	2001	107	13,857	772.2
	2002	142	13,931	1,019.3
	2003	114	14,221	801.6
	2004	109	14,352	759.5
	2005	124	14,210	872.6
	2006	119	14,616	814.2
	2007	119	14,614	814.3
	2008	140	14,653	955.4
	2009	122	14,649	832.8
	2010	120	14,645	819.4
	2011	127	14,685	864.8
	2012	117	14,601	801.3
	Total	1,681	201,101	835.9
Ottawa County, OH (39123)	1999	472	41,017	1,150.7
	2000	412	40,985	1,005.2
	2001	441	41,015	1,075.2
	2002	450	41,029	1,096.8
	2003	434	41,329	1,050.1
	2004	450	41,564	1,082.7
	2005	451	41,629	1,083.4
	2006	493	41,641	1,183.9
	2007	452	41,690	1,084.2
	2008	454	41,554	1,092.6
	2009	460	41,498	1,108.5
	2010	444	41,428	1,071.7
	2011	444	41,453	1,071.1
	2012	500	41,355	1,209.0
	Total	6,357	579,187	1,097.6
Paulding County, OH (39125)	1999	191	20,414	935.6
	2000	170	20,293	837.7
	2001	183	20,183	906.7
	2002	176	19,972	881.2
	2003	166	19,887	834.7
	2004	180	19,803	909.0
	2005	167	19,810	843.0
	2006	166	19,748	840.6
	2007	199	19,735	1,008.4
	2008	205	19,670	1,042.2
	2009	186	19,659	946.1
	2010	183	19,614	933.0
	2011	197	19,401	1,015.4
	2012	209	19,308	1,082.5
	Total	2,578	277,497	929.0
Perry County, OH (39127)	1999	337	33,960	992.3
	2000	316	34,078	927.3
	2001	275	34,375	800.0
	2002	337	34,629	973.2
	2003	344	34,944	984.4
	2004	303	35,117	862.8
	2005	364	35,254	1,032.5
	2006	307	35,430	866.5
	2007	282	35,582	792.5
	2008	323	36,150	893.5
	2009	351	35,996	975.1
	2010	321	36,058	890.2
	2011	354	36,218	977.4
	2012	341	36,000	947.2
	Total	4,555	493,791	922.5
Pickaway County, OH (39129)	1999	433	52,492	824.9
	2000	448	52,727	849.7
	2001	446	52,344	852.1
	2002	465	51,778	898.1
	2003	444	51,983	854.1
	2004	391	52,238	748.5
	2005	481	52,954	908.3
	2006	482	54,094	891.0
	2007	467	55,044	848.4
	2008	458	55,376	827.1
	2009	492	55,323	889.3
	2010	497	55,698	892.3
	2011	484	56,008	864.2
	2012	526	56,347	933.5
	Total	6,514	754,406	863.5
Pike County, OH (39131)	1999	308	27,521	1,119.1
	2000	297	27,695	1,072.4
	2001	311	27,807	1,118.4
	2002	328	28,072	1,168.4
	2003	306	28,258	1,082.9
	2004	293	28,427	1,030.7
	2005	321	28,299	1,134.3
	2006	307	28,590	1,073.8
	2007	311	28,645	1,085.7
	2008	325	28,763	1,129.9
	2009	349	28,679	1,216.9
	2010	292	28,709	1,017.1
	2011	329	28,646	1,148.5
	2012	336	28,515	1,178.3
	Total	4,413	396,626	1,112.6
Portage County, OH (39133)	1999	1,094	151,388	722.6
	2000	1,062	152,061	698.4
	2001	1,104	153,554	719.0
	2002	1,151	154,667	744.2
	2003	1,181	155,976	757.2
	2004	1,212	156,774	773.1
	2005	1,241	157,469	788.1
	2006	1,160	157,773	735.2
	2007	1,186	159,148	745.2
	2008	1,254	160,184	782.8
	2009	1,269	161,226	787.1
	2010	1,307	161,419	809.7
	2011	1,304	164,123	794.5
	2012	1,384	163,851	844.7
	Total	16,909	2,209,613	765.2
Preble County, OH (39135)	1999	338	42,389	797.4
	2000	387	42,337	914.1
	2001	380	42,427	895.7
	2002	398	42,587	934.6
	2003	384	42,640	900.6
	2004	407	42,613	955.1
	2005	412	42,584	967.5
	2006	423	42,651	991.8
	2007	376	42,561	883.4
	2008	407	42,688	953.4
	2009	415	42,424	978.2
	2010	439	42,270	1,038.6
	2011	456	42,037	1,084.8
	2012	455	41,873	1,086.6
	Total	5,677	594,081	955.6
Putnam County, OH (39137)	1999	287	34,654	828.2
	2000	278	34,726	800.6
	2001	287	34,746	826.0
	2002	307	34,643	886.2
	2003	301	34,758	866.0
	2004	314	34,680	905.4
	2005	278	34,798	798.9
	2006	267	34,781	767.7
	2007	278	34,752	800.0
	2008	290	34,655	836.8
	2009	316	34,583	913.7
	2010	308	34,499	892.8
	2011	294	34,378	855.2
	2012	311	34,201	909.3
	Total	4,116	484,854	848.9
Richland County, OH (39139)	1999	1,353	129,233	1,046.9
	2000	1,211	128,852	939.8
	2001	1,263	128,187	985.3
	2002	1,226	128,363	955.1
	2003	1,205	128,312	939.1
	2004	1,229	128,094	959.5
	2005	1,257	127,724	984.2
	2006	1,288	127,292	1,011.8
	2007	1,237	126,995	974.1
	2008	1,249	126,128	990.3
	2009	1,253	125,308	999.9
	2010	1,315	124,475	1,056.4
	2011	1,355	123,096	1,100.8
	2012	1,310	122,585	1,068.6
	Total	17,751	1,774,644	1,000.3
Ross County, OH (39141)	1999	710	73,287	968.8
	2000	709	73,345	966.7
	2001	701	73,840	949.3
	2002	769	74,363	1,034.1
	2003	779	75,008	1,038.6
	2004	669	75,251	889.0
	2005	772	75,935	1,016.7
	2006	709	76,639	925.1
	2007	726	77,419	937.8
	2008	744	77,675	957.8
	2009	763	77,862	979.9
	2010	813	78,064	1,041.5
	2011	810	77,645	1,043.2
	2012	857	77,475	1,106.2
	Total	10,531	1,063,808	989.9
Sandusky County, OH (39143)	1999	669	61,777	1,082.9
	2000	589	61,792	953.2
	2001	580	61,788	938.7
	2002	616	61,918	994.9
	2003	652	61,784	1,055.3
	2004	631	61,930	1,018.9
	2005	633	61,865	1,023.2
	2006	638	61,745	1,033.3
	2007	638	61,571	1,036.2
	2008	666	61,184	1,088.5
	2009	597	61,039	978.1
	2010	655	60,944	1,074.8
	2011	611	60,586	1,008.5
	2012	594	60,461	982.5
	Total	8,769	860,384	1,019.2
Scioto County, OH (39145)	1999	1,001	79,640	1,256.9
	2000	970	79,195	1,224.8
	2001	973	78,784	1,235.0
	2002	991	78,652	1,260.0
	2003	975	78,278	1,245.6
	2004	926	77,788	1,190.4
	2005	891	77,926	1,143.4
	2006	884	78,285	1,129.2
	2007	893	78,775	1,133.6
	2008	1,026	79,133	1,296.6
	2009	886	79,241	1,118.1
	2010	948	79,499	1,192.5
	2011	906	79,238	1,143.4
	2012	976	78,592	1,241.9
	Total	13,246	1,103,026	1,200.9
Seneca County, OH (39147)	1999	561	58,957	951.5
	2000	589	58,683	1,003.7
	2001	534	58,376	914.8
	2002	527	58,090	907.2
	2003	557	58,006	960.2
	2004	559	57,857	966.2
	2005	579	57,664	1,004.1
	2006	587	57,406	1,022.5
	2007	582	57,289	1,015.9
	2008	578	57,199	1,010.5
	2009	551	56,897	968.4
	2010	527	56,745	928.7
	2011	576	56,417	1,021.0
	2012	650	56,033	1,160.0
	Total	7,957	805,619	987.7
Shelby County, OH (39149)	1999	422	47,750	883.8
	2000	420	47,910	876.6
	2001	410	48,662	842.5
	2002	453	48,671	930.7
	2003	383	48,766	785.4
	2004	366	48,791	750.1
	2005	394	49,044	803.4
	2006	390	49,099	794.3
	2007	391	49,284	793.4
	2008	382	49,454	772.4
	2009	397	49,540	801.4
	2010	377	49,423	762.8
	2011	439	49,305	890.4
	2012	406	49,197	825.3
	Total	5,630	684,896	822.0
Stark County, OH (39151)	1999	3,823	378,220	1,010.8
	2000	3,883	378,098	1,027.0
	2001	3,931	377,295	1,041.9
	2002	3,841	376,867	1,019.2
	2003	4,013	376,721	1,065.2
	2004	3,688	376,663	979.1
	2005	3,890	376,050	1,034.4
	2006	3,826	376,180	1,017.1
	2007	3,940	376,877	1,045.4
	2008	3,999	377,141	1,060.3
	2009	3,810	376,210	1,012.7
	2010	3,952	375,586	1,052.2
	2011	4,067	374,508	1,086.0
	2012	4,070	375,105	1,085.0
	Total	54,733	5,271,521	1,038.3
Summit County, OH (39153)	1999	5,279	541,737	974.5
	2000	5,368	542,899	988.8
	2001	5,360	544,554	984.3
	2002	5,460	544,866	1,002.1
	2003	5,521	545,163	1,012.7
	2004	5,336	545,037	979.0
	2005	5,438	545,029	997.7
	2006	5,154	544,660	946.3
	2007	5,257	544,275	965.9
	2008	5,424	543,116	998.7
	2009	5,362	542,135	989.1
	2010	5,334	541,781	984.5
	2011	5,543	541,294	1,024.0
	2012	5,522	541,106	1,020.5
	Total	75,358	7,607,652	990.6
Trumbull County, OH (39155)	1999	2,391	226,084	1,057.6
	2000	2,401	225,116	1,066.6
	2001	2,403	223,991	1,072.8
	2002	2,484	222,484	1,116.5
	2003	2,415	220,889	1,093.3
	2004	2,385	219,540	1,086.4
	2005	2,418	217,926	1,109.6
	2006	2,471	216,185	1,143.0
	2007	2,474	214,296	1,154.5
	2008	2,463	212,191	1,160.7
	2009	2,359	211,290	1,116.5
	2010	2,360	210,312	1,122.1
	2011	2,549	208,905	1,220.2
	2012	2,529	207,403	1,219.4
	Total	34,102	3,036,612	1,123.0
Tuscarawas County, OH (39157)	1999	927	90,501	1,024.3
	2000	942	90,914	1,036.1
	2001	917	91,319	1,004.2
	2002	949	91,735	1,034.5
	2003	909	92,015	987.9
	2004	868	92,348	939.9
	2005	947	92,286	1,026.2
	2006	895	92,271	970.0
	2007	932	92,511	1,007.4
	2008	937	92,634	1,011.5
	2009	943	92,584	1,018.5
	2010	928	92,582	1,002.4
	2011	987	92,450	1,067.6
	2012	968	92,391	1,047.7
	Total	13,049	1,288,541	1,012.7
Union County, OH (39159)	1999	251	40,154	625.1
	2000	288	40,909	704.0
	2001	268	42,859	625.3
	2002	285	43,517	654.9
	2003	291	44,665	651.5
	2004	315	45,819	687.5
	2005	322	46,952	685.8
	2006	325	48,589	668.9
	2007	296	49,906	593.1
	2008	318	50,856	625.3
	2009	294	51,798	567.6
	2010	317	52,300	606.1
	2011	319	53,096	600.8
	2012	328	52,786	621.4
	Total	4,217	664,206	634.9
Van Wert County, OH (39161)	1999	295	29,825	989.1
	2000	314	29,659	1,058.7
	2001	286	29,430	971.8
	2002	338	29,327	1,152.5
	2003	332	29,288	1,133.6
	2004	276	29,322	941.3
	2005	321	29,264	1,096.9
	2006	300	29,342	1,022.4
	2007	293	29,182	1,004.0
	2008	317	29,075	1,090.3
	2009	287	28,849	994.8
	2010	256	28,744	890.6
	2011	287	28,706	999.8
	2012	316	28,739	1,099.6
	Total	4,218	408,752	1,031.9
Vinton County, OH (39163)	1999	133	12,735	1,044.4
	2000	127	12,806	991.7
	2001	106	12,966	817.5
	2002	121	13,076	925.4
	2003	139	13,260	1,048.3
	2004	114	13,308	856.6
	2005	125	13,370	934.9
	2006	125	13,516	924.8
	2007	127	13,566	936.2
	2008	128	13,452	951.5
	2009	150	13,474	1,113.3
	2010	118	13,435	878.3
	2011	137	13,407	1,021.9
	2012	134	13,251	1,011.2
	Total	1,784	185,622	961.1
Warren County, OH (39165)	1999	1,081	152,448	709.1
	2000	1,067	158,383	673.7
	2001	1,092	167,851	650.6
	2002	1,176	174,833	672.6
	2003	1,195	181,976	656.7
	2004	1,198	188,904	634.2
	2005	1,286	195,499	657.8
	2006	1,218	200,630	607.1
	2007	1,263	205,258	615.3
	2008	1,322	208,640	633.6
	2009	1,428	211,231	676.0
	2010	1,398	212,693	657.3
	2011	1,456	215,406	675.9
	2012	1,519	217,310	699.0
	Total	17,699	2,691,062	657.7
Washington County, OH (39167)	1999	674	63,479	1,061.8
	2000	693	63,251	1,095.6
	2001	690	62,847	1,097.9
	2002	696	62,638	1,111.1
	2003	706	62,759	1,124.9
	2004	641	62,924	1,018.7
	2005	689	62,547	1,101.6
	2006	654	62,387	1,048.3
	2007	652	62,253	1,047.3
	2008	758	62,040	1,221.8
	2009	671	61,968	1,082.8
	2010	632	61,778	1,023.0
	2011	742	61,572	1,205.1
	2012	699	61,466	1,137.2
	Total	9,597	873,909	1,098.2
Wayne County, OH (39169)	1999	983	111,191	884.1
	2000	959	111,564	859.6
	2001	898	112,161	800.6
	2002	936	112,684	830.6
	2003	963	113,067	851.7
	2004	946	113,240	835.4
	2005	1,038	113,603	913.7
	2006	956	114,263	836.7
	2007	950	114,224	831.7
	2008	1,027	114,610	896.1
	2009	1,012	114,588	883.2
	2010	1,027	114,520	896.8
	2011	1,023	114,686	892.0
	2012	1,067	114,910	928.6
	Total	13,785	1,589,311	867.4
Williams County, OH (39171)	1999	376	39,106	961.5
	2000	384	39,188	979.9
	2001	367	39,085	939.0
	2002	334	38,959	857.3
	2003	358	38,753	923.8
	2004	389	38,719	1,004.7
	2005	371	38,546	962.5
	2006	394	38,547	1,022.1
	2007	344	38,532	892.8
	2008	392	38,297	1,023.6
	2009	371	37,950	977.6
	2010	374	37,642	993.6
	2011	355	37,598	944.2
	2012	367	37,542	977.6
	Total	5,176	538,464	961.3
Wood County, OH (39173)	1999	930	120,869	769.4
	2000	922	121,065	761.6
	2001	954	122,013	781.9
	2002	930	122,206	761.0
	2003	925	122,826	753.1
	2004	890	124,149	716.9
	2005	902	124,698	723.3
	2006	998	125,027	798.2
	2007	951	125,285	759.1
	2008	943	125,275	752.7
	2009	950	125,384	757.7
	2010	989	125,488	788.1
	2011	1,015	127,328	797.2
	2012	959	128,708	745.1
	Total	13,258	1,740,321	761.8
Wyandot County, OH (39175)	1999	226	22,897	987.0
	2000	245	22,908	1,069.5
	2001	232	22,787	1,018.1
	2002	233	22,813	1,021.3
	2003	243	22,816	1,065.0
	2004	250	22,914	1,091.0
	2005	230	22,820	1,007.9
	2006	227	22,729	998.7
	2007	232	22,716	1,021.3
	2008	222	22,642	980.5
	2009	235	22,644	1,037.8
	2010	214	22,615	946.3
	2011	207	22,642	914.2
	2012	231	22,591	1,022.5
	Total	3,227	318,534	1,013.1
Total		1,521,782	160,499,521	948.2
