
                        
                      	Year	
                        
                      	
                        
                      	
                        
                      
Adair County, IA (19001)	1999	133	8,298	1,602.8
	2000	109	8,243	1,322.3
	2001	115	8,132	1,414.2
	2002	107	8,059	1,327.7
	2003	119	8,050	1,478.3
	2004	126	8,019	1,571.3
	2005	106	7,932	1,336.4
	2006	120	7,924	1,514.4
	2007	104	7,871	1,321.3
	2008	110	7,747	1,419.9
	2009	88	7,676	1,146.4
	2010	117	7,682	1,523.0
	2011	114	7,585	1,503.0
	2012	106	7,515	1,410.5
	Total	1,574	110,733	1,421.4
Adams County, IA (19003)	1999	66	4,498	1,467.3
	2000	55	4,482	1,227.1
	2001	49	4,402	1,113.1
	2002	60	4,370	1,373.0
	2003	59	4,365	1,351.7
	2004	55	4,307	1,277.0
	2005	57	4,226	1,348.8
	2006	38	4,224	899.6
	2007	47	4,195	1,120.4
	2008	60	4,151	1,445.4
	2009	56	4,047	1,383.7
	2010	46	4,029	1,141.7
	2011	52	3,994	1,302.0
	2012	54	3,907	1,382.1
	Total	754	59,197	1,273.7
Allamakee County, IA (19005)	1999	159	14,651	1,085.3
	2000	173	14,675	1,178.9
	2001	168	14,333	1,172.1
	2002	165	14,289	1,154.7
	2003	154	14,345	1,073.5
	2004	152	14,324	1,061.2
	2005	167	14,371	1,162.1
	2006	174	14,378	1,210.2
	2007	167	14,335	1,165.0
	2008	140	14,325	977.3
	2009	190	14,263	1,332.1
	2010	143	14,330	997.9
	2011	173	14,231	1,215.7
	2012	175	14,203	1,232.1
	Total	2,300	201,053	1,144.0
Appanoose County, IA (19007)	1999	184	13,709	1,342.2
	2000	174	13,721	1,268.1
	2001	158	13,578	1,163.6
	2002	167	13,420	1,244.4
	2003	200	13,522	1,479.1
	2004	197	13,462	1,463.4
	2005	171	13,453	1,271.1
	2006	178	13,319	1,336.4
	2007	206	13,105	1,571.9
	2008	188	12,950	1,451.7
	2009	180	12,896	1,395.8
	2010	164	12,887	1,272.6
	2011	160	12,869	1,243.3
	2012	168	12,715	1,321.3
	Total	2,495	185,606	1,344.2
Audubon County, IA (19009)	1999	80	6,896	1,160.1
	2000	114	6,830	1,669.1
	2001	101	6,664	1,515.6
	2002	100	6,572	1,521.6
	2003	81	6,479	1,250.2
	2004	114	6,430	1,772.9
	2005	83	6,324	1,312.5
	2006	74	6,265	1,181.2
	2007	80	6,222	1,285.8
	2008	88	6,200	1,419.4
	2009	85	6,136	1,385.3
	2010	81	6,119	1,323.7
	2011	89	6,016	1,479.4
	2012	86	5,876	1,463.6
	Total	1,256	89,029	1,410.8
Benton County, IA (19011)	1999	214	25,214	848.7
	2000	229	25,308	904.9
	2001	236	25,532	924.3
	2002	252	25,829	975.6
	2003	235	25,946	905.7
	2004	227	26,181	867.0
	2005	233	26,265	887.1
	2006	236	26,137	902.9
	2007	207	26,066	794.1
	2008	211	26,097	808.5
	2009	233	26,117	892.1
	2010	223	26,076	855.2
	2011	242	26,132	926.1
	2012	196	25,849	758.2
	Total	3,174	362,749	875.0
Black Hawk County, IA (19013)	1999	1,164	127,786	910.9
	2000	1,157	128,012	903.8
	2001	1,137	127,765	889.9
	2002	1,115	126,876	878.8
	2003	1,132	126,491	894.9
	2004	1,145	126,682	903.8
	2005	1,085	127,021	854.2
	2006	1,098	127,486	861.3
	2007	1,072	127,756	839.1
	2008	1,135	129,203	878.5
	2009	1,154	130,595	883.6
	2010	1,132	131,090	863.5
	2011	1,135	131,401	863.8
	2012	1,175	131,638	892.6
	Total	15,836	1,799,802	879.9
Boone County, IA (19015)	1999	310	26,164	1,184.8
	2000	319	26,224	1,216.4
	2001	287	26,249	1,093.4
	2002	263	26,086	1,008.2
	2003	275	26,232	1,048.3
	2004	248	26,372	940.4
	2005	267	26,500	1,007.5
	2006	281	26,471	1,061.5
	2007	305	26,553	1,148.6
	2008	299	26,454	1,130.3
	2009	297	26,360	1,126.7
	2010	293	26,306	1,113.8
	2011	289	26,335	1,097.4
	2012	298	26,217	1,136.7
	Total	4,031	368,523	1,093.8
Bremer County, IA (19017)	1999	229	23,398	978.7
	2000	218	23,325	934.6
	2001	236	23,506	1,004.0
	2002	205	23,386	876.6
	2003	218	23,549	925.7
	2004	210	23,728	885.0
	2005	221	23,833	927.3
	2006	205	24,054	852.2
	2007	230	24,237	949.0
	2008	234	24,162	968.5
	2009	218	24,183	901.5
	2010	210	24,276	865.1
	2011	196	24,371	804.2
	2012	221	24,472	903.1
	Total	3,051	334,480	912.2
Buchanan County, IA (19019)	1999	212	21,158	1,002.0
	2000	183	21,093	867.6
	2001	181	20,952	863.9
	2002	229	20,796	1,101.2
	2003	201	20,822	965.3
	2004	185	20,910	884.7
	2005	185	20,831	888.1
	2006	191	20,957	911.4
	2007	195	21,069	925.5
	2008	204	21,154	964.4
	2009	173	21,016	823.2
	2010	203	20,958	968.6
	2011	213	20,885	1,019.9
	2012	206	20,946	983.5
	Total	2,761	293,547	940.6
Buena Vista County, IA (19021)	1999	230	20,508	1,121.5
	2000	202	20,411	989.7
	2001	215	20,241	1,062.2
	2002	212	20,233	1,047.8
	2003	167	20,141	829.2
	2004	168	20,000	840.0
	2005	180	19,970	901.4
	2006	185	19,909	929.2
	2007	186	19,798	939.5
	2008	189	19,855	951.9
	2009	180	20,004	899.8
	2010	199	20,260	982.2
	2011	197	20,284	971.2
	2012	183	20,562	890.0
	Total	2,693	282,176	954.4
Butler County, IA (19023)	1999	182	15,286	1,190.6
	2000	200	15,305	1,306.8
	2001	207	15,065	1,374.0
	2002	193	14,926	1,293.0
	2003	205	14,939	1,372.2
	2004	190	14,985	1,267.9
	2005	188	14,965	1,256.3
	2006	171	14,931	1,145.3
	2007	185	14,961	1,236.5
	2008	207	14,957	1,384.0
	2009	188	14,699	1,279.0
	2010	162	14,867	1,089.7
	2011	185	14,948	1,237.6
	2012	190	14,976	1,268.7
	Total	2,653	209,810	1,264.5
Calhoun County, IA (19025)	1999	164	11,190	1,465.6
	2000	161	11,115	1,448.5
	2001	158	10,918	1,447.2
	2002	146	10,683	1,366.7
	2003	135	10,488	1,287.2
	2004	128	10,382	1,232.9
	2005	162	10,228	1,583.9
	2006	140	10,093	1,387.1
	2007	131	9,947	1,317.0
	2008	137	9,845	1,391.6
	2009	142	9,684	1,466.3
	2010	157	9,670	1,623.6
	2011	125	10,059	1,242.7
	2012	129	9,928	1,299.4
	Total	2,015	144,230	1,397.1
Carroll County, IA (19027)	1999	269	21,631	1,243.6
	2000	238	21,421	1,111.1
	2001	189	21,225	890.5
	2002	259	21,159	1,224.1
	2003	219	21,024	1,041.7
	2004	210	20,936	1,003.1
	2005	230	20,973	1,096.6
	2006	235	20,832	1,128.1
	2007	258	20,869	1,236.3
	2008	233	20,742	1,123.3
	2009	249	20,743	1,200.4
	2010	243	20,816	1,167.4
	2011	233	20,837	1,118.2
	2012	244	20,653	1,181.4
	Total	3,309	293,861	1,126.0
Cass County, IA (19029)	1999	220	14,649	1,501.8
	2000	190	14,684	1,293.9
	2001	206	14,488	1,421.9
	2002	212	14,242	1,488.6
	2003	170	14,275	1,190.9
	2004	174	14,142	1,230.4
	2005	192	14,002	1,371.2
	2006	164	14,021	1,169.7
	2007	167	13,988	1,193.9
	2008	203	13,935	1,456.8
	2009	186	13,949	1,333.4
	2010	222	13,956	1,590.7
	2011	172	13,774	1,248.7
	2012	198	13,716	1,443.6
	Total	2,676	197,821	1,352.7
Cedar County, IA (19031)	1999	165	18,178	907.7
	2000	167	18,187	918.2
	2001	187	18,126	1,031.7
	2002	178	18,150	980.7
	2003	176	18,224	965.8
	2004	176	18,248	964.5
	2005	156	18,213	856.5
	2006	152	18,332	829.2
	2007	171	18,321	933.4
	2008	188	18,460	1,018.4
	2009	173	18,458	937.3
	2010	169	18,499	913.6
	2011	185	18,453	1,002.5
	2012	176	18,440	954.4
	Total	2,419	256,289	943.9
Cerro Gordo County, IA (19033)	1999	515	46,637	1,104.3
	2000	533	46,447	1,147.5
	2001	517	45,844	1,127.7
	2002	525	45,430	1,155.6
	2003	514	45,412	1,131.9
	2004	498	44,993	1,106.8
	2005	563	44,741	1,258.4
	2006	504	44,531	1,131.8
	2007	483	44,461	1,086.3
	2008	517	44,285	1,167.4
	2009	478	44,239	1,080.5
	2010	452	44,151	1,023.8
	2011	492	43,986	1,118.5
	2012	475	43,758	1,085.5
	Total	7,066	628,915	1,123.5
Cherokee County, IA (19035)	1999	176	13,096	1,343.9
	2000	161	13,035	1,235.1
	2001	157	12,905	1,216.6
	2002	161	12,685	1,269.2
	2003	159	12,579	1,264.0
	2004	151	12,510	1,207.0
	2005	152	12,380	1,227.8
	2006	143	12,215	1,170.7
	2007	136	12,152	1,119.2
	2008	172	12,014	1,431.7
	2009	161	11,953	1,346.9
	2010	149	12,072	1,234.3
	2011	156	12,047	1,294.9
	2012	164	11,992	1,367.6
	Total	2,198	173,635	1,265.9
Chickasaw County, IA (19037)	1999	147	13,209	1,112.9
	2000	128	13,095	977.5
	2001	144	13,192	1,091.6
	2002	148	12,941	1,143.7
	2003	168	12,770	1,315.6
	2004	148	12,691	1,166.2
	2005	135	12,561	1,074.8
	2006	129	12,603	1,023.6
	2007	119	12,540	949.0
	2008	123	12,471	986.3
	2009	114	12,465	914.6
	2010	137	12,439	1,101.4
	2011	139	12,411	1,120.0
	2012	133	12,284	1,082.7
	Total	1,912	177,672	1,076.1
Clarke County, IA (19039)	1999	104	8,908	1,167.5
	2000	97	9,133	1,062.1
	2001	102	9,207	1,107.9
	2002	102	9,213	1,107.1
	2003	90	9,282	969.6
	2004	91	9,307	977.8
	2005	125	9,180	1,361.7
	2006	104	9,196	1,130.9
	2007	107	9,149	1,169.5
	2008	100	9,217	1,085.0
	2009	94	9,228	1,018.6
	2010	95	9,286	1,023.0
	2011	125	9,313	1,342.2
	2012	111	9,389	1,182.2
	Total	1,447	129,008	1,121.6
Clay County, IA (19041)	1999	186	17,339	1,072.7
	2000	181	17,372	1,041.9
	2001	158	17,256	915.6
	2002	198	17,086	1,158.8
	2003	190	16,985	1,118.6
	2004	171	16,960	1,008.3
	2005	167	16,848	991.2
	2006	176	16,812	1,046.9
	2007	194	16,725	1,159.9
	2008	205	16,697	1,227.8
	2009	165	16,708	987.6
	2010	201	16,667	1,206.0
	2011	196	16,603	1,180.5
	2012	188	16,591	1,133.1
	Total	2,576	236,649	1,088.5
Clayton County, IA (19043)	1999	244	18,825	1,296.1
	2000	228	18,678	1,220.7
	2001	215	18,529	1,160.3
	2002	226	18,369	1,230.3
	2003	202	18,357	1,100.4
	2004	226	18,358	1,231.1
	2005	189	18,269	1,034.5
	2006	174	18,272	952.3
	2007	198	18,259	1,084.4
	2008	203	18,209	1,114.8
	2009	178	18,185	978.8
	2010	203	18,129	1,119.8
	2011	180	17,989	1,000.6
	2012	190	17,911	1,060.8
	Total	2,856	256,339	1,114.1
Clinton County, IA (19045)	1999	574	50,346	1,140.1
	2000	513	50,149	1,023.0
	2001	527	49,889	1,056.3
	2002	550	49,659	1,107.6
	2003	562	49,585	1,133.4
	2004	496	49,498	1,002.1
	2005	553	49,475	1,117.7
	2006	532	49,487	1,075.0
	2007	511	49,342	1,035.6
	2008	566	49,303	1,148.0
	2009	505	49,147	1,027.5
	2010	577	49,116	1,174.8
	2011	536	49,098	1,091.7
	2012	527	48,708	1,082.0
	Total	7,529	692,802	1,086.7
Crawford County, IA (19047)	1999	181	16,911	1,070.3
	2000	182	16,942	1,074.3
	2001	171	16,960	1,008.3
	2002	164	16,981	965.8
	2003	170	16,953	1,002.8
	2004	169	16,941	997.6
	2005	172	16,920	1,016.5
	2006	163	16,868	966.3
	2007	162	16,931	956.8
	2008	178	16,881	1,054.4
	2009	160	16,944	944.3
	2010	165	17,096	965.1
	2011	158	17,218	917.6
	2012	154	17,301	890.1
	Total	2,349	237,847	987.6
Dallas County, IA (19049)	1999	342	39,691	861.7
	2000	302	40,750	741.1
	2001	299	43,204	692.1
	2002	315	44,960	700.6
	2003	314	47,118	666.4
	2004	320	50,387	635.1
	2005	321	53,042	605.2
	2006	328	56,158	584.1
	2007	356	59,164	601.7
	2008	335	62,144	539.1
	2009	339	64,489	525.7
	2010	353	66,135	533.8
	2011	346	69,732	496.2
	2012	379	72,098	525.7
	Total	4,649	769,072	604.5
Davis County, IA (19051)	1999	81	8,518	950.9
	2000	91	8,541	1,065.4
	2001	89	8,588	1,036.3
	2002	99	8,586	1,153.0
	2003	103	8,534	1,206.9
	2004	92	8,612	1,068.3
	2005	94	8,583	1,095.2
	2006	77	8,619	893.4
	2007	87	8,676	1,002.8
	2008	88	8,675	1,014.4
	2009	81	8,701	930.9
	2010	74	8,753	845.4
	2011	101	8,774	1,151.1
	2012	98	8,716	1,124.4
	Total	1,255	120,876	1,038.3
Decatur County, IA (19053)	1999	104	8,646	1,202.9
	2000	114	8,689	1,312.0
	2001	86	8,669	992.0
	2002	93	8,603	1,081.0
	2003	108	8,575	1,259.5
	2004	73	8,580	850.8
	2005	87	8,618	1,009.5
	2006	92	8,576	1,072.8
	2007	112	8,569	1,307.0
	2008	97	8,457	1,147.0
	2009	95	8,506	1,116.9
	2010	106	8,457	1,253.4
	2011	92	8,245	1,115.8
	2012	92	8,237	1,116.9
	Total	1,351	119,427	1,131.2
Delaware County, IA (19055)	1999	157	18,444	851.2
	2000	154	18,404	836.8
	2001	170	18,294	929.3
	2002	148	18,271	810.0
	2003	163	18,190	896.1
	2004	141	18,066	780.5
	2005	163	17,955	907.8
	2006	164	17,957	913.3
	2007	147	17,981	817.5
	2008	167	17,840	936.1
	2009	179	17,755	1,008.2
	2010	147	17,764	827.5
	2011	165	17,657	934.5
	2012	179	17,604	1,016.8
	Total	2,244	252,182	889.8
Des Moines County, IA (19057)	1999	469	42,515	1,103.1
	2000	428	42,351	1,010.6
	2001	412	41,820	985.2
	2002	417	41,138	1,013.7
	2003	436	41,047	1,062.2
	2004	429	40,562	1,057.6
	2005	445	40,332	1,103.3
	2006	455	40,192	1,132.1
	2007	400	40,206	994.9
	2008	424	40,235	1,053.8
	2009	421	40,379	1,042.6
	2010	480	40,325	1,190.3
	2011	436	40,088	1,087.6
	2012	434	40,305	1,076.8
	Total	6,086	571,495	1,064.9
Dickinson County, IA (19059)	1999	167	16,333	1,022.5
	2000	193	16,424	1,175.1
	2001	194	16,477	1,177.4
	2002	177	16,351	1,082.5
	2003	185	16,339	1,132.3
	2004	161	16,506	975.4
	2005	151	16,644	907.2
	2006	167	16,667	1,002.0
	2007	193	16,634	1,160.3
	2008	211	16,690	1,264.2
	2009	164	16,666	984.0
	2010	172	16,667	1,032.0
	2011	197	16,864	1,168.2
	2012	201	16,946	1,186.1
	Total	2,533	232,208	1,090.8
Dubuque County, IA (19061)	1999	891	88,934	1,001.9
	2000	855	89,143	959.1
	2001	874	88,932	982.8
	2002	785	89,132	880.7
	2003	790	90,012	877.7
	2004	823	90,462	909.8
	2005	879	90,769	968.4
	2006	872	91,258	955.5
	2007	841	92,130	912.8
	2008	890	92,519	962.0
	2009	841	92,948	904.8
	2010	852	93,653	909.7
	2011	860	94,460	910.4
	2012	869	95,062	914.1
	Total	11,922	1,279,414	931.8
Emmet County, IA (19063)	1999	121	11,103	1,089.8
	2000	149	11,027	1,351.2
	2001	132	10,890	1,212.1
	2002	137	10,815	1,266.8
	2003	138	10,724	1,286.8
	2004	110	10,553	1,042.4
	2005	134	10,527	1,272.9
	2006	112	10,437	1,073.1
	2007	136	10,417	1,305.6
	2008	120	10,448	1,148.5
	2009	122	10,361	1,177.5
	2010	120	10,302	1,164.8
	2011	121	10,072	1,201.4
	2012	147	9,997	1,470.4
	Total	1,799	147,673	1,218.2
Fayette County, IA (19065)	1999	258	22,011	1,172.1
	2000	261	22,008	1,185.9
	2001	275	21,791	1,262.0
	2002	249	21,643	1,150.5
	2003	254	21,604	1,175.7
	2004	234	21,415	1,092.7
	2005	247	21,426	1,152.8
	2006	247	21,265	1,161.5
	2007	262	21,005	1,247.3
	2008	240	20,910	1,147.8
	2009	225	20,939	1,074.5
	2010	240	20,880	1,149.4
	2011	230	20,974	1,096.6
	2012	277	20,822	1,330.3
	Total	3,499	298,693	1,171.4
Floyd County, IA (19067)	1999	220	16,959	1,297.2
	2000	205	16,900	1,213.0
	2001	211	16,660	1,266.5
	2002	201	16,670	1,205.8
	2003	199	16,641	1,195.8
	2004	197	16,586	1,187.7
	2005	204	16,520	1,234.9
	2006	201	16,586	1,211.9
	2007	182	16,497	1,103.2
	2008	209	16,331	1,279.8
	2009	204	16,248	1,255.5
	2010	198	16,303	1,214.5
	2011	198	16,113	1,228.8
	2012	184	16,112	1,142.0
	Total	2,813	231,126	1,217.1
Franklin County, IA (19069)	1999	139	10,780	1,289.4
	2000	131	10,704	1,223.8
	2001	131	10,618	1,233.8
	2002	140	10,674	1,311.6
	2003	146	10,655	1,370.2
	2004	115	10,716	1,073.2
	2005	116	10,766	1,077.5
	2006	108	10,699	1,009.4
	2007	122	10,759	1,133.9
	2008	140	10,690	1,309.6
	2009	115	10,656	1,079.2
	2010	125	10,680	1,170.4
	2011	111	10,684	1,038.9
	2012	135	10,540	1,280.8
	Total	1,774	149,621	1,185.7
Fremont County, IA (19071)	1999	105	7,997	1,313.0
	2000	101	8,010	1,260.9
	2001	102	7,874	1,295.4
	2002	103	7,787	1,322.7
	2003	97	7,743	1,252.7
	2004	90	7,655	1,175.7
	2005	102	7,616	1,339.3
	2006	78	7,622	1,023.4
	2007	68	7,642	889.8
	2008	95	7,489	1,268.5
	2009	87	7,453	1,167.3
	2010	95	7,441	1,276.7
	2011	89	7,361	1,209.1
	2012	97	7,142	1,358.2
	Total	1,309	106,832	1,225.3
Greene County, IA (19073)	1999	143	10,394	1,375.8
	2000	132	10,366	1,273.4
	2001	150	10,150	1,477.8
	2002	118	10,105	1,167.7
	2003	146	9,996	1,460.6
	2004	123	9,932	1,238.4
	2005	110	9,800	1,122.4
	2006	105	9,611	1,092.5
	2007	103	9,548	1,078.8
	2008	118	9,415	1,253.3
	2009	130	9,329	1,393.5
	2010	115	9,336	1,231.8
	2011	123	9,305	1,321.9
	2012	134	9,172	1,461.0
	Total	1,750	136,459	1,282.4
Grundy County, IA (19075)	1999	133	12,332	1,078.5
	2000	132	12,369	1,067.2
	2001	125	12,319	1,014.7
	2002	128	12,372	1,034.6
	2003	145	12,348	1,174.3
	2004	156	12,383	1,259.8
	2005	132	12,406	1,064.0
	2006	141	12,436	1,133.8
	2007	137	12,317	1,112.3
	2008	139	12,359	1,124.7
	2009	126	12,447	1,012.3
	2010	154	12,453	1,236.6
	2011	118	12,449	947.9
	2012	128	12,426	1,030.1
	Total	1,894	173,416	1,092.2
Guthrie County, IA (19077)	1999	132	11,403	1,157.6
	2000	158	11,353	1,391.7
	2001	141	11,225	1,256.1
	2002	139	11,227	1,238.1
	2003	155	11,343	1,366.5
	2004	134	11,389	1,176.6
	2005	152	11,249	1,351.2
	2006	123	11,150	1,103.1
	2007	132	11,116	1,187.5
	2008	138	11,038	1,250.2
	2009	118	10,939	1,078.7
	2010	129	10,954	1,177.7
	2011	116	10,865	1,067.6
	2012	109	10,782	1,010.9
	Total	1,876	156,033	1,202.3
Hamilton County, IA (19079)	1999	177	16,387	1,080.1
	2000	172	16,438	1,046.4
	2001	190	16,236	1,170.2
	2002	163	16,337	997.7
	2003	164	16,366	1,002.1
	2004	182	16,285	1,117.6
	2005	181	16,261	1,113.1
	2006	164	16,144	1,015.9
	2007	153	15,987	957.0
	2008	172	15,863	1,084.3
	2009	168	15,739	1,067.4
	2010	151	15,673	963.4
	2011	170	15,450	1,100.3
	2012	168	15,300	1,098.0
	Total	2,375	224,466	1,058.1
Hancock County, IA (19081)	1999	134	12,091	1,108.3
	2000	149	12,100	1,231.4
	2001	137	11,954	1,146.1
	2002	109	11,846	920.1
	2003	111	11,905	932.4
	2004	126	11,838	1,064.4
	2005	140	11,834	1,183.0
	2006	136	11,729	1,159.5
	2007	131	11,580	1,131.3
	2008	115	11,525	997.8
	2009	127	11,371	1,116.9
	2010	120	11,341	1,058.1
	2011	120	11,277	1,064.1
	2012	134	11,168	1,199.9
	Total	1,789	163,559	1,093.8
Hardin County, IA (19083)	1999	244	18,784	1,299.0
	2000	280	18,812	1,488.4
	2001	238	18,669	1,274.8
	2002	232	18,476	1,255.7
	2003	245	18,327	1,336.8
	2004	251	18,164	1,381.9
	2005	262	17,974	1,457.7
	2006	250	17,893	1,397.2
	2007	255	17,789	1,433.5
	2008	243	17,690	1,373.7
	2009	224	17,535	1,277.4
	2010	238	17,534	1,357.4
	2011	208	17,382	1,196.6
	2012	223	17,376	1,283.4
	Total	3,393	252,405	1,344.3
Harrison County, IA (19085)	1999	219	15,510	1,412.0
	2000	187	15,666	1,193.7
	2001	195	15,592	1,250.6
	2002	219	15,421	1,420.1
	2003	178	15,444	1,152.6
	2004	178	15,412	1,154.9
	2005	214	15,362	1,393.0
	2006	181	15,346	1,179.5
	2007	189	15,177	1,245.3
	2008	171	14,946	1,144.1
	2009	186	14,972	1,242.3
	2010	199	14,928	1,333.1
	2011	182	14,795	1,230.1
	2012	178	14,532	1,224.9
	Total	2,676	213,103	1,255.7
Henry County, IA (19087)	1999	214	20,351	1,051.5
	2000	204	20,336	1,003.1
	2001	217	20,408	1,063.3
	2002	210	20,086	1,045.5
	2003	196	20,225	969.1
	2004	208	20,225	1,028.4
	2005	202	20,354	992.4
	2006	213	20,326	1,047.9
	2007	203	20,359	997.1
	2008	212	20,307	1,044.0
	2009	189	20,202	935.6
	2010	219	20,145	1,087.1
	2011	233	20,299	1,147.8
	2012	197	20,097	980.2
	Total	2,917	283,720	1,028.1
Howard County, IA (19089)	1999	138	9,950	1,386.9
	2000	135	9,932	1,359.2
	2001	119	9,908	1,201.0
	2002	119	9,860	1,206.9
	2003	117	9,808	1,192.9
	2004	125	9,792	1,276.6
	2005	119	9,760	1,219.3
	2006	109	9,664	1,127.9
	2007	112	9,636	1,162.3
	2008	125	9,625	1,298.7
	2009	129	9,568	1,348.2
	2010	110	9,566	1,149.9
	2011	111	9,550	1,162.3
	2012	99	9,598	1,031.5
	Total	1,667	136,217	1,223.8
Humboldt County, IA (19091)	1999	127	10,414	1,219.5
	2000	119	10,381	1,146.3
	2001	118	10,335	1,141.8
	2002	126	10,176	1,238.2
	2003	128	10,154	1,260.6
	2004	117	10,121	1,156.0
	2005	131	10,033	1,305.7
	2006	115	10,038	1,145.6
	2007	118	9,935	1,187.7
	2008	108	9,911	1,089.7
	2009	115	9,843	1,168.3
	2010	108	9,815	1,100.4
	2011	120	9,803	1,224.1
	2012	121	9,742	1,242.0
	Total	1,671	140,701	1,187.6
Ida County, IA (19093)	1999	115	7,914	1,453.1
	2000	102	7,837	1,301.5
	2001	93	7,704	1,207.2
	2002	125	7,636	1,637.0
	2003	99	7,571	1,307.6
	2004	100	7,457	1,341.0
	2005	105	7,369	1,424.9
	2006	110	7,247	1,517.9
	2007	90	7,228	1,245.2
	2008	85	7,215	1,178.1
	2009	110	7,090	1,551.5
	2010	97	7,089	1,368.3
	2011	104	7,084	1,468.1
	2012	97	7,110	1,364.3
	Total	1,432	103,551	1,382.9
Iowa County, IA (19095)	1999	182	15,570	1,168.9
	2000	159	15,671	1,014.6
	2001	183	15,868	1,153.3
	2002	134	15,911	842.2
	2003	187	16,062	1,164.2
	2004	161	16,108	999.5
	2005	162	16,297	994.0
	2006	156	16,391	951.7
	2007	183	16,308	1,122.1
	2008	152	16,337	930.4
	2009	188	16,406	1,145.9
	2010	145	16,355	886.6
	2011	163	16,336	997.8
	2012	176	16,223	1,084.9
	Total	2,331	225,843	1,032.1
Jackson County, IA (19097)	1999	226	20,217	1,117.9
	2000	219	20,296	1,079.0
	2001	203	20,267	1,001.6
	2002	209	20,142	1,037.6
	2003	196	20,148	972.8
	2004	201	20,146	997.7
	2005	223	20,124	1,108.1
	2006	222	20,092	1,104.9
	2007	191	20,015	954.3
	2008	235	19,919	1,179.8
	2009	222	19,841	1,118.9
	2010	201	19,848	1,012.7
	2011	235	19,721	1,191.6
	2012	233	19,705	1,182.4
	Total	3,016	280,481	1,075.3
Jasper County, IA (19099)	1999	372	37,096	1,002.8
	2000	357	37,213	959.3
	2001	354	37,377	947.1
	2002	352	37,552	937.4
	2003	323	37,703	856.7
	2004	338	37,645	897.9
	2005	385	37,482	1,027.2
	2006	379	37,288	1,016.4
	2007	336	37,167	904.0
	2008	409	37,103	1,102.3
	2009	352	36,879	954.5
	2010	363	36,842	985.3
	2011	358	36,624	977.5
	2012	359	36,598	980.9
	Total	5,037	520,569	967.6
Jefferson County, IA (19101)	1999	131	16,282	804.6
	2000	138	16,181	852.9
	2001	148	16,207	913.2
	2002	155	16,131	960.9
	2003	158	16,194	975.7
	2004	143	16,298	877.4
	2005	154	16,315	943.9
	2006	140	16,401	853.6
	2007	148	16,600	891.6
	2008	165	16,607	993.6
	2009	168	16,782	1,001.1
	2010	144	16,843	855.0
	2011	165	16,843	979.6
	2012	150	16,777	894.1
	Total	2,107	230,461	914.3
Johnson County, IA (19103)	1999	522	109,814	475.3
	2000	492	111,006	443.2
	2001	497	113,546	437.7
	2002	547	114,948	475.9
	2003	521	116,673	446.5
	2004	523	118,891	439.9
	2005	548	120,300	455.5
	2006	540	122,226	441.8
	2007	519	124,541	416.7
	2008	631	127,113	496.4
	2009	621	129,864	478.2
	2010	594	130,882	453.8
	2011	581	133,477	435.3
	2012	662	136,428	485.2
	Total	7,798	1,709,709	456.1
Jones County, IA (19105)	1999	178	20,220	880.3
	2000	181	20,221	895.1
	2001	188	20,254	928.2
	2002	203	20,283	1,000.8
	2003	204	20,406	999.7
	2004	193	20,613	936.3
	2005	184	20,605	893.0
	2006	183	20,678	885.0
	2007	172	20,803	826.8
	2008	191	20,848	916.2
	2009	206	20,562	1,001.8
	2010	189	20,638	915.8
	2011	194	20,731	935.8
	2012	211	20,594	1,024.6
	Total	2,677	287,456	931.3
Keokuk County, IA (19107)	1999	125	11,317	1,104.5
	2000	155	11,400	1,359.6
	2001	116	11,369	1,020.3
	2002	124	11,330	1,094.4
	2003	139	11,186	1,242.6
	2004	135	11,061	1,220.5
	2005	136	10,881	1,249.9
	2006	125	10,713	1,166.8
	2007	107	10,688	1,001.1
	2008	115	10,620	1,082.9
	2009	106	10,552	1,004.5
	2010	104	10,511	989.4
	2011	92	10,368	887.3
	2012	120	10,390	1,155.0
	Total	1,699	152,386	1,114.9
Kossuth County, IA (19109)	1999	208	17,258	1,205.2
	2000	205	17,163	1,194.4
	2001	187	16,912	1,105.7
	2002	188	16,670	1,127.8
	2003	183	16,525	1,107.4
	2004	165	16,437	1,003.8
	2005	185	16,287	1,135.9
	2006	174	16,045	1,084.4
	2007	192	15,878	1,209.2
	2008	193	15,685	1,230.5
	2009	155	15,630	991.7
	2010	180	15,543	1,158.1
	2011	183	15,367	1,190.9
	2012	184	15,352	1,198.5
	Total	2,582	226,752	1,138.7
Lee County, IA (19111)	1999	453	38,281	1,183.4
	2000	456	38,052	1,198.4
	2001	422	37,435	1,127.3
	2002	393	36,960	1,063.3
	2003	461	36,627	1,258.6
	2004	432	36,587	1,180.7
	2005	442	36,364	1,215.5
	2006	425	36,291	1,171.1
	2007	428	36,130	1,184.6
	2008	443	35,819	1,236.8
	2009	418	35,856	1,165.8
	2010	406	35,862	1,132.1
	2011	463	35,621	1,299.8
	2012	414	35,660	1,161.0
	Total	6,056	511,545	1,183.9
Linn County, IA (19113)	1999	1,467	189,931	772.4
	2000	1,435	191,701	748.6
	2001	1,442	194,359	741.9
	2002	1,478	195,987	754.1
	2003	1,488	196,920	755.6
	2004	1,480	198,314	746.3
	2005	1,522	200,395	759.5
	2006	1,603	202,709	790.8
	2007	1,592	205,840	773.4
	2008	1,555	208,558	745.6
	2009	1,590	210,217	756.4
	2010	1,576	211,226	746.1
	2011	1,620	213,993	757.0
	2012	1,675	215,185	778.4
	Total	21,523	2,835,335	759.1
Louisa County, IA (19115)	1999	100	12,174	821.4
	2000	105	12,183	861.9
	2001	116	12,184	952.1
	2002	106	12,225	867.1
	2003	117	12,230	956.7
	2004	113	12,115	932.7
	2005	106	11,862	893.6
	2006	131	11,904	1,100.5
	2007	108	11,892	908.2
	2008	120	11,830	1,014.4
	2009	106	11,416	928.5
	2010	106	11,387	930.9
	2011	102	11,365	897.5
	2012	99	11,305	875.7
	Total	1,535	166,072	924.3
Lucas County, IA (19117)	1999	124	9,461	1,310.6
	2000	109	9,422	1,156.9
	2001	112	9,386	1,193.3
	2002	100	9,360	1,068.4
	2003	112	9,384	1,193.5
	2004	105	9,508	1,104.3
	2005	122	9,462	1,289.4
	2006	109	9,331	1,168.1
	2007	96	9,280	1,034.5
	2008	113	9,137	1,236.7
	2009	90	8,948	1,005.8
	2010	118	8,898	1,326.1
	2011	103	8,841	1,165.0
	2012	112	8,769	1,277.2
	Total	1,525	129,187	1,180.5
Lyon County, IA (19119)	1999	134	11,812	1,134.4
	2000	132	11,763	1,122.2
	2001	113	11,684	967.1
	2002	122	11,670	1,045.4
	2003	119	11,702	1,016.9
	2004	114	11,692	975.0
	2005	127	11,677	1,087.6
	2006	129	11,604	1,111.7
	2007	111	11,536	962.2
	2008	127	11,545	1,100.0
	2009	122	11,557	1,055.6
	2010	120	11,581	1,036.2
	2011	127	11,693	1,086.1
	2012	96	11,772	815.5
	Total	1,693	163,288	1,036.8
Madison County, IA (19121)	1999	152	13,898	1,093.7
	2000	159	14,019	1,134.2
	2001	144	14,144	1,018.1
	2002	145	14,312	1,013.1
	2003	134	14,481	925.4
	2004	118	14,733	800.9
	2005	143	14,918	958.6
	2006	138	15,262	904.2
	2007	144	15,418	934.0
	2008	120	15,517	773.3
	2009	151	15,510	973.6
	2010	152	15,679	969.4
	2011	133	15,722	845.9
	2012	144	15,628	921.4
	Total	1,977	209,241	944.8
Mahaska County, IA (19123)	1999	223	22,400	995.5
	2000	221	22,335	989.5
	2001	210	22,407	937.2
	2002	202	22,394	902.0
	2003	222	22,156	1,002.0
	2004	196	22,240	881.3
	2005	205	22,454	913.0
	2006	222	22,298	995.6
	2007	206	22,388	920.1
	2008	218	22,483	969.6
	2009	223	22,364	997.1
	2010	203	22,381	907.0
	2011	230	22,516	1,021.5
	2012	232	22,447	1,033.5
	Total	3,013	313,263	961.8
Marion County, IA (19125)	1999	313	31,879	981.8
	2000	317	32,052	989.0
	2001	328	32,583	1,006.7
	2002	341	32,572	1,046.9
	2003	341	32,547	1,047.7
	2004	342	32,618	1,048.5
	2005	333	32,774	1,016.0
	2006	294	33,396	880.3
	2007	331	33,279	994.6
	2008	355	33,515	1,059.2
	2009	318	33,468	950.2
	2010	304	33,309	912.7
	2011	337	33,302	1,012.0
	2012	321	33,322	963.3
	Total	4,575	460,616	993.2
Marshall County, IA (19127)	1999	505	39,313	1,284.6
	2000	506	39,311	1,287.2
	2001	526	39,414	1,334.6
	2002	468	39,297	1,190.9
	2003	503	39,397	1,276.7
	2004	450	39,711	1,133.2
	2005	464	39,646	1,170.4
	2006	469	39,601	1,184.3
	2007	410	39,875	1,028.2
	2008	516	40,151	1,285.1
	2009	477	40,280	1,184.2
	2010	448	40,648	1,102.1
	2011	491	40,967	1,198.5
	2012	461	41,078	1,122.3
	Total	6,694	558,689	1,198.2
Mills County, IA (19129)	1999	147	14,478	1,015.3
	2000	145	14,547	996.8
	2001	127	14,497	876.0
	2002	123	14,546	845.6
	2003	140	14,621	957.5
	2004	131	14,715	890.2
	2005	136	14,905	912.4
	2006	140	15,214	920.2
	2007	135	15,239	885.9
	2008	128	15,214	841.3
	2009	141	15,056	936.5
	2010	160	15,059	1,062.5
	2011	148	15,015	985.7
	2012	164	14,876	1,102.4
	Total	1,965	207,982	944.8
Mitchell County, IA (19131)	1999	135	10,895	1,239.1
	2000	140	10,874	1,287.5
	2001	129	10,736	1,201.6
	2002	151	10,822	1,395.3
	2003	123	10,830	1,135.7
	2004	139	10,898	1,275.5
	2005	137	10,800	1,268.5
	2006	130	10,836	1,199.7
	2007	106	10,812	980.4
	2008	137	10,815	1,266.8
	2009	125	10,763	1,161.4
	2010	124	10,776	1,150.7
	2011	133	10,706	1,242.3
	2012	143	10,727	1,333.1
	Total	1,852	151,290	1,224.1
Monona County, IA (19133)	1999	155	10,056	1,541.4
	2000	168	10,020	1,676.6
	2001	183	9,860	1,856.0
	2002	166	9,791	1,695.4
	2003	166	9,819	1,690.6
	2004	177	9,681	1,828.3
	2005	167	9,566	1,745.8
	2006	138	9,479	1,455.8
	2007	152	9,423	1,613.1
	2008	159	9,350	1,700.5
	2009	162	9,247	1,751.9
	2010	145	9,243	1,568.8
	2011	142	9,269	1,532.0
	2012	150	9,165	1,636.7
	Total	2,230	133,969	1,664.6
Monroe County, IA (19135)	1999	95	8,061	1,178.5
	2000	109	8,016	1,359.8
	2001	107	7,986	1,339.8
	2002	108	7,887	1,369.3
	2003	95	7,954	1,194.4
	2004	100	7,969	1,254.9
	2005	99	7,955	1,244.5
	2006	103	7,911	1,302.0
	2007	87	7,877	1,104.5
	2008	88	7,904	1,113.4
	2009	95	7,924	1,198.9
	2010	96	7,970	1,204.5
	2011	113	8,052	1,403.4
	2012	86	8,080	1,064.4
	Total	1,381	111,546	1,238.1
Montgomery County, IA (19137)	1999	156	11,767	1,325.7
	2000	175	11,771	1,486.7
	2001	157	11,509	1,364.1
	2002	167	11,313	1,476.2
	2003	152	11,211	1,355.8
	2004	151	11,191	1,349.3
	2005	142	11,214	1,266.3
	2006	151	11,179	1,350.7
	2007	140	10,981	1,274.9
	2008	166	10,823	1,533.8
	2009	150	10,803	1,388.5
	2010	150	10,740	1,396.6
	2011	149	10,650	1,399.1
	2012	138	10,552	1,307.8
	Total	2,144	155,704	1,377.0
Muscatine County, IA (19139)	1999	387	41,587	930.6
	2000	352	41,722	843.7
	2001	385	41,760	921.9
	2002	393	41,757	941.2
	2003	421	41,654	1,010.7
	2004	396	41,758	948.3
	2005	379	41,894	904.7
	2006	347	42,145	823.3
	2007	333	42,325	786.8
	2008	421	42,515	990.2
	2009	329	42,783	769.0
	2010	367	42,745	858.6
	2011	388	42,763	907.3
	2012	428	42,859	998.6
	Total	5,326	590,267	902.3
O'Brien County, IA (19141)	1999	177	15,200	1,164.5
	2000	198	15,102	1,311.1
	2001	181	14,950	1,210.7
	2002	195	14,808	1,316.9
	2003	193	14,762	1,307.4
	2004	160	14,564	1,098.6
	2005	198	14,552	1,360.6
	2006	192	14,558	1,318.9
	2007	205	14,421	1,421.5
	2008	203	14,332	1,416.4
	2009	196	14,412	1,360.0
	2010	191	14,398	1,326.6
	2011	192	14,206	1,351.5
	2012	182	14,185	1,283.0
	Total	2,663	204,450	1,302.5
Osceola County, IA (19143)	1999	81	7,049	1,149.1
	2000	79	7,003	1,128.1
	2001	97	6,963	1,393.1
	2002	77	6,899	1,116.1
	2003	74	6,888	1,074.3
	2004	81	6,863	1,180.2
	2005	89	6,743	1,319.9
	2006	90	6,713	1,340.7
	2007	63	6,600	954.5
	2008	80	6,617	1,209.0
	2009	82	6,509	1,259.8
	2010	79	6,462	1,222.5
	2011	67	6,306	1,062.5
	2012	74	6,199	1,193.7
	Total	1,113	93,814	1,186.4
Page County, IA (19145)	1999	254	17,112	1,484.3
	2000	215	16,976	1,266.5
	2001	250	16,822	1,486.1
	2002	208	16,506	1,260.1
	2003	234	16,356	1,430.7
	2004	189	16,227	1,164.7
	2005	221	16,274	1,358.0
	2006	197	16,331	1,206.3
	2007	191	16,256	1,175.0
	2008	223	16,083	1,386.6
	2009	217	15,885	1,366.1
	2010	200	15,932	1,255.3
	2011	208	15,920	1,306.5
	2012	231	15,746	1,467.0
	Total	3,038	228,426	1,330.0
Palo Alto County, IA (19147)	1999	146	10,137	1,440.3
	2000	124	10,147	1,222.0
	2001	147	10,051	1,462.5
	2002	127	9,896	1,283.3
	2003	134	9,748	1,374.6
	2004	127	9,753	1,302.2
	2005	113	9,702	1,164.7
	2006	127	9,586	1,324.8
	2007	138	9,577	1,441.0
	2008	133	9,486	1,402.1
	2009	114	9,510	1,198.7
	2010	120	9,421	1,273.8
	2011	139	9,372	1,483.1
	2012	125	9,298	1,344.4
	Total	1,814	135,684	1,336.9
Plymouth County, IA (19149)	1999	250	24,774	1,009.1
	2000	275	24,849	1,106.7
	2001	236	24,847	949.8
	2002	248	24,729	1,002.9
	2003	231	24,858	929.3
	2004	237	25,042	946.4
	2005	262	24,980	1,048.8
	2006	257	24,982	1,028.7
	2007	239	24,886	960.4
	2008	237	24,898	951.9
	2009	212	24,904	851.3
	2010	232	24,986	928.5
	2011	233	24,875	936.7
	2012	240	24,912	963.4
	Total	3,389	348,522	972.4
Pocahontas County, IA (19151)	1999	103	8,808	1,169.4
	2000	107	8,662	1,235.3
	2001	113	8,465	1,334.9
	2002	112	8,355	1,340.5
	2003	121	8,170	1,481.0
	2004	108	8,003	1,349.5
	2005	101	7,835	1,289.1
	2006	125	7,694	1,624.6
	2007	111	7,667	1,447.8
	2008	100	7,510	1,331.6
	2009	88	7,395	1,190.0
	2010	103	7,310	1,409.0
	2011	87	7,217	1,205.5
	2012	110	7,166	1,535.0
	Total	1,489	110,257	1,350.5
Polk County, IA (19153)	1999	2,747	370,592	741.2
	2000	2,774	374,601	740.5
	2001	2,788	380,108	733.5
	2002	2,865	384,355	745.4
	2003	2,853	388,277	734.8
	2004	2,761	392,164	704.0
	2005	2,857	399,030	716.0
	2006	2,862	405,990	704.9
	2007	2,962	413,024	717.1
	2008	2,995	419,495	714.0
	2009	2,982	425,737	700.4
	2010	3,018	430,640	700.8
	2011	3,126	437,809	714.0
	2012	3,107	444,009	699.8
	Total	40,697	5,665,831	718.3
Pottawattamie County, IA (19155)	1999	817	87,153	937.4
	2000	868	87,704	989.7
	2001	862	87,953	980.1
	2002	835	88,447	944.1
	2003	908	88,821	1,022.3
	2004	842	89,762	938.0
	2005	824	90,198	913.5
	2006	832	90,867	915.6
	2007	847	91,239	928.3
	2008	896	91,781	976.2
	2009	908	92,395	982.7
	2010	835	93,158	896.3
	2011	876	93,474	937.2
	2012	863	92,817	929.8
	Total	12,013	1,265,769	949.1
Poweshiek County, IA (19157)	1999	226	18,797	1,202.3
	2000	209	18,815	1,110.8
	2001	222	18,972	1,170.1
	2002	227	18,941	1,198.5
	2003	242	19,060	1,269.7
	2004	205	19,106	1,073.0
	2005	212	19,002	1,115.7
	2006	232	19,053	1,217.7
	2007	193	19,140	1,008.4
	2008	218	19,025	1,145.9
	2009	216	18,958	1,139.4
	2010	210	18,914	1,110.3
	2011	243	18,837	1,290.0
	2012	228	18,728	1,217.4
	Total	3,083	265,348	1,161.9
Ringgold County, IA (19159)	1999	81	5,449	1,486.5
	2000	99	5,469	1,810.2
	2001	88	5,415	1,625.1
	2002	85	5,339	1,592.1
	2003	84	5,332	1,575.4
	2004	72	5,335	1,349.6
	2005	70	5,304	1,319.8
	2006	88	5,230	1,682.6
	2007	80	5,201	1,538.2
	2008	78	5,164	1,510.5
	2009	56	5,119	1,094.0
	2010	80	5,131	1,559.2
	2011	99	5,110	1,937.4
	2012	68	5,102	1,332.8
	Total	1,128	73,700	1,530.5
Sac County, IA (19161)	1999	174	11,686	1,489.0
	2000	166	11,529	1,439.8
	2001	148	11,403	1,297.9
	2002	161	11,119	1,448.0
	2003	166	10,967	1,513.6
	2004	139	10,871	1,278.6
	2005	140	10,716	1,306.5
	2006	149	10,707	1,391.6
	2007	134	10,532	1,272.3
	2008	159	10,475	1,517.9
	2009	131	10,342	1,266.7
	2010	115	10,350	1,111.1
	2011	141	10,216	1,380.2
	2012	145	10,166	1,426.3
	Total	2,068	151,079	1,368.8
Scott County, IA (19163)	1999	1,352	158,765	851.6
	2000	1,244	158,668	784.0
	2001	1,321	158,203	835.0
	2002	1,319	158,086	834.4
	2003	1,361	158,048	861.1
	2004	1,279	158,145	808.8
	2005	1,347	158,543	849.6
	2006	1,269	159,597	795.1
	2007	1,264	160,077	789.6
	2008	1,298	161,824	802.1
	2009	1,314	163,582	803.3
	2010	1,408	165,224	852.2
	2011	1,444	166,995	864.7
	2012	1,422	168,676	843.0
	Total	18,642	2,254,433	826.9
Shelby County, IA (19165)	1999	158	13,179	1,198.9
	2000	156	13,173	1,184.2
	2001	160	12,990	1,231.7
	2002	162	12,869	1,258.8
	2003	154	12,819	1,201.3
	2004	136	12,750	1,066.7
	2005	152	12,547	1,211.4
	2006	140	12,480	1,121.8
	2007	136	12,496	1,088.3
	2008	162	12,338	1,313.0
	2009	126	12,165	1,035.8
	2010	134	12,167	1,101.3
	2011	137	12,057	1,136.3
	2012	119	12,089	984.4
	Total	2,032	176,119	1,153.8
Sioux County, IA (19167)	1999	232	31,669	732.6
	2000	238	31,589	753.4
	2001	233	31,952	729.2
	2002	314	32,164	976.2
	2003	262	32,318	810.7
	2004	216	32,547	663.7
	2005	256	32,726	782.3
	2006	225	33,077	680.2
	2007	252	33,150	760.2
	2008	247	33,364	740.3
	2009	247	33,587	735.4
	2010	266	33,704	789.2
	2011	246	34,029	722.9
	2012	270	34,370	785.6
	Total	3,504	460,246	761.3
Story County, IA (19169)	1999	452	79,372	569.5
	2000	474	79,981	592.6
	2001	443	80,260	552.0
	2002	471	81,885	575.2
	2003	488	82,068	594.6
	2004	449	82,754	542.6
	2005	477	82,884	575.5
	2006	457	84,739	539.3
	2007	517	86,540	597.4
	2008	522	87,831	594.3
	2009	472	89,285	528.6
	2010	487	89,542	543.9
	2011	451	90,834	496.5
	2012	434	91,630	473.6
	Total	6,594	1,189,605	554.3
Tama County, IA (19171)	1999	214	18,121	1,181.0
	2000	220	18,103	1,215.3
	2001	220	18,080	1,216.8
	2002	186	18,017	1,032.4
	2003	208	18,030	1,153.6
	2004	180	18,167	990.8
	2005	208	18,197	1,143.0
	2006	210	18,149	1,157.1
	2007	192	18,064	1,062.9
	2008	173	17,986	961.9
	2009	203	17,833	1,138.3
	2010	204	17,767	1,148.2
	2011	211	17,628	1,197.0
	2012	202	17,542	1,151.5
	Total	2,831	251,684	1,124.8
Taylor County, IA (19173)	1999	98	6,905	1,419.3
	2000	86	6,958	1,236.0
	2001	97	6,894	1,407.0
	2002	97	6,813	1,423.7
	2003	82	6,747	1,215.4
	2004	97	6,689	1,450.1
	2005	72	6,534	1,101.9
	2006	85	6,557	1,296.3
	2007	88	6,448	1,364.8
	2008	93	6,348	1,465.0
	2009	79	6,355	1,243.1
	2010	91	6,317	1,440.6
	2011	76	6,252	1,215.6
	2012	69	6,206	1,111.8
	Total	1,210	92,023	1,314.9
Union County, IA (19175)	1999	160	12,397	1,290.6
	2000	160	12,309	1,299.9
	2001	140	12,240	1,143.8
	2002	157	12,163	1,290.8
	2003	161	12,004	1,341.2
	2004	154	12,085	1,274.3
	2005	139	12,143	1,144.7
	2006	172	12,225	1,407.0
	2007	126	12,319	1,022.8
	2008	168	12,447	1,349.7
	2009	131	12,527	1,045.7
	2010	143	12,534	1,140.9
	2011	131	12,537	1,044.9
	2012	146	12,584	1,160.2
	Total	2,088	172,514	1,210.3
Van Buren County, IA (19177)	1999	103	7,784	1,323.2
	2000	101	7,809	1,293.4
	2001	111	7,716	1,438.6
	2002	100	7,722	1,295.0
	2003	89	7,672	1,160.1
	2004	100	7,665	1,304.6
	2005	96	7,638	1,256.9
	2006	93	7,660	1,214.1
	2007	82	7,690	1,066.3
	2008	87	7,699	1,130.0
	2009	104	7,628	1,363.4
	2010	94	7,570	1,241.7
	2011	87	7,500	1,160.0
	2012	85	7,459	1,139.6
	Total	1,332	107,212	1,242.4
Wapello County, IA (19179)	1999	458	36,042	1,270.7
	2000	451	36,051	1,251.0
	2001	385	35,947	1,071.0
	2002	408	35,796	1,139.8
	2003	405	35,750	1,132.9
	2004	399	35,709	1,117.4
	2005	430	35,855	1,199.3
	2006	408	35,776	1,140.4
	2007	388	35,458	1,094.3
	2008	440	35,381	1,243.6
	2009	394	35,481	1,110.5
	2010	408	35,625	1,145.3
	2011	397	35,444	1,120.1
	2012	412	35,381	1,164.5
	Total	5,783	499,696	1,157.3
Warren County, IA (19181)	1999	307	40,340	761.0
	2000	338	40,671	831.1
	2001	326	41,080	793.6
	2002	336	41,422	811.2
	2003	370	42,187	877.0
	2004	313	42,584	735.0
	2005	337	43,339	777.6
	2006	332	44,178	751.5
	2007	370	44,868	824.6
	2008	386	45,450	849.3
	2009	374	45,926	814.4
	2010	375	46,225	811.2
	2011	376	46,651	806.0
	2012	369	46,926	786.3
	Total	4,909	611,847	802.3
Washington County, IA (19183)	1999	223	20,578	1,083.7
	2000	217	20,670	1,049.8
	2001	239	21,064	1,134.6
	2002	238	21,108	1,127.5
	2003	246	21,190	1,160.9
	2004	215	21,258	1,011.4
	2005	240	21,350	1,124.1
	2006	223	21,472	1,038.6
	2007	202	21,588	935.7
	2008	279	21,686	1,286.5
	2009	226	21,692	1,041.9
	2010	250	21,704	1,151.9
	2011	247	21,826	1,131.7
	2012	228	21,942	1,039.1
	Total	3,273	299,128	1,094.2
Wayne County, IA (19185)	1999	100	6,738	1,484.1
	2000	110	6,730	1,634.5
	2001	95	6,655	1,427.5
	2002	102	6,665	1,530.4
	2003	93	6,614	1,406.1
	2004	97	6,561	1,478.4
	2005	117	6,494	1,801.7
	2006	88	6,478	1,358.4
	2007	99	6,376	1,552.7
	2008	106	6,373	1,663.3
	2009	98	6,393	1,532.9
	2010	82	6,403	1,280.6
	2011	95	6,359	1,493.9
	2012	107	6,362	1,681.9
	Total	1,389	91,201	1,523.0
Webster County, IA (19187)	1999	490	40,255	1,217.2
	2000	499	40,235	1,240.2
	2001	449	40,045	1,121.2
	2002	448	39,654	1,129.8
	2003	459	39,377	1,165.7
	2004	448	38,922	1,151.0
	2005	475	38,562	1,231.8
	2006	488	38,534	1,266.4
	2007	469	38,393	1,221.6
	2008	480	38,273	1,254.1
	2009	449	38,316	1,171.8
	2010	428	38,013	1,125.9
	2011	478	37,700	1,267.9
	2012	482	37,207	1,295.5
	Total	6,542	543,486	1,203.7
Winnebago County, IA (19189)	1999	169	11,660	1,449.4
	2000	123	11,723	1,049.2
	2001	156	11,586	1,346.5
	2002	141	11,403	1,236.5
	2003	130	11,412	1,139.2
	2004	107	11,321	945.1
	2005	113	11,340	996.5
	2006	142	11,138	1,274.9
	2007	125	10,986	1,137.8
	2008	137	10,927	1,253.8
	2009	126	10,917	1,154.2
	2010	121	10,866	1,113.6
	2011	133	10,729	1,239.6
	2012	135	10,629	1,270.1
	Total	1,858	156,637	1,186.2
Winneshiek County, IA (19191)	1999	183	21,289	859.6
	2000	190	21,310	891.6
	2001	196	21,258	922.0
	2002	193	21,183	911.1
	2003	170	21,006	809.3
	2004	171	21,040	812.7
	2005	173	21,060	821.5
	2006	167	21,012	794.8
	2007	157	21,078	744.9
	2008	187	20,980	891.3
	2009	177	21,025	841.9
	2010	158	21,056	750.4
	2011	190	21,041	903.0
	2012	168	21,061	797.7
	Total	2,480	295,399	839.5
Woodbury County, IA (19193)	1999	921	103,801	887.3
	2000	950	103,877	914.5
	2001	881	103,129	854.3
	2002	994	102,666	968.2
	2003	941	102,039	922.2
	2004	900	101,816	883.9
	2005	882	100,589	876.8
	2006	917	100,693	910.7
	2007	940	100,492	935.4
	2008	929	100,910	920.6
	2009	927	101,581	912.6
	2010	902	102,172	882.8
	2011	899	102,501	877.1
	2012	932	102,220	911.8
	Total	12,915	1,428,486	904.1
Worth County, IA (19195)	1999	113	7,890	1,432.2
	2000	91	7,909	1,150.6
	2001	100	7,797	1,282.5
	2002	101	7,795	1,295.7
	2003	114	7,734	1,474.0
	2004	109	7,731	1,409.9
	2005	97	7,742	1,252.9
	2006	66	7,649	862.9
	2007	92	7,655	1,201.8
	2008	79	7,632	1,035.1
	2009	72	7,610	946.1
	2010	91	7,598	1,197.7
	2011	87	7,568	1,149.6
	2012	107	7,507	1,425.3
	Total	1,319	107,817	1,223.4
Wright County, IA (19197)	1999	194	14,379	1,349.2
	2000	197	14,334	1,374.4
	2001	211	14,133	1,493.0
	2002	207	13,957	1,483.1
	2003	166	13,831	1,200.2
	2004	163	13,808	1,180.5
	2005	182	13,717	1,326.8
	2006	166	13,588	1,221.7
	2007	182	13,492	1,348.9
	2008	157	13,375	1,173.8
	2009	166	13,262	1,251.7
	2010	180	13,229	1,360.6
	2011	145	13,045	1,111.5
	2012	144	12,997	1,107.9
	Total	2,460	191,147	1,287.0
Total		389,996	41,787,233	933.3
