
                        
                      	Year	
                        
                      	
                        
                      	
                        
                      
Beaverhead County, MT (30001)	1968	83	8,186	1,013.9
	1969	100	8,185	1,221.7
	1970	99	8,197	1,207.8
	1971	109	8,226	1,325.1
	1972	78	8,061	967.6
	1973	101	7,981	1,265.5
	1974	96	8,153	1,177.5
	1975	92	7,960	1,155.8
	1976	113	7,921	1,426.6
	1977	70	7,878	888.6
	1978	92	8,071	1,139.9
	Total	1,033	88,819	1,163.0
Big Horn County, MT (30003)	1968	117	10,067	1,162.2
	1969	101	10,025	1,007.5
	1970	95	10,086	941.9
	1971	88	10,164	865.8
	1972	90	10,279	875.6
	1973	110	10,310	1,066.9
	1974	106	10,501	1,009.4
	1975	95	10,961	866.7
	1976	83	10,670	777.9
	1977	97	10,784	899.5
	1978	97	11,380	852.4
	Total	1,079	115,227	936.4
Blaine County, MT (30005)	1968	84	6,733	1,247.6
	1969	77	6,714	1,146.9
	1970	79	6,726	1,174.5
	1971	73	6,777	1,077.2
	1972	74	6,699	1,104.6
	1973	86	6,861	1,253.5
	1974	69	6,650	1,037.6
	1975	81	6,723	1,204.8
	1976	71	6,988	1,016.0
	1977	85	7,022	1,210.5
	1978	70	7,333	954.6
	Total	849	75,226	1,128.6
Broadwater County, MT (30007)	1968	30	2,472	1,213.6
	1969	23	2,514	914.9
	1970	24	2,532	947.9
	1971	19	2,582	735.9 (Unreliable)
	1972	26	2,633	987.5
	1973	28	2,657	1,053.8
	1974	31	2,670	1,161.0
	1975	31	2,767	1,120.3
	1976	37	2,942	1,257.6
	1977	32	3,020	1,059.6
	1978	39	3,208	1,215.7
	Total	320	29,997	1,066.8
Carbon County, MT (30009)	1968	92	7,029	1,308.9
	1969	99	7,055	1,403.3
	1970	110	7,087	1,552.1
	1971	139	7,148	1,944.6
	1972	112	7,452	1,503.0
	1973	101	7,519	1,343.3
	1974	85	7,654	1,110.5
	1975	77	7,824	984.2
	1976	103	8,040	1,281.1
	1977	88	8,182	1,075.5
	1978	99	8,383	1,181.0
	Total	1,105	83,373	1,325.4
Carter County, MT (30011)	1968	18	2,069	870.0 (Unreliable)
	1969	22	2,003	1,098.4
	1970	19	1,950	974.4 (Unreliable)
	1971	20	1,898	1,053.7
	1972	26	1,915	1,357.7
	1973	21	1,897	1,107.0
	1974	23	1,901	1,209.9
	1975	21	1,922	1,092.6
	1976	25	1,891	1,322.1
	1977	18	1,871	962.1 (Unreliable)
	1978	19	1,856	1,023.7 (Unreliable)
	Total	232	21,173	1,095.7
Cascade County, MT (30013)	1968	604	78,783	766.7
	1969	657	80,361	817.6
	1970	670	82,038	816.7
	1971	672	84,535	794.9
	1972	660	84,864	777.7
	1973	697	84,707	822.8
	1974	620	85,184	727.8
	1975	633	84,809	746.4
	1976	652	84,992	767.1
	1977	669	86,462	773.8
	1978	628	86,691	724.4
	Total	7,162	923,426	775.6
Chouteau County, MT (30015)	1968	79	6,573	1,201.9
	1969	75	6,514	1,151.4
	1970	56	6,477	864.6
	1971	57	6,376	894.0
	1972	66	6,198	1,064.9
	1973	66	6,015	1,097.3
	1974	52	6,053	859.1
	1975	65	6,105	1,064.7
	1976	54	6,022	896.7
	1977	57	6,149	927.0
	1978	54	6,216	868.7
	Total	681	68,698	991.3
Custer County, MT (30017)	1968	149	12,518	1,190.3
	1969	144	12,307	1,170.1
	1970	121	12,226	989.7
	1971	138	11,985	1,151.4
	1972	142	11,786	1,204.8
	1973	154	11,773	1,308.1
	1974	139	12,055	1,153.0
	1975	154	12,156	1,266.9
	1976	146	12,951	1,127.3
	1977	122	13,071	933.4
	1978	146	12,919	1,130.1
	Total	1,555	135,747	1,145.5
Daniels County, MT (30019)	1968	39	3,169	1,230.7
	1969	44	3,122	1,409.4
	1970	49	3,087	1,587.3
	1971	59	3,047	1,936.3
	1972	46	3,016	1,525.2
	1973	34	3,018	1,126.6
	1974	37	2,987	1,238.7
	1975	24	3,021	794.4
	1976	36	3,015	1,194.0
	1977	27	2,980	906.0
	1978	32	2,927	1,093.3
	Total	427	33,389	1,278.9
Dawson County, MT (30021)	1968	90	11,289	797.2
	1969	103	11,234	916.9
	1970	79	11,287	699.9
	1971	90	11,317	795.3
	1972	88	11,126	790.9
	1973	77	11,004	699.7
	1974	80	11,028	725.4
	1975	77	10,974	701.7
	1976	75	11,655	643.5
	1977	98	11,751	834.0
	1978	87	11,888	731.8
	Total	944	124,553	757.9
Deer Lodge County, MT (30023)	1968	156	15,477	1,007.9
	1969	172	15,570	1,104.7
	1970	166	15,679	1,058.7
	1971	173	15,843	1,092.0
	1972	164	15,897	1,031.6
	1973	160	15,422	1,037.5
	1974	143	15,184	941.8
	1975	162	15,055	1,076.1
	1976	161	14,581	1,104.2
	1977	149	14,313	1,041.0
	1978	157	13,475	1,165.1
	Total	1,763	166,496	1,058.9
Fallon County, MT (30025)	1968	37	4,009	922.9
	1969	31	4,011	772.9
	1970	39	4,063	959.9
	1971	27	4,103	658.1
	1972	32	3,914	817.6
	1973	27	3,865	698.6
	1974	27	3,832	704.6
	1975	35	3,957	884.5
	1976	31	3,930	788.8
	1977	31	3,979	779.1
	1978	34	3,977	854.9
	Total	351	43,640	804.3
Fergus County, MT (30027)	1968	151	12,605	1,197.9
	1969	174	12,593	1,381.7
	1970	144	12,608	1,142.1
	1971	143	12,666	1,129.0
	1972	184	12,501	1,471.9
	1973	142	12,290	1,155.4
	1974	159	12,431	1,279.1
	1975	161	12,589	1,278.9
	1976	175	12,649	1,383.5
	1977	134	12,733	1,052.4
	1978	157	12,850	1,221.8
	Total	1,724	138,515	1,244.6
Flathead County, MT (30029)	1968	357	37,715	946.6
	1969	401	38,612	1,038.5
	1970	365	39,484	924.4
	1971	397	40,866	971.5
	1972	408	41,094	992.8
	1973	398	41,730	953.8
	1974	408	42,890	951.3
	1975	353	44,869	786.7
	1976	394	46,230	852.3
	1977	388	47,563	815.8
	1978	434	49,925	869.3
	Total	4,303	470,978	913.6
Gallatin County, MT (30031)	1968	225	30,817	730.1
	1969	217	31,801	682.4
	1970	244	32,584	748.8
	1971	227	34,017	667.3
	1972	216	35,344	611.1
	1973	253	36,020	702.4
	1974	213	37,199	572.6
	1975	235	37,857	620.8
	1976	246	38,265	642.9
	1977	216	39,615	545.2
	1978	233	40,909	569.6
	Total	2,525	394,428	640.2
Garfield County, MT (30033)	1968	18	1,743	1,032.7 (Unreliable)
	1969	17	1,780	955.1 (Unreliable)
	1970	12	1,780	674.2 (Unreliable)
	1971	22	1,824	1,206.1
	1972	16	1,711	935.1 (Unreliable)
	1973	19	1,771	1,072.8 (Unreliable)
	1974	15	1,708	878.2 (Unreliable)
	1975	13	1,779	730.7 (Unreliable)
	1976	24	1,831	1,310.8
	1977	13	1,858	699.7 (Unreliable)
	1978	12	1,843	651.1 (Unreliable)
	Total	181	19,628	922.2
Glacier County, MT (30035)	1968	107	10,819	989.0
	1969	107	10,796	991.1
	1970	96	10,786	890.0
	1971	109	10,879	1,001.9
	1972	124	10,703	1,158.6
	1973	103	11,003	936.1
	1974	108	10,776	1,002.2
	1975	102	10,501	971.3
	1976	120	10,267	1,168.8
	1977	112	10,189	1,099.2
	1978	118	10,672	1,105.7
	Total	1,206	117,391	1,027.3
Golden Valley County, MT (30037)	1968	13	1,061	1,225.3 (Unreliable)
	1969	12	983	1,220.8 (Unreliable)
	1970	13	944	1,377.1 (Unreliable)
	1971	7	860	814.0 (Unreliable)
	1972	10	862	1,160.1 (Unreliable)
	1973	11	919	1,197.0 (Unreliable)
	1974	15	916	1,637.6 (Unreliable)
	1975	9	906	993.4 (Unreliable)
	1976	13	898	1,447.7 (Unreliable)
	1977	13	906	1,434.9 (Unreliable)
	1978	4	1,008	396.8 (Unreliable)
	Total	120	10,263	1,169.2
Granite County, MT (30039)	1968	33	2,857	1,155.1
	1969	21	2,786	753.8
	1970	29	2,738	1,059.2
	1971	31	2,685	1,154.6
	1972	32	2,632	1,215.8
	1973	20	2,684	745.2
	1974	28	2,701	1,036.7
	1975	37	2,708	1,366.3
	1976	26	2,732	951.7
	1977	30	2,709	1,107.4
	1978	25	2,722	918.4
	Total	312	29,954	1,041.6
Hill County, MT (30041)	1968	157	16,796	934.7
	1969	134	17,096	783.8
	1970	143	17,405	821.6
	1971	129	17,935	719.3
	1972	170	17,928	948.2
	1973	134	17,459	767.5
	1974	143	17,530	815.7
	1975	162	17,864	906.9
	1976	140	18,134	772.0
	1977	152	18,249	832.9
	1978	132	18,360	719.0
	Total	1,596	194,756	819.5
Jefferson County, MT (30043)	1968	39	5,004	779.4
	1969	42	5,122	820.0
	1970	50	5,254	951.7
	1971	42	5,429	773.6
	1972	56	6,052	925.3
	1973	48	6,245	768.6
	1974	53	6,472	818.9
	1975	51	6,397	797.2
	1976	55	6,446	853.2
	1977	56	6,703	835.4
	1978	64	7,088	902.9
	Total	556	66,212	839.7
Judith Basin County, MT (30045)	1968	24	2,674	897.5
	1969	28	2,658	1,053.4
	1970	25	2,666	937.7
	1971	14	2,661	526.1 (Unreliable)
	1972	28	2,542	1,101.5
	1973	42	2,570	1,634.2
	1974	24	2,576	931.7
	1975	21	2,608	805.2
	1976	22	2,606	844.2
	1977	22	2,705	813.3
	1978	20	2,755	726.0
	Total	270	29,021	930.4
Lake County, MT (30047)	1968	137	13,521	1,013.2
	1969	169	14,038	1,203.9
	1970	166	14,496	1,145.1
	1971	180	15,226	1,182.2
	1972	186	15,477	1,201.8
	1973	170	15,933	1,067.0
	1974	179	16,585	1,079.3
	1975	190	17,313	1,097.4
	1976	198	17,700	1,118.6
	1977	173	17,980	962.2
	1978	206	18,446	1,116.8
	Total	1,954	176,715	1,105.7
Lewis and Clark County, MT (30049)	1968	338	31,954	1,057.8
	1969	296	32,645	906.7
	1970	346	33,323	1,038.3
	1971	323	34,412	938.6
	1972	370	35,101	1,054.1
	1973	320	36,082	886.9
	1974	320	36,572	875.0
	1975	329	37,323	881.5
	1976	339	38,473	881.1
	1977	325	40,296	806.5
	1978	331	41,783	792.2
	Total	3,637	397,964	913.9
Liberty County, MT (30051)	1968	20	2,280	877.2
	1969	18	2,311	778.9 (Unreliable)
	1970	23	2,347	980.0
	1971	22	2,411	912.5
	1972	30	2,392	1,254.2
	1973	31	2,322	1,335.1
	1974	18	2,247	801.1 (Unreliable)
	1975	20	2,362	846.7
	1976	30	2,330	1,287.6
	1977	13	2,486	522.9 (Unreliable)
	1978	15	2,404	624.0 (Unreliable)
	Total	240	25,892	926.9
Lincoln County, MT (30053)	1968	122	17,954	679.5
	1969	131	18,055	725.6
	1970	117	18,104	646.3
	1971	146	18,118	805.8
	1972	102	17,977	567.4
	1973	137	17,700	774.0
	1974	103	16,887	609.9
	1975	116	16,686	695.2
	1976	110	16,755	656.5
	1977	112	16,994	659.1
	1978	134	17,481	766.5
	Total	1,330	192,711	690.2
McCone County, MT (30055)	1968	42	2,993	1,403.3
	1969	26	2,926	888.6
	1970	29	2,880	1,006.9
	1971	42	2,822	1,488.3
	1972	20	2,736	731.0
	1973	23	2,779	827.6
	1974	18	2,715	663.0 (Unreliable)
	1975	27	2,733	987.9
	1976	27	2,753	980.7
	1977	18	2,754	653.6 (Unreliable)
	1978	24	2,735	877.5
	Total	296	30,826	960.2
Madison County, MT (30057)	1968	70	4,770	1,467.5
	1969	65	4,906	1,324.9
	1970	61	5,018	1,215.6
	1971	68	5,201	1,307.4
	1972	66	5,518	1,196.1
	1973	53	5,324	995.5
	1974	61	5,498	1,109.5
	1975	69	5,580	1,236.6
	1976	66	5,442	1,212.8
	1977	55	5,438	1,011.4
	1978	45	5,508	817.0
	Total	679	58,203	1,166.6
Meagher County, MT (30059)	1968	29	2,175	1,333.3
	1969	22	2,143	1,026.6
	1970	31	2,126	1,458.1
	1971	28	2,125	1,317.6
	1972	46	2,244	2,049.9
	1973	25	2,129	1,174.3
	1974	36	2,118	1,699.7
	1975	22	2,253	976.5
	1976	24	2,229	1,076.7
	1977	17	2,226	763.7 (Unreliable)
	1978	17	2,320	732.8 (Unreliable)
	Total	297	24,088	1,233.0
Mineral County, MT (30061)	1968	28	2,847	983.5
	1969	27	2,922	924.0
	1970	21	2,968	707.5
	1971	27	3,064	881.2
	1972	40	3,238	1,235.3
	1973	27	3,411	791.6
	1974	25	3,511	712.0
	1975	22	3,509	627.0
	1976	22	3,462	635.5
	1977	23	3,473	662.3
	1978	25	3,651	684.7
	Total	287	36,056	796.0
Missoula County, MT (30063)	1968	423	56,305	751.3
	1969	411	57,297	717.3
	1970	447	58,376	765.7
	1971	440	60,030	733.0
	1972	478	61,858	772.7
	1973	442	64,381	686.5
	1974	456	67,049	680.1
	1975	422	67,077	629.1
	1976	464	69,631	666.4
	1977	440	71,093	618.9
	1978	402	72,358	555.6
	Total	4,825	705,455	684.0
Musselshell County, MT (30065)	1968	40	3,773	1,060.2
	1969	51	3,751	1,359.6
	1970	44	3,750	1,173.3
	1971	51	3,690	1,382.1
	1972	56	3,890	1,439.6
	1973	58	4,042	1,434.9
	1974	51	4,150	1,228.9
	1975	51	4,180	1,220.1
	1976	44	4,395	1,001.1
	1977	47	4,586	1,024.9
	1978	49	4,603	1,064.5
	Total	542	44,810	1,209.6
Park County, MT (30067)	1968	146	10,538	1,385.5
	1969	168	10,902	1,541.0
	1970	181	11,212	1,614.3
	1971	145	11,780	1,230.9
	1972	136	11,646	1,167.8
	1973	132	11,580	1,139.9
	1974	148	11,635	1,272.0
	1975	143	11,857	1,206.0
	1976	147	11,959	1,229.2
	1977	143	12,215	1,170.7
	1978	136	12,539	1,084.6
	Total	1,625	127,863	1,270.9
Petroleum County, MT (30069)	1968	8	643	1,244.2 (Unreliable)
	1969	5	653	765.7 (Unreliable)
	1970	8	677	1,181.7 (Unreliable)
	1971	9	688	1,308.1 (Unreliable)
	1972	10	702	1,424.5 (Unreliable)
	1973	3	681	440.5 (Unreliable)
	1974	6	685	875.9 (Unreliable)
	1975	2	667	299.9 (Unreliable)
	1976	10	662	1,510.6 (Unreliable)
	1977	2	664	301.2 (Unreliable)
	1978	5	705	709.2 (Unreliable)
	Total	68	7,427	915.6
Phillips County, MT (30071)	1968	69	5,456	1,264.7
	1969	75	5,395	1,390.2
	1970	63	5,398	1,167.1
	1971	59	5,342	1,104.5
	1972	50	5,211	959.5
	1973	54	5,115	1,055.7
	1974	59	5,188	1,137.2
	1975	66	5,251	1,256.9
	1976	51	5,277	966.5
	1977	63	5,234	1,203.7
	1978	59	5,252	1,123.4
	Total	668	58,119	1,149.4
Pondera County, MT (30073)	1968	59	6,098	967.5
	1969	75	6,350	1,181.1
	1970	60	6,583	911.4
	1971	77	7,019	1,097.0
	1972	62	7,244	855.9
	1973	66	6,970	946.9
	1974	68	6,537	1,040.2
	1975	64	6,664	960.4
	1976	61	6,743	904.6
	1977	54	7,301	739.6
	1978	58	6,939	835.9
	Total	704	74,448	945.6
Powder River County, MT (30075)	1968	24	2,994	801.6
	1969	28	2,914	960.9
	1970	24	2,849	842.4
	1971	14	2,754	508.4 (Unreliable)
	1972	18	2,467	729.6 (Unreliable)
	1973	21	2,308	909.9
	1974	22	2,322	947.5
	1975	13	2,468	526.7 (Unreliable)
	1976	11	2,530	434.8 (Unreliable)
	1977	22	2,490	883.5
	1978	12	2,530	474.3 (Unreliable)
	Total	209	28,626	730.1
Powell County, MT (30077)	1968	70	6,709	1,043.4
	1969	64	6,689	956.8
	1970	59	6,650	887.2
	1971	63	6,644	948.2
	1972	74	6,779	1,091.6
	1973	72	6,805	1,058.0
	1974	72	7,011	1,027.0
	1975	75	7,319	1,024.7
	1976	68	7,307	930.6
	1977	66	7,246	910.8
	1978	65	7,318	888.2
	Total	748	76,477	978.1
Prairie County, MT (30079)	1968	23	1,657	1,388.1
	1969	20	1,706	1,172.3
	1970	17	1,760	965.9 (Unreliable)
	1971	22	1,836	1,198.3
	1972	26	1,820	1,428.6
	1973	22	1,849	1,189.8
	1974	23	1,828	1,258.2
	1975	23	1,850	1,243.2
	1976	20	1,791	1,116.7
	1977	14	1,836	762.5 (Unreliable)
	1978	24	1,890	1,269.8
	Total	234	19,823	1,180.4
Ravalli County, MT (30081)	1968	171	13,520	1,264.8
	1969	169	14,010	1,206.3
	1970	157	14,423	1,088.5
	1971	192	15,083	1,273.0
	1972	178	16,018	1,111.2
	1973	194	16,967	1,143.4
	1974	180	17,353	1,037.3
	1975	190	18,134	1,047.8
	1976	182	18,451	986.4
	1977	185	19,235	961.8
	1978	194	20,603	941.6
	Total	1,992	183,797	1,083.8
Richland County, MT (30083)	1968	94	9,875	951.9
	1969	94	9,859	953.4
	1970	81	9,865	821.1
	1971	105	9,876	1,063.2
	1972	92	9,769	941.8
	1973	109	9,904	1,100.6
	1974	104	10,043	1,035.5
	1975	96	10,190	942.1
	1976	106	10,458	1,013.6
	1977	92	10,651	863.8
	1978	92	11,123	827.1
	Total	1,065	111,613	954.2
Roosevelt County, MT (30085)	1968	112	10,520	1,064.6
	1969	119	10,418	1,142.3
	1970	124	10,414	1,190.7
	1971	139	10,437	1,331.8
	1972	140	10,493	1,334.2
	1973	125	10,072	1,241.1
	1974	110	9,965	1,103.9
	1975	104	10,119	1,027.8
	1976	124	10,219	1,213.4
	1977	111	10,280	1,079.8
	1978	112	10,370	1,080.0
	Total	1,320	113,307	1,165.0
Rosebud County, MT (30087)	1968	63	6,110	1,031.1
	1969	67	6,068	1,104.2
	1970	81	6,044	1,340.2
	1971	69	6,115	1,128.4
	1972	50	6,444	775.9
	1973	78	6,865	1,136.2
	1974	80	7,865	1,017.2
	1975	56	9,727	575.7
	1976	68	9,968	682.2
	1977	82	10,615	772.5
	1978	64	8,991	711.8
	Total	758	84,812	893.7
Sanders County, MT (30089)	1968	72	6,925	1,039.7
	1969	80	7,019	1,139.8
	1970	88	7,111	1,237.5
	1971	100	7,195	1,389.9
	1972	74	7,502	986.4
	1973	73	7,546	967.4
	1974	96	7,686	1,249.0
	1975	93	8,024	1,159.0
	1976	90	8,057	1,117.0
	1977	76	8,408	903.9
	1978	87	8,488	1,025.0
	Total	929	83,961	1,106.5
Sheridan County, MT (30091)	1968	70	5,599	1,250.2
	1969	69	5,702	1,210.1
	1970	62	5,774	1,073.8
	1971	72	5,934	1,213.3
	1972	60	5,860	1,023.9
	1973	62	5,619	1,103.4
	1974	62	5,521	1,123.0
	1975	60	5,555	1,080.1
	1976	60	5,686	1,055.2
	1977	51	5,534	921.6
	1978	53	5,443	973.7
	Total	681	62,227	1,094.4
Silver Bow County, MT (30093)	1968	574	40,795	1,407.0
	1969	563	41,324	1,362.4
	1970	554	42,001	1,319.0
	1971	622	43,077	1,443.9
	1972	602	42,446	1,418.3
	1973	578	43,363	1,332.9
	1974	496	43,345	1,144.3
	1975	545	43,348	1,257.3
	1976	484	42,116	1,149.2
	1977	411	41,422	992.2
	1978	497	40,472	1,228.0
	Total	5,926	463,709	1,278.0
Stillwater County, MT (30095)	1968	63	4,357	1,445.9
	1969	64	4,505	1,420.6
	1970	41	4,633	885.0
	1971	56	4,860	1,152.3
	1972	46	4,930	933.1
	1973	58	4,833	1,200.1
	1974	48	4,971	965.6
	1975	57	5,067	1,124.9
	1976	50	5,129	974.8
	1977	68	5,188	1,310.7
	1978	59	5,561	1,061.0
	Total	610	54,034	1,128.9
Sweet Grass County, MT (30097)	1968	48	2,972	1,615.1
	1969	35	2,971	1,178.1
	1970	50	2,982	1,676.7
	1971	40	2,998	1,334.2
	1972	42	3,088	1,360.1
	1973	44	3,052	1,441.7
	1974	39	3,004	1,298.3
	1975	35	2,971	1,178.1
	1976	39	3,080	1,266.2
	1977	45	3,103	1,450.2
	1978	34	3,209	1,059.5
	Total	451	33,430	1,349.1
Teton County, MT (30099)	1968	49	6,096	803.8
	1969	70	6,112	1,145.3
	1970	50	6,128	815.9
	1971	67	6,151	1,089.3
	1972	70	6,435	1,087.8
	1973	85	6,422	1,323.6
	1974	62	6,252	991.7
	1975	63	6,387	986.4
	1976	66	6,222	1,060.8
	1977	75	6,419	1,168.4
	1978	61	6,662	915.6
	Total	718	69,286	1,036.3
Toole County, MT (30101)	1968	58	5,821	996.4
	1969	73	5,832	1,251.7
	1970	57	5,841	975.9
	1971	66	5,874	1,123.6
	1972	72	5,801	1,241.2
	1973	45	5,723	786.3
	1974	51	5,562	916.9
	1975	65	5,571	1,166.8
	1976	58	5,583	1,038.9
	1977	51	5,774	883.3
	1978	47	5,729	820.4
	Total	643	63,111	1,018.8
Treasure County, MT (30103)	1968	7	972	720.2 (Unreliable)
	1969	6	1,018	589.4 (Unreliable)
	1970	17	1,062	1,600.8 (Unreliable)
	1971	7	1,149	609.2 (Unreliable)
	1972	6	1,167	514.1 (Unreliable)
	1973	13	1,146	1,134.4 (Unreliable)
	1974	9	1,181	762.1 (Unreliable)
	1975	5	1,191	419.8 (Unreliable)
	1976	12	1,222	982.0 (Unreliable)
	1977	4	1,170	341.9 (Unreliable)
	1978	12	1,164	1,030.9 (Unreliable)
	Total	98	12,442	787.7
Valley County, MT (30105)	1968	125	11,271	1,109.0
	1969	102	11,300	902.7
	1970	117	11,480	1,019.2
	1971	98	11,736	835.0
	1972	104	11,746	885.4
	1973	116	12,868	901.5
	1974	109	12,698	858.4
	1975	88	12,738	690.8
	1976	113	12,616	895.7
	1977	102	11,981	851.3
	1978	80	11,352	704.7
	Total	1,154	131,786	875.7
Wheatland County, MT (30107)	1968	33	2,699	1,222.7
	1969	36	2,589	1,390.5
	1970	22	2,528	870.3
	1971	37	2,429	1,523.3
	1972	32	2,327	1,375.2
	1973	44	2,435	1,807.0
	1974	32	2,432	1,315.8
	1975	32	2,368	1,351.4
	1976	34	2,403	1,414.9
	1977	26	2,367	1,098.4
	1978	20	2,380	840.3
	Total	348	26,957	1,290.9
Wibaux County, MT (30109)	1968	17	1,572	1,081.4 (Unreliable)
	1969	11	1,511	728.0 (Unreliable)
	1970	23	1,457	1,578.6
	1971	23	1,404	1,638.2
	1972	14	1,344	1,041.7 (Unreliable)
	1973	11	1,456	755.5 (Unreliable)
	1974	11	1,457	755.0 (Unreliable)
	1975	13	1,458	891.6 (Unreliable)
	1976	14	1,464	956.3 (Unreliable)
	1977	19	1,520	1,250.0 (Unreliable)
	1978	17	1,533	1,108.9 (Unreliable)
	Total	173	16,176	1,069.5
Yellowstone County, MT (30111)	1968	646	83,855	770.4
	1969	702	85,816	818.0
	1970	654	87,615	746.4
	1971	660	90,352	730.5
	1972	696	91,880	757.5
	1973	742	93,488	793.7
	1974	729	96,675	754.1
	1975	691	98,914	698.6
	1976	747	101,558	735.5
	1977	737	103,891	709.4
	1978	698	107,057	652.0
	Total	7,702	1,041,101	739.8
Yellowstone National Park, MT (30113)	1969	1	62	1,612.9 (Unreliable)
	1973	2	97	2,061.9 (Unreliable)
	1974	1	106	943.4 (Unreliable)
	1977	2	222	900.9 (Unreliable)
	1978	1	246	406.5 (Unreliable)
	Total	7	1,351	518.1 (Unreliable)
Total		73,212	8,019,513	912.9
