
                        
                      	Year	
                        
                      	
                        
                      	
                        
                      
Adams County, NE (31001)	1968	349	30,501	1,144.2
	1969	356	30,473	1,168.2
	1970	351	30,571	1,148.1
	1971	310	30,662	1,011.0
	1972	348	31,065	1,120.2
	1973	334	31,071	1,075.0
	1974	327	30,596	1,068.8
	1975	344	30,013	1,146.2
	1976	357	30,263	1,179.7
	1977	330	30,227	1,091.7
	1978	355	30,252	1,173.5
	Total	3,761	335,694	1,120.4
Antelope County, NE (31003)	1968	118	9,238	1,277.3
	1969	149	9,144	1,629.5
	1970	109	9,064	1,202.6
	1971	130	8,900	1,460.7
	1972	132	9,019	1,463.6
	1973	122	8,893	1,371.9
	1974	130	8,779	1,480.8
	1975	121	9,072	1,333.8
	1976	95	8,995	1,056.1
	1977	98	8,873	1,104.5
	1978	117	8,746	1,337.8
	Total	1,321	98,723	1,338.1
Arthur County, NE (31005)	1968	6	637	941.9 (Unreliable)
	1969	7	615	1,138.2 (Unreliable)
	1970	4	609	656.8 (Unreliable)
	1971	2	589	339.6 (Unreliable)
	1972	2	570	350.9 (Unreliable)
	1973	3	607	494.2 (Unreliable)
	1974	3	594	505.1 (Unreliable)
	1975	7	588	1,190.5 (Unreliable)
	1976	2	578	346.0 (Unreliable)
	1977	9	588	1,530.6 (Unreliable)
	1978	9	567	1,587.3 (Unreliable)
	Total	54	6,542	825.4
Banner County, NE (31007)	1968	3	1,055	284.4 (Unreliable)
	1969	10	1,043	958.8 (Unreliable)
	1970	7	1,039	673.7 (Unreliable)
	1971	8	1,009	792.9 (Unreliable)
	1972	6	1,026	584.8 (Unreliable)
	1973	4	984	406.5 (Unreliable)
	1974	2	972	205.8 (Unreliable)
	1975	6	953	629.6 (Unreliable)
	1976	2	1,006	198.8 (Unreliable)
	1977	6	1,040	576.9 (Unreliable)
	1978	4	959	417.1 (Unreliable)
	Total	58	11,086	523.2
Blaine County, NE (31009)	1968	9	849	1,060.1 (Unreliable)
	1969	12	846	1,418.4 (Unreliable)
	1970	10	843	1,186.2 (Unreliable)
	1971	11	843	1,304.9 (Unreliable)
	1972	10	807	1,239.2 (Unreliable)
	1973	6	823	729.0 (Unreliable)
	1974	10	826	1,210.7 (Unreliable)
	1975	8	809	988.9 (Unreliable)
	1976	8	829	965.0 (Unreliable)
	1977	7	840	833.3 (Unreliable)
	1978	11	776	1,417.5 (Unreliable)
	Total	102	9,091	1,122.0
Boone County, NE (31011)	1968	120	8,286	1,448.2
	1969	104	8,204	1,267.7
	1970	126	8,209	1,534.9
	1971	85	8,116	1,047.3
	1972	98	8,011	1,223.3
	1973	101	7,817	1,292.1
	1974	110	7,720	1,424.9
	1975	110	8,013	1,372.8
	1976	79	7,796	1,013.3
	1977	94	7,713	1,218.7
	1978	102	7,499	1,360.2
	Total	1,129	87,384	1,292.0
Box Butte County, NE (31013)	1968	124	10,347	1,198.4
	1969	136	10,182	1,335.7
	1970	141	10,076	1,399.4
	1971	118	10,005	1,179.4
	1972	116	9,961	1,164.5
	1973	120	9,736	1,232.5
	1974	101	9,927	1,017.4
	1975	111	10,269	1,080.9
	1976	135	10,652	1,267.4
	1977	136	11,151	1,219.6
	1978	108	12,153	888.7
	Total	1,346	114,459	1,176.0
Boyd County, NE (31015)	1968	54	3,745	1,441.9
	1969	49	3,743	1,309.1
	1970	55	3,746	1,468.2
	1971	51	3,762	1,355.7
	1972	54	3,610	1,495.8
	1973	55	3,630	1,515.2
	1974	50	3,540	1,412.4
	1975	42	3,513	1,195.6
	1976	42	3,554	1,181.8
	1977	39	3,482	1,120.0
	1978	49	3,397	1,442.4
	Total	540	39,722	1,359.4
Brown County, NE (31017)	1968	65	4,082	1,592.4
	1969	78	4,039	1,931.2
	1970	48	4,017	1,194.9
	1971	64	3,981	1,607.6
	1972	68	4,057	1,676.1
	1973	38	4,128	920.5
	1974	59	4,119	1,432.4
	1975	66	4,076	1,619.2
	1976	44	4,152	1,059.7
	1977	44	4,245	1,036.5
	1978	54	4,264	1,266.4
	Total	628	45,160	1,390.6
Buffalo County, NE (31019)	1968	306	30,868	991.3
	1969	279	31,121	896.5
	1970	302	31,315	964.4
	1971	304	31,735	957.9
	1972	294	32,121	915.3
	1973	271	31,752	853.5
	1974	303	31,853	951.2
	1975	296	32,744	904.0
	1976	306	33,408	915.9
	1977	292	34,046	857.7
	1978	312	34,066	915.9
	Total	3,265	355,029	919.6
Burt County, NE (31021)	1968	130	9,447	1,376.1
	1969	123	9,362	1,313.8
	1970	124	9,266	1,338.2
	1971	149	9,128	1,632.3
	1972	130	8,869	1,465.8
	1973	135	8,981	1,503.2
	1974	143	9,068	1,577.0
	1975	122	9,098	1,341.0
	1976	127	9,082	1,398.4
	1977	121	8,878	1,362.9
	1978	138	8,960	1,540.2
	Total	1,442	100,139	1,440.0
Butler County, NE (31023)	1968	120	9,590	1,251.3
	1969	121	9,502	1,273.4
	1970	124	9,457	1,311.2
	1971	138	9,342	1,477.2
	1972	120	9,181	1,307.0
	1973	121	9,193	1,316.2
	1974	118	9,201	1,282.5
	1975	97	9,125	1,063.0
	1976	110	9,253	1,188.8
	1977	111	9,179	1,209.3
	1978	113	9,244	1,222.4
	Total	1,293	102,267	1,264.3
Cass County, NE (31025)	1968	212	16,942	1,251.3
	1969	176	17,564	1,002.0
	1970	187	18,097	1,033.3
	1971	201	18,961	1,060.1
	1972	214	19,038	1,124.1
	1973	189	19,892	950.1
	1974	210	20,022	1,048.8
	1975	177	19,970	886.3
	1976	188	20,155	932.8
	1977	199	21,001	947.6
	1978	188	20,976	896.3
	Total	2,141	212,618	1,007.0
Cedar County, NE (31027)	1968	135	12,578	1,073.3
	1969	141	12,294	1,146.9
	1970	139	12,163	1,142.8
	1971	117	11,952	978.9
	1972	162	11,814	1,371.3
	1973	124	11,551	1,073.5
	1974	140	11,451	1,222.6
	1975	113	11,331	997.3
	1976	130	11,271	1,153.4
	1977	119	11,131	1,069.1
	1978	142	10,830	1,311.2
	Total	1,462	128,366	1,138.9
Chase County, NE (31029)	1968	50	4,178	1,196.7
	1969	47	4,143	1,134.4
	1970	54	4,129	1,307.8
	1971	48	4,112	1,167.3
	1972	60	4,116	1,457.7
	1973	52	4,116	1,263.4
	1974	66	4,189	1,575.6
	1975	53	4,388	1,207.8
	1976	56	4,566	1,226.5
	1977	51	4,607	1,107.0
	1978	50	4,680	1,068.4
	Total	587	47,224	1,243.0
Cherry County, NE (31031)	1968	85	6,942	1,224.4
	1969	62	6,898	898.8
	1970	81	6,857	1,181.3
	1971	87	6,810	1,277.5
	1972	54	6,800	794.1
	1973	65	6,778	959.0
	1974	93	6,922	1,343.5
	1975	74	7,020	1,054.1
	1976	72	7,007	1,027.5
	1977	57	6,819	835.9
	1978	56	6,864	815.9
	Total	786	75,717	1,038.1
Cheyenne County, NE (31033)	1968	110	10,836	1,015.1
	1969	126	10,797	1,167.0
	1970	130	10,789	1,204.9
	1971	109	10,765	1,012.5
	1972	126	10,588	1,190.0
	1973	113	10,554	1,070.7
	1974	114	10,781	1,057.4
	1975	113	10,391	1,087.5
	1976	125	10,314	1,211.9
	1977	112	10,244	1,093.3
	1978	115	10,182	1,129.4
	Total	1,293	116,241	1,112.3
Clay County, NE (31035)	1968	102	8,236	1,238.5
	1969	114	8,253	1,381.3
	1970	118	8,264	1,427.9
	1971	121	8,325	1,453.5
	1972	104	8,555	1,215.7
	1973	110	8,471	1,298.5
	1974	102	8,364	1,219.5
	1975	103	8,443	1,219.9
	1976	83	8,295	1,000.6
	1977	98	8,420	1,163.9
	1978	77	8,123	947.9
	Total	1,132	91,749	1,233.8
Colfax County, NE (31037)	1968	130	9,357	1,389.3
	1969	120	9,405	1,275.9
	1970	128	9,515	1,345.2
	1971	122	9,592	1,271.9
	1972	148	9,781	1,513.1
	1973	128	9,638	1,328.1
	1974	139	9,730	1,428.6
	1975	125	9,835	1,271.0
	1976	113	9,811	1,151.8
	1977	116	9,910	1,170.5
	1978	112	9,884	1,133.1
	Total	1,381	106,458	1,297.2
Cuming County, NE (31039)	1968	128	11,907	1,075.0
	1969	132	11,969	1,102.8
	1970	128	12,007	1,066.0
	1971	137	12,096	1,132.6
	1972	144	11,824	1,217.9
	1973	106	11,869	893.1
	1974	129	11,671	1,105.3
	1975	128	11,586	1,104.8
	1976	132	11,470	1,150.8
	1977	127	11,544	1,100.1
	1978	132	11,632	1,134.8
	Total	1,423	129,575	1,098.2
Custer County, NE (31041)	1968	217	13,847	1,567.1
	1969	196	13,996	1,400.4
	1970	222	14,106	1,573.8
	1971	211	14,296	1,475.9
	1972	182	14,419	1,262.2
	1973	190	14,370	1,322.2
	1974	182	14,110	1,289.9
	1975	188	14,383	1,307.1
	1976	185	14,126	1,309.6
	1977	173	14,317	1,208.4
	1978	156	14,172	1,100.8
	Total	2,102	156,142	1,346.2
Dakota County, NE (31043)	1968	129	12,607	1,023.2
	1969	145	12,902	1,123.9
	1970	130	13,146	988.9
	1971	132	13,677	965.1
	1972	126	13,684	920.8
	1973	120	14,412	832.6
	1974	135	14,524	929.5
	1975	135	15,580	866.5
	1976	115	16,096	714.5
	1977	121	16,605	728.7
	1978	158	15,714	1,005.5
	Total	1,446	158,947	909.7
Dawes County, NE (31045)	1968	110	9,719	1,131.8
	1969	106	9,770	1,085.0
	1970	107	9,790	1,093.0
	1971	90	9,893	909.7
	1972	92	9,957	924.0
	1973	124	9,449	1,312.3
	1974	121	9,621	1,257.7
	1975	102	9,641	1,058.0
	1976	111	9,607	1,155.4
	1977	99	9,437	1,049.1
	1978	100	9,414	1,062.2
	Total	1,162	106,298	1,093.2
Dawson County, NE (31047)	1968	241	19,342	1,246.0
	1969	227	19,624	1,156.7
	1970	228	19,814	1,150.7
	1971	196	20,122	974.1
	1972	250	20,297	1,231.7
	1973	226	19,900	1,135.7
	1974	217	19,989	1,085.6
	1975	234	20,665	1,132.3
	1976	222	21,026	1,055.8
	1977	211	21,487	982.0
	1978	194	21,613	897.6
	Total	2,446	223,879	1,092.6
Deuel County, NE (31049)	1968	34	2,846	1,194.7
	1969	31	2,764	1,121.6
	1970	34	2,720	1,250.0
	1971	32	2,620	1,221.4
	1972	54	2,718	1,986.8
	1973	39	2,785	1,400.4
	1974	31	2,603	1,190.9
	1975	44	2,630	1,673.0
	1976	38	2,625	1,447.6
	1977	31	2,634	1,176.9
	1978	31	2,498	1,241.0
	Total	399	29,443	1,355.2
Dixon County, NE (31051)	1968	87	7,534	1,154.8
	1969	99	7,477	1,324.1
	1970	84	7,448	1,127.8
	1971	89	7,401	1,202.5
	1972	82	7,230	1,134.2
	1973	98	7,088	1,382.6
	1974	82	7,121	1,151.5
	1975	77	7,193	1,070.5
	1976	74	7,273	1,017.5
	1977	72	7,321	983.5
	1978	106	7,350	1,442.2
	Total	950	80,436	1,181.1
Dodge County, NE (31053)	1968	340	34,671	980.6
	1969	337	34,752	969.7
	1970	350	34,828	1,004.9
	1971	382	34,959	1,092.7
	1972	362	35,162	1,029.5
	1973	366	35,501	1,031.0
	1974	362	36,166	1,000.9
	1975	382	35,987	1,061.5
	1976	369	35,271	1,046.2
	1977	410	35,407	1,158.0
	1978	346	35,242	981.8
	Total	4,006	387,946	1,032.6
Douglas County, NE (31055)	1968	3,412	381,171	895.1
	1969	3,425	385,876	887.6
	1970	3,459	390,338	886.2
	1971	3,409	397,372	857.9
	1972	3,588	403,093	890.1
	1973	3,494	408,097	856.2
	1974	3,498	411,121	850.8
	1975	3,365	404,273	832.4
	1976	3,287	405,831	809.9
	1977	3,363	401,924	836.7
	1978	3,304	402,252	821.4
	Total	37,604	4,391,348	856.3
Dundy County, NE (31057)	1968	42	2,968	1,415.1
	1969	47	2,948	1,594.3
	1970	44	2,926	1,503.8
	1971	49	2,921	1,677.5
	1972	32	2,866	1,116.5
	1973	42	2,913	1,441.8
	1974	38	2,796	1,359.1
	1975	60	2,808	2,136.8
	1976	39	2,828	1,379.1
	1977	44	2,817	1,561.9
	1978	40	2,815	1,421.0
	Total	477	31,606	1,509.2
Fillmore County, NE (31059)	1968	117	8,006	1,461.4
	1969	115	8,079	1,423.4
	1970	110	8,151	1,349.5
	1971	139	8,247	1,685.5
	1972	110	7,939	1,385.6
	1973	134	8,110	1,652.3
	1974	119	8,139	1,462.1
	1975	99	8,080	1,225.2
	1976	115	8,076	1,424.0
	1977	119	8,006	1,486.4
	1978	121	7,967	1,518.8
	Total	1,298	88,800	1,461.7
Franklin County, NE (31061)	1968	83	4,784	1,734.9
	1969	76	4,666	1,628.8
	1970	76	4,583	1,658.3
	1971	66	4,412	1,495.9
	1972	92	4,548	2,022.9
	1973	76	4,519	1,681.8
	1974	79	4,584	1,723.4
	1975	81	4,618	1,754.0
	1976	75	4,520	1,659.3
	1977	64	4,518	1,416.6
	1978	61	4,530	1,346.6
	Total	829	50,282	1,648.7
Frontier County, NE (31063)	1968	38	3,818	995.3
	1969	48	3,895	1,232.3
	1970	60	3,982	1,506.8
	1971	35	4,109	851.8
	1972	44	4,011	1,097.0
	1973	53	3,976	1,333.0
	1974	44	3,961	1,110.8
	1975	40	3,849	1,039.2
	1976	44	3,898	1,128.8
	1977	35	3,914	894.2
	1978	34	3,913	868.9
	Total	475	43,326	1,096.3
Furnas County, NE (31065)	1968	105	7,103	1,478.2
	1969	113	6,966	1,622.2
	1970	104	6,910	1,505.1
	1971	110	6,805	1,616.5
	1972	126	6,795	1,854.3
	1973	121	6,833	1,770.8
	1974	99	6,881	1,438.7
	1975	142	6,986	2,032.6
	1976	111	6,794	1,633.8
	1977	127	6,722	1,889.3
	1978	95	6,686	1,420.9
	Total	1,253	75,481	1,660.0
Gage County, NE (31067)	1968	302	25,791	1,171.0
	1969	322	25,695	1,253.2
	1970	331	25,712	1,287.3
	1971	311	25,718	1,209.3
	1972	328	25,481	1,287.2
	1973	321	25,166	1,275.5
	1974	305	25,357	1,202.8
	1975	280	25,124	1,114.5
	1976	300	25,300	1,185.8
	1977	286	25,518	1,120.8
	1978	279	25,650	1,087.7
	Total	3,365	280,512	1,199.6
Garden County, NE (31069)	1968	31	2,877	1,077.5
	1969	49	2,912	1,682.7
	1970	34	2,921	1,164.0
	1971	35	2,973	1,177.3
	1972	40	2,897	1,380.7
	1973	40	2,875	1,391.3
	1974	41	2,856	1,435.6
	1975	34	2,816	1,207.4
	1976	34	2,861	1,188.4
	1977	39	2,890	1,349.5
	1978	41	2,861	1,433.1
	Total	418	31,739	1,317.0
Garfield County, NE (31071)	1968	32	2,313	1,383.5
	1969	37	2,367	1,563.2
	1970	47	2,420	1,942.1
	1971	35	2,481	1,410.7
	1972	32	2,485	1,287.7
	1973	40	2,487	1,608.4
	1974	38	2,418	1,571.5
	1975	41	2,486	1,649.2
	1976	43	2,421	1,776.1
	1977	47	2,477	1,897.5
	1978	35	2,424	1,443.9
	Total	427	26,779	1,594.5
Gosper County, NE (31073)	1968	18	2,108	853.9 (Unreliable)
	1969	26	2,137	1,216.7
	1970	20	2,172	920.8
	1971	18	2,226	808.6 (Unreliable)
	1972	18	2,304	781.2 (Unreliable)
	1973	25	2,224	1,124.1
	1974	16	2,128	751.9 (Unreliable)
	1975	14	2,129	657.6 (Unreliable)
	1976	19	2,152	882.9 (Unreliable)
	1977	11	2,222	495.0 (Unreliable)
	1978	18	2,267	794.0 (Unreliable)
	Total	203	24,069	843.4
Grant County, NE (31075)	1968	13	939	1,384.5 (Unreliable)
	1969	10	982	1,018.3 (Unreliable)
	1970	7	1,022	684.9 (Unreliable)
	1971	12	1,091	1,099.9 (Unreliable)
	1972	6	1,171	512.4 (Unreliable)
	1973	10	1,012	988.1 (Unreliable)
	1974	11	1,012	1,087.0 (Unreliable)
	1975	5	992	504.0 (Unreliable)
	1976	7	948	738.4 (Unreliable)
	1977	8	962	831.6 (Unreliable)
	1978	4	1,105	362.0 (Unreliable)
	Total	93	11,236	827.7
Greeley County, NE (31077)	1968	58	4,015	1,444.6
	1969	54	4,012	1,346.0
	1970	48	3,996	1,201.2
	1971	52	3,970	1,309.8
	1972	54	3,763	1,435.0
	1973	47	3,893	1,207.3
	1974	47	3,858	1,218.2
	1975	46	3,716	1,237.9
	1976	45	3,661	1,229.2
	1977	62	3,614	1,715.6
	1978	55	3,579	1,536.7
	Total	568	42,077	1,349.9
Hall County, NE (31079)	1968	418	43,223	967.1
	1969	429	42,938	999.1
	1970	440	42,861	1,026.6
	1971	424	42,744	992.0
	1972	516	43,019	1,199.5
	1973	473	43,621	1,084.3
	1974	452	44,377	1,018.5
	1975	463	45,180	1,024.8
	1976	427	45,192	944.9
	1977	417	46,201	902.6
	1978	475	46,643	1,018.4
	Total	4,934	485,999	1,015.2
Hamilton County, NE (31081)	1968	97	9,043	1,072.7
	1969	108	8,902	1,213.2
	1970	95	8,860	1,072.2
	1971	102	8,766	1,163.6
	1972	102	8,808	1,158.0
	1973	121	8,936	1,354.1
	1974	112	8,799	1,272.9
	1975	81	8,912	908.9
	1976	90	8,999	1,000.1
	1977	87	9,204	945.2
	1978	116	9,179	1,263.8
	Total	1,111	98,408	1,129.0
Harlan County, NE (31083)	1968	59	4,339	1,359.8
	1969	61	4,339	1,405.9
	1970	81	4,351	1,861.6
	1971	79	4,331	1,824.1
	1972	72	4,346	1,656.7
	1973	68	4,308	1,578.5
	1974	67	4,127	1,623.5
	1975	54	4,289	1,259.0
	1976	57	4,356	1,308.5
	1977	47	4,258	1,103.8
	1978	56	4,380	1,278.5
	Total	701	47,424	1,478.2
Hayes County, NE (31085)	1968	11	1,456	755.5 (Unreliable)
	1969	10	1,494	669.3 (Unreliable)
	1970	9	1,531	587.9 (Unreliable)
	1971	15	1,567	957.2 (Unreliable)
	1972	16	1,609	994.4 (Unreliable)
	1973	14	1,485	942.8 (Unreliable)
	1974	12	1,444	831.0 (Unreliable)
	1975	14	1,441	971.5 (Unreliable)
	1976	14	1,358	1,030.9 (Unreliable)
	1977	9	1,394	645.6 (Unreliable)
	1978	11	1,397	787.4 (Unreliable)
	Total	135	16,176	834.6
Hitchcock County, NE (31087)	1968	57	4,092	1,393.0
	1969	59	4,071	1,449.3
	1970	50	4,057	1,232.4
	1971	48	4,033	1,190.2
	1972	48	3,999	1,200.3
	1973	55	3,941	1,395.6
	1974	47	3,924	1,197.8
	1975	60	4,193	1,431.0
	1976	58	4,255	1,363.1
	1977	45	4,143	1,086.2
	1978	43	4,112	1,045.7
	Total	570	44,820	1,271.8
Holt County, NE (31089)	1968	157	13,194	1,189.9
	1969	158	13,029	1,212.7
	1970	157	12,932	1,214.0
	1971	162	12,784	1,267.2
	1972	146	12,732	1,146.7
	1973	132	12,866	1,026.0
	1974	122	13,231	922.1
	1975	129	13,370	964.8
	1976	143	13,266	1,077.9
	1977	140	13,420	1,043.2
	1978	141	13,267	1,062.8
	Total	1,587	144,091	1,101.4
Hooker County, NE (31091)	1968	11	909	1,210.1 (Unreliable)
	1969	13	923	1,408.5 (Unreliable)
	1970	16	944	1,694.9 (Unreliable)
	1971	16	966	1,656.3 (Unreliable)
	1972	14	913	1,533.4 (Unreliable)
	1973	15	994	1,509.1 (Unreliable)
	1974	18	1,003	1,794.6 (Unreliable)
	1975	20	1,020	1,960.8
	1976	11	985	1,116.8 (Unreliable)
	1977	10	971	1,029.9 (Unreliable)
	1978	9	1,010	891.1 (Unreliable)
	Total	153	10,638	1,438.2
Howard County, NE (31093)	1968	90	6,414	1,403.2
	1969	89	6,617	1,345.0
	1970	65	6,799	956.0
	1971	99	7,097	1,395.0
	1972	96	7,051	1,361.5
	1973	84	6,981	1,203.3
	1974	92	6,715	1,370.1
	1975	75	6,806	1,102.0
	1976	70	6,797	1,029.9
	1977	66	6,760	976.3
	1978	72	6,711	1,072.9
	Total	898	74,748	1,201.4
Jefferson County, NE (31095)	1968	145	10,244	1,415.5
	1969	148	10,353	1,429.5
	1970	129	10,417	1,238.4
	1971	149	10,584	1,407.8
	1972	158	10,366	1,524.2
	1973	147	10,403	1,413.1
	1974	140	10,287	1,360.9
	1975	124	10,410	1,191.2
	1976	142	10,017	1,417.6
	1977	134	10,131	1,322.7
	1978	129	9,778	1,319.3
	Total	1,545	112,990	1,367.4
Johnson County, NE (31097)	1968	74	5,736	1,290.1
	1969	80	5,713	1,400.3
	1970	83	5,732	1,448.0
	1971	78	5,765	1,353.0
	1972	86	5,626	1,528.6
	1973	91	5,712	1,593.1
	1974	71	5,518	1,286.7
	1975	60	5,589	1,073.5
	1976	71	5,472	1,297.5
	1977	75	5,514	1,360.2
	1978	87	5,545	1,569.0
	Total	856	61,922	1,382.4
Kearney County, NE (31099)	1968	75	6,676	1,123.4
	1969	65	6,683	972.6
	1970	73	6,696	1,090.2
	1971	70	6,726	1,040.7
	1972	72	6,795	1,059.6
	1973	78	6,849	1,138.9
	1974	81	6,797	1,191.7
	1975	83	6,875	1,207.3
	1976	71	6,781	1,047.0
	1977	67	6,737	994.5
	1978	61	6,745	904.4
	Total	796	74,360	1,070.5
Keith County, NE (31101)	1968	83	8,369	991.8
	1969	78	8,454	922.6
	1970	74	8,495	871.1
	1971	99	8,633	1,146.8
	1972	84	8,421	997.5
	1973	80	8,511	940.0
	1974	80	8,703	919.2
	1975	87	8,866	981.3
	1976	93	9,049	1,027.7
	1977	75	9,015	831.9
	1978	58	9,374	618.7
	Total	891	95,890	929.2
Keya Paha County, NE (31103)	1968	18	1,326	1,357.5 (Unreliable)
	1969	14	1,324	1,057.4 (Unreliable)
	1970	11	1,344	818.5 (Unreliable)
	1971	11	1,359	809.4 (Unreliable)
	1972	14	1,336	1,047.9 (Unreliable)
	1973	9	1,356	663.7 (Unreliable)
	1974	18	1,368	1,315.8 (Unreliable)
	1975	12	1,370	875.9 (Unreliable)
	1976	9	1,370	656.9 (Unreliable)
	1977	14	1,382	1,013.0 (Unreliable)
	1978	14	1,328	1,054.2 (Unreliable)
	Total	144	14,863	968.8
Kimball County, NE (31105)	1968	47	6,773	693.9
	1969	56	6,289	890.4
	1970	67	6,009	1,115.0
	1971	54	5,535	975.6
	1972	40	5,438	735.6
	1973	40	5,402	740.5
	1974	39	6,369	612.3
	1975	40	5,488	728.9
	1976	50	5,157	969.6
	1977	38	4,841	785.0
	1978	54	4,938	1,093.6
	Total	525	62,239	843.5
Knox County, NE (31107)	1968	170	12,166	1,397.3
	1969	171	11,876	1,439.9
	1970	169	11,716	1,442.5
	1971	142	11,450	1,240.2
	1972	128	11,369	1,125.9
	1973	139	11,343	1,225.4
	1974	156	11,308	1,379.6
	1975	142	11,373	1,248.6
	1976	137	11,472	1,194.2
	1977	158	11,527	1,370.7
	1978	153	11,410	1,340.9
	Total	1,665	127,010	1,310.9
Lancaster County, NE (31109)	1968	1,350	162,325	831.7
	1969	1,301	165,486	786.2
	1970	1,280	168,272	760.7
	1971	1,355	173,113	782.7
	1972	1,400	179,638	779.3
	1973	1,268	180,318	703.2
	1974	1,330	183,700	724.0
	1975	1,303	183,369	710.6
	1976	1,393	183,746	758.1
	1977	1,290	185,523	695.3
	1978	1,289	187,558	687.3
	Total	14,559	1,953,048	745.5
Lincoln County, NE (31111)	1968	325	28,566	1,137.7
	1969	278	29,070	956.3
	1970	315	29,624	1,063.3
	1971	333	30,364	1,096.7
	1972	346	31,726	1,090.6
	1973	309	32,510	950.5
	1974	284	33,450	849.0
	1975	279	33,835	824.6
	1976	266	34,239	776.9
	1977	268	36,293	738.4
	1978	289	36,622	789.1
	Total	3,292	356,299	923.9
Logan County, NE (31113)	1968	16	936	1,709.4 (Unreliable)
	1969	11	958	1,148.2 (Unreliable)
	1970	8	992	806.5 (Unreliable)
	1971	8	1,040	769.2 (Unreliable)
	1972	4	1,006	397.6 (Unreliable)
	1973	13	1,015	1,280.8 (Unreliable)
	1974	10	1,024	976.6 (Unreliable)
	1975	7	1,024	683.6 (Unreliable)
	1976	12	1,045	1,148.3 (Unreliable)
	1977	8	1,035	772.9 (Unreliable)
	1978	4	1,005	398.0 (Unreliable)
	Total	101	11,080	911.6
Loup County, NE (31115)	1968	11	923	1,191.8 (Unreliable)
	1969	5	882	566.9 (Unreliable)
	1970	11	851	1,292.6 (Unreliable)
	1971	16	813	1,968.0 (Unreliable)
	1972	8	787	1,016.5 (Unreliable)
	1973	12	834	1,438.8 (Unreliable)
	1974	6	833	720.3 (Unreliable)
	1975	12	818	1,467.0 (Unreliable)
	1976	9	838	1,074.0 (Unreliable)
	1977	9	777	1,158.3 (Unreliable)
	1978	6	774	775.2 (Unreliable)
	Total	105	9,130	1,150.1
McPherson County, NE (31117)	1968	6	620	967.7 (Unreliable)
	1969	7	631	1,109.4 (Unreliable)
	1970	6	625	960.0 (Unreliable)
	1971	4	618	647.2 (Unreliable)
	1972	6	630	952.4 (Unreliable)
	1973	6	620	967.7 (Unreliable)
	1974	4	624	641.0 (Unreliable)
	1975	3	627	478.5 (Unreliable)
	1976	3	594	505.1 (Unreliable)
	1977	6	644	931.7 (Unreliable)
	1978	5	642	778.8 (Unreliable)
	Total	56	6,875	814.5
Madison County, NE (31119)	1968	277	27,215	1,017.8
	1969	310	27,300	1,135.5
	1970	317	27,440	1,155.2
	1971	307	27,662	1,109.8
	1972	320	27,278	1,173.1
	1973	317	28,062	1,129.6
	1974	301	28,436	1,058.5
	1975	284	29,089	976.3
	1976	323	29,409	1,098.3
	1977	312	29,798	1,047.1
	1978	330	30,216	1,092.1
	Total	3,398	311,905	1,089.4
Merrick County, NE (31121)	1968	95	8,709	1,090.8
	1969	89	8,701	1,022.9
	1970	108	8,744	1,235.1
	1971	108	8,781	1,229.9
	1972	94	8,984	1,046.3
	1973	98	9,032	1,085.0
	1974	101	8,873	1,138.3
	1975	87	9,077	958.5
	1976	79	9,136	864.7
	1977	97	9,198	1,054.6
	1978	94	8,965	1,048.5
	Total	1,050	98,200	1,069.2
Morrill County, NE (31123)	1968	89	5,952	1,495.3
	1969	78	5,863	1,330.4
	1970	74	5,807	1,274.3
	1971	66	5,744	1,149.0
	1972	54	5,758	937.8
	1973	68	5,884	1,155.7
	1974	70	5,752	1,217.0
	1975	91	5,914	1,538.7
	1976	71	5,964	1,190.5
	1977	69	6,096	1,131.9
	1978	53	6,008	882.2
	Total	783	64,742	1,209.4
Nance County, NE (31125)	1968	88	5,334	1,649.8
	1969	77	5,216	1,476.2
	1970	78	5,139	1,517.8
	1971	73	5,042	1,447.8
	1972	84	4,927	1,704.9
	1973	75	4,944	1,517.0
	1974	67	4,902	1,366.8
	1975	65	4,878	1,332.5
	1976	67	4,736	1,414.7
	1977	66	4,761	1,386.3
	1978	61	4,702	1,297.3
	Total	801	54,581	1,467.5
Nemaha County, NE (31127)	1968	111	8,950	1,240.2
	1969	127	8,961	1,417.3
	1970	101	8,978	1,125.0
	1971	140	9,023	1,551.6
	1972	110	8,986	1,224.1
	1973	121	8,821	1,371.7
	1974	77	8,423	914.2
	1975	100	8,412	1,188.8
	1976	94	8,582	1,095.3
	1977	93	8,443	1,101.5
	1978	94	8,468	1,110.1
	Total	1,168	96,047	1,216.1
Nuckolls County, NE (31129)	1968	112	7,599	1,473.9
	1969	92	7,457	1,233.7
	1970	113	7,411	1,524.8
	1971	129	7,312	1,764.2
	1972	104	7,191	1,446.3
	1973	88	7,313	1,203.3
	1974	101	7,275	1,388.3
	1975	119	7,127	1,669.7
	1976	92	7,161	1,284.7
	1977	92	7,118	1,292.5
	1978	69	6,965	990.7
	Total	1,111	79,929	1,390.0
Otoe County, NE (31131)	1968	207	15,438	1,340.8
	1969	171	15,475	1,105.0
	1970	206	15,597	1,320.8
	1971	239	15,741	1,518.3
	1972	238	15,466	1,538.9
	1973	186	15,609	1,191.6
	1974	200	15,398	1,298.9
	1975	194	15,361	1,262.9
	1976	185	15,322	1,207.4
	1977	167	15,467	1,079.7
	1978	207	15,443	1,340.4
	Total	2,200	170,317	1,291.7
Pawnee County, NE (31133)	1968	93	4,435	2,097.0
	1969	89	4,437	2,005.9
	1970	63	4,482	1,405.6
	1971	74	4,513	1,639.7
	1972	92	4,406	2,088.1
	1973	77	4,348	1,770.9
	1974	58	4,245	1,366.3
	1975	57	4,259	1,338.3
	1976	62	4,069	1,523.7
	1977	48	4,006	1,198.2
	1978	38	3,934	965.9
	Total	751	47,134	1,593.3
Perkins County, NE (31135)	1968	33	3,613	913.4
	1969	37	3,499	1,057.4
	1970	39	3,417	1,141.4
	1971	30	3,282	914.1
	1972	60	3,249	1,846.7
	1973	41	3,328	1,232.0
	1974	38	3,297	1,152.6
	1975	41	3,406	1,203.8
	1976	31	3,570	868.3
	1977	47	3,597	1,306.6
	1978	35	3,623	966.1
	Total	432	37,881	1,140.4
Phelps County, NE (31137)	1968	119	9,554	1,245.6
	1969	99	9,561	1,035.5
	1970	127	9,572	1,326.8
	1971	125	9,566	1,306.7
	1972	142	9,534	1,489.4
	1973	106	9,646	1,098.9
	1974	118	9,610	1,227.9
	1975	131	9,880	1,325.9
	1976	117	9,865	1,186.0
	1977	107	10,059	1,063.7
	1978	111	9,884	1,123.0
	Total	1,302	106,731	1,219.9
Pierce County, NE (31139)	1968	98	8,427	1,162.9
	1969	103	8,445	1,219.7
	1970	86	8,470	1,015.3
	1971	100	8,557	1,168.6
	1972	96	8,360	1,148.3
	1973	97	8,496	1,141.7
	1974	113	8,363	1,351.2
	1975	82	8,505	964.1
	1976	97	8,446	1,148.5
	1977	82	8,425	973.3
	1978	83	8,413	986.6
	Total	1,037	92,907	1,116.2
Platte County, NE (31141)	1968	237	26,029	910.5
	1969	206	26,253	784.7
	1970	260	26,526	980.2
	1971	227	27,005	840.6
	1972	222	27,106	819.0
	1973	223	27,280	817.4
	1974	233	27,675	841.9
	1975	237	28,278	838.1
	1976	221	28,087	786.8
	1977	222	28,452	780.3
	1978	231	28,610	807.4
	Total	2,519	301,301	836.0
Polk County, NE (31143)	1968	97	6,404	1,514.7
	1969	78	6,408	1,217.2
	1970	117	6,469	1,808.6
	1971	96	6,517	1,473.1
	1972	92	6,285	1,463.8
	1973	98	6,278	1,561.0
	1974	87	6,233	1,395.8
	1975	80	6,232	1,283.7
	1976	90	6,178	1,456.8
	1977	84	6,150	1,365.9
	1978	68	6,138	1,107.9
	Total	987	69,292	1,424.4
Red Willow County, NE (31145)	1968	126	12,280	1,026.1
	1969	129	12,208	1,056.7
	1970	131	12,214	1,072.5
	1971	135	12,160	1,110.2
	1972	160	12,413	1,289.0
	1973	145	12,315	1,177.4
	1974	133	12,391	1,073.4
	1975	135	12,580	1,073.1
	1976	138	12,500	1,104.0
	1977	136	12,523	1,086.0
	1978	158	12,636	1,250.4
	Total	1,526	136,220	1,120.2
Richardson County, NE (31147)	1968	177	12,143	1,457.6
	1969	182	12,210	1,490.6
	1970	189	12,246	1,543.4
	1971	183	12,372	1,479.1
	1972	174	12,120	1,435.6
	1973	204	12,426	1,641.7
	1974	221	12,006	1,840.7
	1975	204	11,782	1,731.5
	1976	189	11,833	1,597.2
	1977	206	11,759	1,751.8
	1978	187	11,608	1,611.0
	Total	2,116	132,505	1,596.9
Rock County, NE (31149)	1968	38	2,253	1,686.6
	1969	16	2,233	716.5 (Unreliable)
	1970	29	2,225	1,303.4
	1971	27	2,223	1,214.6
	1972	18	2,257	797.5 (Unreliable)
	1973	34	2,228	1,526.0
	1974	25	2,255	1,108.6
	1975	34	2,231	1,524.0
	1976	44	2,245	1,959.9
	1977	17	2,325	731.2 (Unreliable)
	1978	27	2,389	1,130.2
	Total	309	24,864	1,242.8
Saline County, NE (31151)	1968	153	13,147	1,163.8
	1969	169	12,943	1,305.7
	1970	179	12,825	1,395.7
	1971	173	12,645	1,368.1
	1972	160	12,695	1,260.3
	1973	187	12,412	1,506.6
	1974	174	12,419	1,401.1
	1975	177	12,547	1,410.7
	1976	177	12,805	1,382.3
	1977	175	12,854	1,361.4
	1978	161	12,815	1,256.3
	Total	1,885	140,107	1,345.4
Sarpy County, NE (31153)	1968	220	62,155	354.0
	1969	200	64,290	311.1
	1970	202	66,165	305.3
	1971	224	69,336	323.1
	1972	230	70,951	324.2
	1973	210	71,200	294.9
	1974	250	72,914	342.9
	1975	239	76,295	313.3
	1976	251	80,587	311.5
	1977	280	81,438	343.8
	1978	280	85,126	328.9
	Total	2,586	800,457	323.1
Saunders County, NE (31155)	1968	200	16,662	1,200.3
	1969	211	16,805	1,255.6
	1970	196	16,980	1,154.3
	1971	216	17,283	1,249.8
	1972	222	17,433	1,273.4
	1973	219	17,496	1,251.7
	1974	180	17,904	1,005.4
	1975	202	17,962	1,124.6
	1976	174	18,007	966.3
	1977	171	18,226	938.2
	1978	199	18,307	1,087.0
	Total	2,190	193,065	1,134.3
Scotts Bluff County, NE (31157)	1968	343	36,409	942.1
	1969	352	36,430	966.2
	1970	301	36,514	824.3
	1971	355	36,665	968.2
	1972	342	34,731	984.7
	1973	343	35,438	967.9
	1974	301	35,561	846.4
	1975	318	36,455	872.3
	1976	340	37,289	911.8
	1977	307	38,048	806.9
	1978	344	37,893	907.8
	Total	3,646	401,433	908.2
Seward County, NE (31159)	1968	163	14,101	1,155.9
	1969	132	14,291	923.7
	1970	141	14,448	975.9
	1971	154	14,745	1,044.4
	1972	142	15,317	927.1
	1973	142	15,604	910.0
	1974	149	15,751	946.0
	1975	150	15,453	970.7
	1976	134	15,346	873.2
	1977	145	15,344	945.0
	1978	151	15,686	962.6
	Total	1,603	166,086	965.2
Sheridan County, NE (31161)	1968	79	7,457	1,059.4
	1969	96	7,333	1,309.2
	1970	111	7,310	1,518.5
	1971	86	7,197	1,194.9
	1972	88	7,408	1,187.9
	1973	94	7,616	1,234.2
	1974	114	7,364	1,548.1
	1975	97	7,427	1,306.0
	1976	111	7,628	1,455.2
	1977	96	7,693	1,247.9
	1978	85	7,657	1,110.1
	Total	1,057	82,090	1,287.6
Sherman County, NE (31163)	1968	56	5,047	1,109.6
	1969	61	4,848	1,258.3
	1970	50	4,728	1,057.5
	1971	75	4,503	1,665.6
	1972	74	4,390	1,685.6
	1973	63	4,431	1,421.8
	1974	65	4,382	1,483.3
	1975	46	4,225	1,088.8
	1976	44	4,130	1,065.4
	1977	55	4,047	1,359.0
	1978	55	3,957	1,389.9
	Total	644	48,688	1,322.7
Sioux County, NE (31165)	1968	18	1,913	940.9 (Unreliable)
	1969	22	1,964	1,120.2
	1970	10	2,034	491.6 (Unreliable)
	1971	11	2,112	520.8 (Unreliable)
	1972	18	2,080	865.4 (Unreliable)
	1973	13	2,164	600.7 (Unreliable)
	1974	11	1,975	557.0 (Unreliable)
	1975	14	2,120	660.4 (Unreliable)
	1976	14	2,066	677.6 (Unreliable)
	1977	14	2,055	681.3 (Unreliable)
	1978	20	2,105	950.1
	Total	165	22,588	730.5
Stanton County, NE (31167)	1968	51	5,762	885.1
	1969	51	5,750	887.0
	1970	64	5,747	1,113.6
	1971	56	5,737	976.1
	1972	68	5,784	1,175.7
	1973	57	5,894	967.1
	1974	64	6,237	1,026.1
	1975	69	6,492	1,062.8
	1976	54	6,270	861.2
	1977	46	6,302	729.9
	1978	56	6,209	901.9
	Total	636	66,184	961.0
Thayer County, NE (31169)	1968	127	7,989	1,589.7
	1969	111	7,888	1,407.2
	1970	108	7,779	1,388.4
	1971	103	7,641	1,348.0
	1972	90	7,684	1,171.3
	1973	103	7,528	1,368.2
	1974	114	7,548	1,510.3
	1975	104	7,506	1,385.6
	1976	115	7,434	1,546.9
	1977	108	7,438	1,452.0
	1978	115	7,630	1,507.2
	Total	1,198	84,065	1,425.1
Thomas County, NE (31171)	1968	11	876	1,255.7 (Unreliable)
	1969	11	931	1,181.5 (Unreliable)
	1970	10	950	1,052.6 (Unreliable)
	1971	14	1,024	1,367.2 (Unreliable)
	1972	18	982	1,833.0 (Unreliable)
	1973	11	915	1,202.2 (Unreliable)
	1974	17	916	1,855.9 (Unreliable)
	1975	4	900	444.4 (Unreliable)
	1976	5	833	600.2 (Unreliable)
	1977	6	831	722.0 (Unreliable)
	1978	15	992	1,512.1 (Unreliable)
	Total	122	10,150	1,202.0
Thurston County, NE (31173)	1968	91	7,000	1,300.0
	1969	106	6,975	1,519.7
	1970	90	6,959	1,293.3
	1971	103	7,010	1,469.3
	1972	72	6,871	1,047.9
	1973	63	7,112	885.8
	1974	109	7,372	1,478.6
	1975	87	7,447	1,168.3
	1976	96	7,511	1,278.1
	1977	93	7,512	1,238.0
	1978	102	7,423	1,374.1
	Total	1,012	79,192	1,277.9
Valley County, NE (31175)	1968	78	6,151	1,268.1
	1969	93	5,912	1,573.1
	1970	63	5,775	1,090.9
	1971	96	5,569	1,723.8
	1972	70	5,590	1,252.2
	1973	81	5,390	1,502.8
	1974	88	5,316	1,655.4
	1975	81	5,306	1,526.6
	1976	80	5,218	1,533.2
	1977	78	5,250	1,485.7
	1978	77	5,293	1,454.8
	Total	885	60,770	1,456.3
Washington County, NE (31177)	1968	136	12,314	1,104.4
	1969	127	12,855	987.9
	1970	141	13,369	1,054.7
	1971	125	14,135	884.3
	1972	164	14,290	1,147.7
	1973	143	14,377	994.6
	1974	142	14,433	983.9
	1975	132	14,584	905.1
	1976	159	14,754	1,077.7
	1977	123	15,186	810.0
	1978	128	15,280	837.7
	Total	1,520	155,577	977.0
Wayne County, NE (31179)	1968	74	10,652	694.7
	1969	76	10,502	723.7
	1970	86	10,398	827.1
	1971	90	10,299	873.9
	1972	94	10,004	939.6
	1973	97	9,290	1,044.1
	1974	97	9,008	1,076.8
	1975	77	9,330	825.3
	1976	81	9,485	854.0
	1977	87	9,498	916.0
	1978	85	9,365	907.6
	Total	944	107,831	875.4
Webster County, NE (31181)	1968	75	5,602	1,338.8
	1969	100	5,475	1,826.5
	1970	83	5,383	1,541.9
	1971	99	5,239	1,889.7
	1972	92	5,036	1,826.8
	1973	102	5,217	1,955.1
	1974	99	5,198	1,904.6
	1975	74	5,101	1,450.7
	1976	82	5,046	1,625.0
	1977	81	5,008	1,617.4
	1978	93	4,881	1,905.3
	Total	980	57,186	1,713.7
Wheeler County, NE (31183)	1968	11	1,009	1,090.2 (Unreliable)
	1969	6	1,027	584.2 (Unreliable)
	1970	6	1,053	569.8 (Unreliable)
	1971	7	1,079	648.7 (Unreliable)
	1972	12	1,078	1,113.2 (Unreliable)
	1973	10	1,058	945.2 (Unreliable)
	1974	8	1,055	758.3 (Unreliable)
	1975	5	1,048	477.1 (Unreliable)
	1976	9	1,021	881.5 (Unreliable)
	1977	13	1,003	1,296.1 (Unreliable)
	1978	6	1,036	579.2 (Unreliable)
	Total	93	11,467	811.0
York County, NE (31185)	1968	156	14,106	1,105.9
	1969	179	13,867	1,290.8
	1970	160	13,690	1,168.7
	1971	154	13,428	1,146.9
	1972	154	13,355	1,153.1
	1973	165	13,727	1,202.0
	1974	145	13,765	1,053.4
	1975	153	14,228	1,075.3
	1976	156	14,432	1,080.9
	1977	157	14,337	1,095.1
	1978	131	14,468	905.4
	Total	1,710	153,403	1,114.7
Total		163,655	16,726,495	978.4
