
                        
                      	Year	
                        
                      	
                        
                      	
                        
                      
Anderson County, TN (47001)	1999	746	71,454	1,044.0
	2000	790	71,330	1,107.5
	2001	801	71,461	1,120.9
	2002	823	71,515	1,150.8
	2003	874	71,608	1,220.5
	2004	826	71,587	1,153.8
	2005	808	72,040	1,121.6
	2006	839	73,117	1,147.5
	2007	813	73,580	1,104.9
	2008	865	74,397	1,162.7
	2009	868	75,031	1,156.9
	2010	928	75,129	1,235.2
	2011	862	75,195	1,146.4
	2012	936	75,401	1,241.4
	Total	11,779	1,022,845	1,151.6
Bedford County, TN (47003)	1999	365	36,931	988.3
	2000	388	37,586	1,032.3
	2001	363	38,414	945.0
	2002	397	38,960	1,019.0
	2003	398	39,697	1,002.6
	2004	392	40,558	966.5
	2005	394	41,616	946.8
	2006	382	42,780	892.9
	2007	443	43,678	1,014.2
	2008	424	44,395	955.1
	2009	408	44,845	909.8
	2010	412	45,058	914.4
	2011	450	45,326	992.8
	2012	447	45,489	982.7
	Total	5,663	585,333	967.5
Benton County, TN (47005)	1999	212	16,519	1,283.4
	2000	225	16,537	1,360.6
	2001	218	16,673	1,307.5
	2002	230	16,572	1,387.9
	2003	210	16,531	1,270.3
	2004	216	16,517	1,307.7
	2005	210	16,515	1,271.6
	2006	237	16,435	1,442.0
	2007	275	16,490	1,667.7
	2008	253	16,431	1,539.8
	2009	258	16,424	1,570.9
	2010	234	16,489	1,419.1
	2011	244	16,411	1,486.8
	2012	246	16,362	1,503.5
	Total	3,268	230,906	1,415.3
Bledsoe County, TN (47007)	1999	107	12,142	881.2
	2000	120	12,367	970.3
	2001	124	12,468	994.5
	2002	110	12,446	883.8
	2003	119	12,502	951.8
	2004	107	12,610	848.5
	2005	100	12,685	788.3
	2006	99	12,847	770.6
	2007	125	13,028	959.5
	2008	114	13,070	872.2
	2009	134	12,924	1,036.8
	2010	124	12,876	963.0
	2011	129	12,843	1,004.4
	2012	125	12,792	977.2
	Total	1,637	177,600	921.7
Blount County, TN (47009)	1999	1,028	104,492	983.8
	2000	1,047	105,823	989.4
	2001	1,088	107,916	1,008.2
	2002	1,189	109,515	1,085.7
	2003	1,234	111,156	1,110.2
	2004	1,160	113,151	1,025.2
	2005	1,113	115,336	965.0
	2006	1,140	118,228	964.2
	2007	1,161	119,950	967.9
	2008	1,218	121,716	1,000.7
	2009	1,121	122,689	913.7
	2010	1,282	123,010	1,042.2
	2011	1,243	123,631	1,005.4
	2012	1,273	124,042	1,026.3
	Total	16,297	1,620,655	1,005.6
Bradley County, TN (47011)	1999	790	87,125	906.7
	2000	823	87,965	935.6
	2001	755	88,934	848.9
	2002	771	89,711	859.4
	2003	868	90,399	960.2
	2004	791	91,814	861.5
	2005	850	93,024	913.7
	2006	865	94,638	914.0
	2007	842	96,336	874.0
	2008	881	97,547	903.2
	2009	887	98,360	901.8
	2010	913	98,963	922.6
	2011	931	99,910	931.8
	2012	950	101,094	939.7
	Total	11,917	1,315,820	905.7
Campbell County, TN (47013)	1999	456	39,514	1,154.0
	2000	437	39,854	1,096.5
	2001	467	39,802	1,173.3
	2002	514	39,824	1,290.7
	2003	466	39,957	1,166.3
	2004	460	40,371	1,139.4
	2005	459	40,397	1,136.2
	2006	513	40,475	1,267.4
	2007	478	40,480	1,180.8
	2008	494	40,672	1,214.6
	2009	535	40,790	1,311.6
	2010	518	40,716	1,272.2
	2011	487	40,585	1,200.0
	2012	520	40,444	1,285.7
	Total	6,804	563,881	1,206.6
Cannon County, TN (47015)	1999	131	12,499	1,048.1
	2000	147	12,826	1,146.1
	2001	147	12,990	1,131.6
	2002	141	12,965	1,087.5
	2003	144	13,020	1,106.0
	2004	148	13,114	1,128.6
	2005	150	13,153	1,140.4
	2006	127	13,280	956.3
	2007	133	13,435	990.0
	2008	138	13,822	998.4
	2009	130	13,823	940.5
	2010	152	13,801	1,101.4
	2011	160	13,732	1,165.2
	2012	168	13,829	1,214.8
	Total	2,016	186,289	1,082.2
Carroll County, TN (47017)	1999	424	29,432	1,440.6
	2000	457	29,475	1,550.5
	2001	427	29,447	1,450.1
	2002	446	29,146	1,530.2
	2003	410	29,145	1,406.8
	2004	396	29,104	1,360.6
	2005	416	28,707	1,449.1
	2006	440	28,791	1,528.3
	2007	433	28,793	1,503.8
	2008	458	28,645	1,598.9
	2009	382	28,474	1,341.6
	2010	381	28,522	1,335.8
	2011	431	28,584	1,507.8
	2012	380	28,579	1,329.6
	Total	5,881	404,844	1,452.7
Carter County, TN (47019)	1999	610	56,244	1,084.6
	2000	617	56,742	1,087.4
	2001	642	56,770	1,130.9
	2002	622	56,682	1,097.4
	2003	698	57,530	1,213.3
	2004	645	57,532	1,121.1
	2005	660	57,693	1,144.0
	2006	681	57,877	1,176.6
	2007	647	57,781	1,119.7
	2008	616	57,895	1,064.0
	2009	670	57,639	1,162.4
	2010	636	57,424	1,107.6
	2011	631	57,492	1,097.5
	2012	639	57,341	1,114.4
	Total	9,014	802,642	1,123.0
Cheatham County, TN (47021)	1999	245	35,382	692.4
	2000	258	35,912	718.4
	2001	266	36,377	731.2
	2002	280	36,709	762.8
	2003	294	36,897	796.8
	2004	276	37,256	740.8
	2005	299	37,668	793.8
	2006	298	38,186	780.4
	2007	280	38,637	724.7
	2008	309	38,947	793.4
	2009	339	39,170	865.5
	2010	338	39,105	864.3
	2011	359	39,022	920.0
	2012	375	39,266	955.0
	Total	4,216	528,534	797.7
Chester County, TN (47023)	1999	126	15,407	817.8
	2000	165	15,540	1,061.8
	2001	154	15,856	971.2
	2002	138	15,900	867.9
	2003	163	15,672	1,040.1
	2004	132	16,225	813.6
	2005	151	16,355	923.3
	2006	151	16,491	915.7
	2007	171	16,622	1,028.8
	2008	147	16,840	872.9
	2009	156	16,864	925.0
	2010	177	17,131	1,033.2
	2011	176	17,213	1,022.5
	2012	168	17,190	977.3
	Total	2,175	229,306	948.5
Claiborne County, TN (47025)	1999	314	29,646	1,059.2
	2000	357	29,862	1,195.5
	2001	367	30,095	1,219.5
	2002	350	30,099	1,162.8
	2003	351	30,511	1,150.4
	2004	330	30,830	1,070.4
	2005	380	31,206	1,217.7
	2006	343	31,481	1,089.5
	2007	332	31,729	1,046.4
	2008	400	32,006	1,249.8
	2009	394	32,056	1,229.1
	2010	355	32,213	1,102.0
	2011	427	32,055	1,332.1
	2012	424	31,673	1,338.7
	Total	5,124	435,462	1,176.7
Clay County, TN (47027)	1999	86	7,893	1,089.6
	2000	86	7,976	1,078.2
	2001	96	7,921	1,212.0
	2002	119	7,924	1,501.8
	2003	106	7,909	1,340.2
	2004	116	7,947	1,459.7
	2005	95	7,954	1,194.4
	2006	90	7,977	1,128.2
	2007	96	7,901	1,215.0
	2008	91	7,862	1,157.5
	2009	95	7,830	1,213.3
	2010	107	7,861	1,361.1
	2011	118	7,815	1,509.9
	2012	129	7,813	1,651.1
	Total	1,430	110,583	1,293.1
Cocke County, TN (47029)	1999	372	33,264	1,118.3
	2000	380	33,565	1,132.1
	2001	436	33,618	1,296.9
	2002	409	33,920	1,205.8
	2003	441	34,234	1,288.2
	2004	445	34,393	1,293.9
	2005	402	34,644	1,160.4
	2006	442	35,001	1,262.8
	2007	384	35,272	1,088.7
	2008	402	35,666	1,127.1
	2009	445	35,811	1,242.6
	2010	405	35,662	1,135.7
	2011	452	35,477	1,274.1
	2012	490	35,594	1,376.6
	Total	5,905	486,121	1,214.7
Coffee County, TN (47031)	1999	488	47,506	1,027.2
	2000	508	48,014	1,058.0
	2001	545	48,594	1,121.5
	2002	584	49,074	1,190.0
	2003	543	49,602	1,094.7
	2004	581	50,077	1,160.2
	2005	548	50,834	1,078.0
	2006	579	51,646	1,121.1
	2007	520	52,022	999.6
	2008	589	52,460	1,122.8
	2009	607	52,813	1,149.3
	2010	598	52,796	1,132.7
	2011	633	52,936	1,195.8
	2012	661	53,161	1,243.4
	Total	7,984	711,535	1,122.1
Crockett County, TN (47033)	1999	164	14,436	1,136.0
	2000	180	14,532	1,238.6
	2001	191	14,546	1,313.1
	2002	192	14,487	1,325.3
	2003	208	14,365	1,448.0
	2004	189	14,434	1,309.4
	2005	177	14,437	1,226.0
	2006	168	14,430	1,164.2
	2007	164	14,491	1,131.7
	2008	193	14,541	1,327.3
	2009	181	14,573	1,242.0
	2010	175	14,586	1,199.8
	2011	179	14,530	1,231.9
	2012	170	14,614	1,163.3
	Total	2,531	203,002	1,246.8
Cumberland County, TN (47035)	1999	455	46,068	987.7
	2000	552	46,802	1,179.4
	2001	530	47,849	1,107.7
	2002	581	48,918	1,187.7
	2003	540	49,607	1,088.6
	2004	539	50,584	1,065.6
	2005	604	51,758	1,167.0
	2006	604	53,363	1,131.9
	2007	574	54,534	1,052.6
	2008	649	55,184	1,176.1
	2009	685	55,672	1,230.4
	2010	689	56,053	1,229.2
	2011	744	56,600	1,314.5
	2012	770	57,002	1,350.8
	Total	8,516	729,994	1,166.6
Davidson County, TN (47037)	1999	5,037	567,251	888.0
	2000	5,060	569,891	887.9
	2001	5,124	574,119	892.5
	2002	5,179	574,215	901.9
	2003	5,192	577,231	899.5
	2004	4,854	583,013	832.6
	2005	4,895	589,787	830.0
	2006	5,108	597,597	854.8
	2007	4,974	605,031	822.1
	2008	5,086	612,649	830.2
	2009	4,935	621,008	794.7
	2010	4,977	626,681	794.2
	2011	4,858	635,606	764.3
	2012	4,985	648,801	768.3
	Total	70,264	8,382,880	838.2
Decatur County, TN (47039)	1999	163	11,696	1,393.6
	2000	149	11,731	1,270.1
	2001	151	11,691	1,291.6
	2002	187	11,659	1,603.9
	2003	161	11,600	1,387.9
	2004	168	11,655	1,441.4
	2005	198	11,597	1,707.3
	2006	144	11,567	1,244.9
	2007	166	11,721	1,416.3
	2008	149	11,769	1,266.0
	2009	188	11,779	1,596.1
	2010	171	11,757	1,454.5
	2011	157	11,674	1,344.9
	2012	170	11,640	1,460.5
	Total	2,322	163,536	1,419.9
DeKalb County, TN (47041)	1999	195	17,257	1,130.0
	2000	206	17,423	1,182.3
	2001	184	17,498	1,051.5
	2002	182	17,678	1,029.5
	2003	216	17,883	1,207.9
	2004	226	18,051	1,252.0
	2005	229	18,150	1,261.7
	2006	207	18,289	1,131.8
	2007	212	18,414	1,151.3
	2008	212	18,693	1,134.1
	2009	225	18,720	1,201.9
	2010	235	18,723	1,255.1
	2011	223	18,822	1,184.8
	2012	233	18,941	1,230.1
	Total	2,985	254,542	1,172.7
Dickson County, TN (47043)	1999	394	42,602	924.8
	2000	367	43,156	850.4
	2001	423	43,987	961.6
	2002	435	44,586	975.6
	2003	456	45,241	1,007.9
	2004	405	45,727	885.7
	2005	422	46,361	910.2
	2006	470	47,229	995.2
	2007	436	48,287	902.9
	2008	462	48,929	944.2
	2009	428	49,380	866.7
	2010	479	49,666	964.4
	2011	505	50,009	1,009.8
	2012	469	50,265	933.1
	Total	6,151	655,425	938.5
Dyer County, TN (47045)	1999	457	37,104	1,231.7
	2000	464	37,279	1,244.7
	2001	424	37,156	1,141.1
	2002	421	37,166	1,132.8
	2003	425	37,332	1,138.4
	2004	403	37,520	1,074.1
	2005	408	37,882	1,077.0
	2006	421	38,043	1,106.6
	2007	438	38,077	1,150.3
	2008	403	38,149	1,056.4
	2009	415	38,254	1,084.9
	2010	411	38,335	1,072.1
	2011	433	38,161	1,134.7
	2012	407	38,253	1,064.0
	Total	5,930	528,711	1,121.6
Fayette County, TN (47047)	1999	267	28,048	951.9
	2000	276	28,806	958.1
	2001	276	30,139	915.8
	2002	303	30,936	979.4
	2003	291	31,929	911.4
	2004	334	33,005	1,012.0
	2005	317	33,831	937.0
	2006	288	35,667	807.5
	2007	345	36,953	933.6
	2008	334	37,851	882.4
	2009	337	38,386	877.9
	2010	372	38,413	968.4
	2011	308	38,475	800.5
	2012	301	38,561	780.6
	Total	4,349	481,000	904.2
Fentress County, TN (47049)	1999	203	16,516	1,229.1
	2000	180	16,625	1,082.7
	2001	212	16,711	1,268.6
	2002	218	16,865	1,292.6
	2003	230	16,934	1,358.2
	2004	202	16,959	1,191.1
	2005	234	17,167	1,363.1
	2006	233	17,514	1,330.4
	2007	206	17,599	1,170.5
	2008	233	17,851	1,305.2
	2009	223	17,975	1,240.6
	2010	224	17,959	1,247.3
	2011	213	17,999	1,183.4
	2012	225	17,915	1,255.9
	Total	3,036	242,589	1,251.5
Franklin County, TN (47051)	1999	396	39,004	1,015.3
	2000	428	39,270	1,089.9
	2001	442	39,577	1,116.8
	2002	399	39,889	1,000.3
	2003	415	40,084	1,035.3
	2004	436	40,359	1,080.3
	2005	425	40,531	1,048.6
	2006	400	40,877	978.5
	2007	454	41,151	1,103.3
	2008	436	41,093	1,061.0
	2009	439	41,141	1,067.1
	2010	456	41,052	1,110.8
	2011	471	40,876	1,152.3
	2012	500	40,788	1,225.9
	Total	6,097	565,692	1,077.8
Gibson County, TN (47053)	1999	749	48,181	1,554.6
	2000	699	48,152	1,451.7
	2001	712	47,973	1,484.2
	2002	687	47,897	1,434.3
	2003	709	47,719	1,485.8
	2004	653	47,834	1,365.1
	2005	646	47,924	1,348.0
	2006	726	48,101	1,509.3
	2007	679	48,474	1,400.8
	2008	677	49,209	1,375.8
	2009	637	49,575	1,284.9
	2010	679	49,683	1,366.7
	2011	679	49,892	1,360.9
	2012	673	49,672	1,354.9
	Total	9,605	680,286	1,411.9
Giles County, TN (47055)	1999	313	29,279	1,069.0
	2000	314	29,447	1,066.3
	2001	351	29,613	1,185.3
	2002	365	29,479	1,238.2
	2003	370	29,320	1,261.9
	2004	398	29,382	1,354.6
	2005	331	29,454	1,123.8
	2006	314	29,515	1,063.9
	2007	323	29,494	1,095.1
	2008	357	29,705	1,201.8
	2009	333	29,695	1,121.4
	2010	334	29,485	1,132.8
	2011	362	29,305	1,235.3
	2012	343	28,925	1,185.8
	Total	4,808	412,098	1,166.7
Grainger County, TN (47057)	1999	212	20,445	1,036.9
	2000	203	20,659	982.6
	2001	220	20,715	1,062.0
	2002	235	20,932	1,122.7
	2003	211	21,248	993.0
	2004	236	21,502	1,097.6
	2005	219	21,871	1,001.3
	2006	244	22,175	1,100.3
	2007	221	22,309	990.6
	2008	245	22,380	1,094.7
	2009	244	22,513	1,083.8
	2010	260	22,657	1,147.5
	2011	253	22,699	1,114.6
	2012	250	22,648	1,103.9
	Total	3,253	304,753	1,067.4
Greene County, TN (47059)	1999	683	62,357	1,095.3
	2000	692	62,909	1,100.0
	2001	761	63,622	1,196.1
	2002	755	64,070	1,178.4
	2003	752	64,614	1,163.8
	2004	709	65,364	1,084.7
	2005	762	66,369	1,148.1
	2006	775	67,153	1,154.1
	2007	750	67,840	1,105.5
	2008	835	68,328	1,222.0
	2009	790	68,744	1,149.2
	2010	822	68,831	1,194.2
	2011	862	68,956	1,250.1
	2012	851	68,613	1,240.3
	Total	10,799	927,770	1,164.0
Grundy County, TN (47061)	1999	166	14,271	1,163.2
	2000	207	14,332	1,444.3
	2001	178	14,156	1,257.4
	2002	175	14,156	1,236.2
	2003	169	14,098	1,198.8
	2004	166	14,146	1,173.5
	2005	185	14,139	1,308.4
	2006	169	14,073	1,200.9
	2007	184	14,048	1,309.8
	2008	204	13,963	1,461.0
	2009	174	13,777	1,263.0
	2010	189	13,703	1,379.3
	2011	205	13,646	1,502.3
	2012	216	13,640	1,583.6
	Total	2,587	196,148	1,318.9
Hamblen County, TN (47063)	1999	556	57,784	962.2
	2000	625	58,128	1,075.2
	2001	593	58,710	1,010.0
	2002	627	58,285	1,075.7
	2003	674	58,618	1,149.8
	2004	625	59,114	1,057.3
	2005	621	59,918	1,036.4
	2006	608	60,629	1,002.8
	2007	666	61,592	1,081.3
	2008	716	62,101	1,153.0
	2009	649	62,330	1,041.2
	2010	710	62,544	1,135.2
	2011	675	62,841	1,074.1
	2012	686	62,748	1,093.3
	Total	9,031	845,342	1,068.3
Hamilton County, TN (47065)	1999	3,110	306,915	1,013.3
	2000	3,210	307,896	1,042.6
	2001	3,178	310,254	1,024.3
	2002	3,205	311,890	1,027.6
	2003	3,170	313,079	1,012.5
	2004	3,227	315,396	1,023.2
	2005	3,237	317,901	1,018.2
	2006	3,152	321,350	980.9
	2007	3,091	324,784	951.7
	2008	3,286	328,711	999.7
	2009	3,183	332,659	956.8
	2010	3,121	336,463	927.6
	2011	3,366	340,748	987.8
	2012	3,294	345,580	953.2
	Total	44,830	4,513,626	993.2
Hancock County, TN (47067)	1999	80	6,765	1,182.6
	2000	89	6,786	1,311.5
	2001	93	6,814	1,364.8
	2002	85	6,798	1,250.4
	2003	92	6,694	1,374.4
	2004	71	6,739	1,053.6
	2005	91	6,805	1,337.3
	2006	88	6,730	1,307.6
	2007	84	6,816	1,232.4
	2008	87	6,765	1,286.0
	2009	96	6,768	1,418.4
	2010	91	6,819	1,334.5
	2011	108	6,703	1,611.2
	2012	87	6,716	1,295.4
	Total	1,242	94,718	1,311.3
Hardeman County, TN (47069)	1999	287	27,773	1,033.4
	2000	302	28,105	1,074.5
	2001	284	28,125	1,009.8
	2002	310	28,093	1,103.5
	2003	276	27,948	987.5
	2004	276	27,816	992.2
	2005	288	27,824	1,035.1
	2006	288	27,816	1,035.4
	2007	270	27,835	970.0
	2008	277	27,837	995.1
	2009	279	27,612	1,010.4
	2010	296	27,253	1,086.1
	2011	295	26,849	1,098.7
	2012	267	26,549	1,005.7
	Total	3,995	387,435	1,031.1
Hardin County, TN (47071)	1999	291	25,493	1,141.5
	2000	330	25,578	1,290.2
	2001	348	25,737	1,352.1
	2002	304	25,758	1,180.2
	2003	362	25,657	1,410.9
	2004	355	25,514	1,391.4
	2005	333	25,710	1,295.2
	2006	294	25,863	1,136.8
	2007	317	25,983	1,220.0
	2008	341	26,059	1,308.6
	2009	318	26,045	1,221.0
	2010	318	26,026	1,221.9
	2011	342	25,908	1,320.1
	2012	361	26,015	1,387.7
	Total	4,614	361,346	1,276.9
Hawkins County, TN (47073)	1999	512	52,986	966.3
	2000	520	53,563	970.8
	2001	550	54,032	1,017.9
	2002	541	54,302	996.3
	2003	573	54,739	1,046.8
	2004	572	55,029	1,039.5
	2005	579	55,539	1,042.5
	2006	619	56,030	1,104.8
	2007	589	56,380	1,044.7
	2008	610	56,698	1,075.9
	2009	644	56,856	1,132.7
	2010	620	56,833	1,090.9
	2011	683	56,659	1,205.5
	2012	647	56,607	1,143.0
	Total	8,259	776,253	1,064.0
Haywood County, TN (47075)	1999	202	19,735	1,023.6
	2000	221	19,797	1,116.3
	2001	217	19,822	1,094.7
	2002	259	19,524	1,326.6
	2003	202	19,456	1,038.2
	2004	214	19,573	1,093.3
	2005	227	19,392	1,170.6
	2006	199	19,288	1,031.7
	2007	220	19,142	1,149.3
	2008	213	18,996	1,121.3
	2009	202	18,860	1,071.0
	2010	195	18,787	1,038.0
	2011	182	18,539	981.7
	2012	200	18,270	1,094.7
	Total	2,953	269,181	1,097.0
Henderson County, TN (47077)	1999	305	25,162	1,212.1
	2000	315	25,522	1,234.2
	2001	284	25,744	1,103.2
	2002	325	25,930	1,253.4
	2003	332	26,091	1,272.5
	2004	321	26,237	1,223.5
	2005	316	26,581	1,188.8
	2006	294	27,066	1,086.2
	2007	307	27,370	1,121.7
	2008	282	27,655	1,019.7
	2009	303	27,748	1,092.0
	2010	313	27,769	1,127.2
	2011	301	28,034	1,073.7
	2012	328	28,050	1,169.3
	Total	4,326	374,959	1,153.7
Henry County, TN (47079)	1999	458	30,875	1,483.4
	2000	441	31,115	1,417.3
	2001	411	31,214	1,316.7
	2002	445	31,343	1,419.8
	2003	425	31,195	1,362.4
	2004	433	31,265	1,384.9
	2005	476	31,538	1,509.3
	2006	440	31,686	1,388.6
	2007	424	31,833	1,332.0
	2008	445	32,106	1,386.0
	2009	464	32,234	1,439.5
	2010	453	32,330	1,401.2
	2011	442	32,328	1,367.2
	2012	469	32,338	1,450.3
	Total	6,226	443,400	1,404.1
Hickman County, TN (47081)	1999	200	21,803	917.3
	2000	247	22,295	1,107.9
	2001	234	22,788	1,026.9
	2002	224	23,203	965.4
	2003	252	23,292	1,081.9
	2004	215	23,676	908.1
	2005	235	23,940	981.6
	2006	236	24,159	976.9
	2007	203	24,490	828.9
	2008	244	24,623	990.9
	2009	245	24,597	996.1
	2010	250	24,690	1,012.6
	2011	275	24,390	1,127.5
	2012	266	24,216	1,098.4
	Total	3,326	332,162	1,001.3
Houston County, TN (47083)	1999	100	8,200	1,219.5
	2000	88	8,088	1,088.0
	2001	92	8,051	1,142.7
	2002	121	8,028	1,507.2
	2003	117	8,073	1,449.3
	2004	107	7,973	1,342.0
	2005	112	8,060	1,389.6
	2006	108	8,080	1,336.6
	2007	110	8,219	1,338.4
	2008	101	8,320	1,213.9
	2009	92	8,375	1,098.5
	2010	99	8,426	1,174.9
	2011	106	8,337	1,271.4
	2012	108	8,422	1,282.4
	Total	1,461	114,652	1,274.3
Humphreys County, TN (47085)	1999	198	17,881	1,107.3
	2000	193	17,929	1,076.5
	2001	191	18,060	1,057.6
	2002	217	17,976	1,207.2
	2003	210	17,962	1,169.1
	2004	227	17,918	1,266.9
	2005	214	18,017	1,187.8
	2006	207	18,234	1,135.2
	2007	210	18,405	1,141.0
	2008	220	18,411	1,194.9
	2009	219	18,477	1,185.3
	2010	212	18,538	1,143.6
	2011	240	18,400	1,304.3
	2012	229	18,278	1,252.9
	Total	2,987	254,486	1,173.7
Jackson County, TN (47087)	1999	148	10,788	1,371.9
	2000	156	10,984	1,420.2
	2001	135	11,208	1,204.5
	2002	142	11,259	1,261.2
	2003	138	11,328	1,218.2
	2004	146	11,396	1,281.2
	2005	148	11,385	1,300.0
	2006	128	11,317	1,131.0
	2007	146	11,391	1,281.7
	2008	137	11,555	1,185.6
	2009	155	11,539	1,343.3
	2010	145	11,638	1,245.9
	2011	136	11,453	1,187.5
	2012	159	11,473	1,385.9
	Total	2,019	158,714	1,272.1
Jefferson County, TN (47089)	1999	403	43,611	924.1
	2000	420	44,294	948.2
	2001	457	45,111	1,013.1
	2002	447	45,634	979.5
	2003	443	46,673	949.2
	2004	477	47,200	1,010.6
	2005	505	47,785	1,056.8
	2006	472	49,079	961.7
	2007	509	50,184	1,014.3
	2008	542	51,014	1,062.5
	2009	555	51,288	1,082.1
	2010	546	51,407	1,062.1
	2011	565	51,766	1,091.4
	2012	587	52,160	1,125.4
	Total	6,928	677,206	1,023.0
Johnson County, TN (47091)	1999	187	17,377	1,076.1
	2000	176	17,499	1,005.8
	2001	209	17,709	1,180.2
	2002	196	17,780	1,102.4
	2003	208	17,966	1,157.7
	2004	208	18,007	1,155.1
	2005	217	18,153	1,195.4
	2006	224	18,059	1,240.4
	2007	214	18,212	1,175.0
	2008	192	18,220	1,053.8
	2009	206	18,203	1,131.7
	2010	206	18,244	1,129.1
	2011	186	18,221	1,020.8
	2012	216	18,107	1,192.9
	Total	2,845	251,757	1,130.1
Knox County, TN (47093)	1999	3,541	380,010	931.8
	2000	3,618	382,032	947.0
	2001	3,586	385,823	929.4
	2002	3,702	389,443	950.6
	2003	3,665	394,263	929.6
	2004	3,617	398,307	908.1
	2005	3,629	404,234	897.7
	2006	3,568	411,785	866.5
	2007	3,701	419,096	883.1
	2008	3,892	425,276	915.2
	2009	3,832	429,475	892.3
	2010	3,964	432,226	917.1
	2011	4,000	436,646	916.1
	2012	4,112	441,132	932.1
	Total	52,427	5,729,748	915.0
Lake County, TN (47095)	1999	115	7,966	1,443.6
	2000	107	7,954	1,345.2
	2001	115	8,009	1,435.9
	2002	106	8,003	1,324.5
	2003	92	8,044	1,143.7
	2004	101	7,885	1,280.9
	2005	85	7,847	1,083.2
	2006	80	7,846	1,019.6
	2007	97	7,846	1,236.3
	2008	86	7,812	1,100.9
	2009	106	7,804	1,358.3
	2010	90	7,832	1,149.1
	2011	105	7,782	1,349.3
	2012	82	7,729	1,060.9
	Total	1,367	110,359	1,238.7
Lauderdale County, TN (47097)	1999	309	27,046	1,142.5
	2000	306	27,101	1,129.1
	2001	294	27,359	1,074.6
	2002	302	27,417	1,101.5
	2003	257	27,439	936.6
	2004	286	27,318	1,046.9
	2005	265	27,402	967.1
	2006	248	27,548	900.2
	2007	302	27,703	1,090.1
	2008	287	27,840	1,030.9
	2009	256	27,860	918.9
	2010	268	27,815	963.5
	2011	260	27,765	936.4
	2012	275	27,780	989.9
	Total	3,915	385,393	1,015.8
Lawrence County, TN (47099)	1999	415	39,761	1,043.7
	2000	401	39,926	1,004.4
	2001	421	39,994	1,052.7
	2002	423	40,524	1,043.8
	2003	443	40,547	1,092.6
	2004	485	40,596	1,194.7
	2005	464	40,794	1,137.4
	2006	502	40,773	1,231.2
	2007	427	41,072	1,039.6
	2008	450	41,272	1,090.3
	2009	465	41,487	1,120.8
	2010	477	41,869	1,139.3
	2011	481	42,049	1,143.9
	2012	512	42,117	1,215.7
	Total	6,366	572,781	1,111.4
Lewis County, TN (47101)	1999	131	11,344	1,154.8
	2000	123	11,367	1,082.1
	2001	124	11,483	1,079.9
	2002	126	11,540	1,091.9
	2003	145	11,599	1,250.1
	2004	146	11,630	1,255.4
	2005	147	11,654	1,261.4
	2006	133	11,817	1,125.5
	2007	146	11,961	1,220.6
	2008	132	11,986	1,101.3
	2009	120	12,078	993.5
	2010	133	12,161	1,093.7
	2011	145	12,148	1,193.6
	2012	124	11,905	1,041.6
	Total	1,875	164,673	1,138.6
Lincoln County, TN (47103)	1999	369	31,015	1,189.7
	2000	394	31,340	1,257.2
	2001	394	31,515	1,250.2
	2002	348	31,540	1,103.4
	2003	375	31,663	1,184.3
	2004	373	31,665	1,178.0
	2005	361	32,014	1,127.6
	2006	378	32,310	1,169.9
	2007	403	32,563	1,237.6
	2008	381	32,975	1,155.4
	2009	378	33,138	1,140.7
	2010	399	33,361	1,196.0
	2011	381	33,397	1,140.8
	2012	418	33,472	1,248.8
	Total	5,352	451,968	1,184.2
Loudon County, TN (47105)	1999	426	38,741	1,099.6
	2000	429	39,086	1,097.6
	2001	439	40,093	1,095.0
	2002	457	40,993	1,114.8
	2003	468	41,813	1,119.3
	2004	455	42,679	1,066.1
	2005	479	43,923	1,090.5
	2006	502	45,207	1,110.4
	2007	487	46,294	1,052.0
	2008	525	47,342	1,109.0
	2009	477	47,940	995.0
	2010	501	48,556	1,031.8
	2011	528	49,069	1,076.0
	2012	629	49,742	1,264.5
	Total	6,802	621,478	1,094.5
McMinn County, TN (47107)	1999	516	48,349	1,067.2
	2000	513	49,015	1,046.6
	2001	490	49,711	985.7
	2002	576	49,934	1,153.5
	2003	582	50,257	1,158.0
	2004	579	50,441	1,147.9
	2005	561	50,999	1,100.0
	2006	548	51,610	1,061.8
	2007	578	51,912	1,113.4
	2008	604	52,284	1,155.2
	2009	594	52,332	1,135.1
	2010	629	52,266	1,203.5
	2011	640	52,378	1,221.9
	2012	623	52,416	1,188.6
	Total	8,033	713,904	1,125.2
McNairy County, TN (47109)	1999	277	24,509	1,130.2
	2000	341	24,653	1,383.2
	2001	293	24,571	1,192.5
	2002	331	24,579	1,346.7
	2003	338	24,758	1,365.2
	2004	313	24,890	1,257.5
	2005	296	25,134	1,177.7
	2006	281	25,445	1,104.3
	2007	366	25,541	1,433.0
	2008	336	25,766	1,304.0
	2009	326	25,940	1,256.7
	2010	373	26,075	1,430.5
	2011	311	26,034	1,194.6
	2012	326	26,167	1,245.8
	Total	4,508	354,062	1,273.2
Macon County, TN (47111)	1999	222	20,064	1,106.5
	2000	195	20,386	956.5
	2001	214	20,830	1,027.4
	2002	229	20,781	1,102.0
	2003	232	20,917	1,109.1
	2004	235	21,148	1,111.2
	2005	232	21,254	1,091.6
	2006	188	21,556	872.1
	2007	218	21,693	1,004.9
	2008	283	22,017	1,285.4
	2009	254	22,110	1,148.8
	2010	243	22,248	1,092.2
	2011	252	22,472	1,121.4
	2012	265	22,531	1,176.2
	Total	3,262	300,007	1,087.3
Madison County, TN (47113)	1999	869	90,999	955.0
	2000	909	91,837	989.8
	2001	824	92,985	886.2
	2002	878	93,503	939.0
	2003	910	93,849	969.6
	2004	870	94,692	918.8
	2005	939	95,400	984.3
	2006	849	96,681	878.1
	2007	857	97,021	883.3
	2008	891	97,064	918.0
	2009	843	97,727	862.6
	2010	917	98,294	932.9
	2011	846	98,026	863.0
	2012	922	98,511	935.9
	Total	12,324	1,336,589	922.0
Marion County, TN (47115)	1999	328	27,615	1,187.8
	2000	287	27,776	1,033.3
	2001	307	27,807	1,104.0
	2002	318	27,804	1,143.7
	2003	310	27,955	1,108.9
	2004	296	27,769	1,065.9
	2005	324	27,751	1,167.5
	2006	326	27,992	1,164.6
	2007	304	28,074	1,082.9
	2008	340	28,138	1,208.3
	2009	313	28,143	1,112.2
	2010	319	28,237	1,129.7
	2011	312	28,080	1,111.1
	2012	333	28,241	1,179.1
	Total	4,417	391,382	1,128.6
Marshall County, TN (47117)	1999	285	26,439	1,078.0
	2000	260	26,767	971.3
	2001	271	27,130	998.9
	2002	262	27,305	959.5
	2003	262	27,474	953.6
	2004	278	27,841	998.5
	2005	272	28,181	965.2
	2006	279	28,821	968.0
	2007	289	29,494	979.9
	2008	299	30,108	993.1
	2009	305	30,403	1,003.2
	2010	306	30,617	999.4
	2011	331	30,917	1,070.6
	2012	274	30,967	884.8
	Total	3,973	402,464	987.2
Maury County, TN (47119)	1999	711	69,082	1,029.2
	2000	670	69,498	964.1
	2001	709	69,789	1,015.9
	2002	689	70,574	976.3
	2003	692	71,768	964.2
	2004	716	72,885	982.4
	2005	694	73,962	938.3
	2006	721	75,795	951.3
	2007	718	77,857	922.2
	2008	723	79,666	907.5
	2009	788	80,685	976.6
	2010	727	80,956	898.0
	2011	761	81,416	934.7
	2012	748	82,059	911.5
	Total	10,067	1,055,992	953.3
Meigs County, TN (47121)	1999	82	10,899	752.4
	2000	95	11,086	856.9
	2001	117	11,162	1,048.2
	2002	122	11,155	1,093.7
	2003	116	11,120	1,043.2
	2004	116	11,218	1,034.1
	2005	107	11,241	951.9
	2006	118	11,346	1,040.0
	2007	123	11,436	1,075.6
	2008	135	11,606	1,163.2
	2009	120	11,753	1,021.0
	2010	173	11,753	1,472.0
	2011	138	11,657	1,183.8
	2012	154	11,691	1,317.3
	Total	1,716	159,123	1,078.4
Monroe County, TN (47123)	1999	380	38,071	998.1
	2000	382	38,961	980.5
	2001	425	39,371	1,079.5
	2002	415	39,889	1,040.4
	2003	382	40,438	944.7
	2004	376	41,291	910.6
	2005	467	42,163	1,107.6
	2006	437	42,955	1,017.3
	2007	459	43,735	1,049.5
	2008	474	44,437	1,066.7
	2009	456	44,341	1,028.4
	2010	494	44,519	1,109.6
	2011	511	44,924	1,137.5
	2012	480	45,152	1,063.1
	Total	6,138	590,247	1,039.9
Montgomery County, TN (47125)	1999	814	132,489	614.4
	2000	840	134,768	623.3
	2001	829	136,801	606.0
	2002	872	138,098	631.4
	2003	880	139,322	631.6
	2004	912	143,761	634.4
	2005	905	151,122	598.9
	2006	1,002	153,054	654.7
	2007	970	160,642	603.8
	2008	990	162,144	610.6
	2009	1,067	168,866	631.9
	2010	1,056	172,331	612.8
	2011	1,033	176,687	584.6
	2012	1,121	185,201	605.3
	Total	13,291	2,155,286	616.7
Moore County, TN (47127)	1999	40	5,623	711.4
	2000	49	5,740	853.7
	2001	54	5,778	934.6
	2002	49	5,928	826.6
	2003	47	5,900	796.6
	2004	50	5,998	833.6
	2005	61	6,088	1,002.0
	2006	56	6,123	914.6
	2007	46	6,210	740.7
	2008	63	6,299	1,000.2
	2009	55	6,334	868.3
	2010	62	6,362	974.5
	2011	73	6,412	1,138.5
	2012	68	6,339	1,072.7
	Total	773	85,134	908.0
Morgan County, TN (47129)	1999	194	19,583	990.7
	2000	189	19,757	956.6
	2001	176	20,161	873.0
	2002	183	20,352	899.2
	2003	188	20,634	911.1
	2004	199	20,759	958.6
	2005	190	20,959	906.5
	2006	204	21,156	964.3
	2007	218	21,601	1,009.2
	2008	185	21,734	851.2
	2009	214	21,832	980.2
	2010	233	21,987	1,059.7
	2011	215	22,042	975.4
	2012	209	22,039	948.3
	Total	2,797	294,596	949.4
Obion County, TN (47131)	1999	362	32,337	1,119.5
	2000	369	32,450	1,137.1
	2001	380	32,370	1,173.9
	2002	405	32,354	1,251.8
	2003	405	32,353	1,251.8
	2004	358	32,346	1,106.8
	2005	424	32,179	1,317.6
	2006	371	31,990	1,159.7
	2007	379	31,972	1,185.4
	2008	432	31,971	1,351.2
	2009	404	31,791	1,270.8
	2010	353	31,807	1,109.8
	2011	409	31,719	1,289.4
	2012	421	31,373	1,341.9
	Total	5,472	449,012	1,218.7
Overton County, TN (47133)	1999	242	19,829	1,220.4
	2000	248	20,118	1,232.7
	2001	219	20,299	1,078.9
	2002	293	20,427	1,434.4
	2003	266	20,386	1,304.8
	2004	254	20,791	1,221.7
	2005	262	20,983	1,248.6
	2006	226	21,371	1,057.5
	2007	243	21,683	1,120.7
	2008	255	21,756	1,172.1
	2009	285	21,988	1,296.2
	2010	267	22,083	1,209.1
	2011	260	22,172	1,172.7
	2012	292	22,219	1,314.2
	Total	3,612	296,105	1,219.8
Perry County, TN (47135)	1999	115	7,580	1,517.2
	2000	95	7,631	1,244.9
	2001	80	7,478	1,069.8
	2002	108	7,530	1,434.3
	2003	101	7,617	1,326.0
	2004	96	7,595	1,264.0
	2005	103	7,594	1,356.3
	2006	111	7,620	1,456.7
	2007	89	7,692	1,157.0
	2008	83	7,794	1,064.9
	2009	89	7,851	1,133.6
	2010	90	7,915	1,137.1
	2011	103	7,828	1,315.8
	2012	95	7,838	1,212.0
	Total	1,358	107,563	1,262.5
Pickett County, TN (47137)	1999	69	4,919	1,402.7
	2000	69	4,945	1,395.3
	2001	61	4,999	1,220.2
	2002	77	5,097	1,510.7
	2003	74	5,031	1,470.9
	2004	52	4,984	1,043.3
	2005	64	4,997	1,280.8
	2006	51	5,023	1,015.3
	2007	64	5,053	1,266.6
	2008	71	5,122	1,386.2
	2009	52	5,101	1,019.4
	2010	49	5,077	965.1
	2011	76	5,134	1,480.3
	2012	77	5,081	1,515.4
	Total	906	70,563	1,284.0
Polk County, TN (47139)	1999	217	15,857	1,368.5
	2000	176	16,050	1,096.6
	2001	193	16,361	1,179.6
	2002	199	16,268	1,223.3
	2003	225	16,355	1,375.7
	2004	186	16,285	1,142.2
	2005	215	16,386	1,312.1
	2006	229	16,539	1,384.6
	2007	175	16,599	1,054.3
	2008	174	16,759	1,038.2
	2009	200	16,730	1,195.5
	2010	202	16,825	1,200.6
	2011	216	16,752	1,289.4
	2012	243	16,617	1,462.4
	Total	2,850	230,383	1,237.1
Putnam County, TN (47141)	1999	608	61,881	982.5
	2000	642	62,315	1,030.2
	2001	583	63,130	923.5
	2002	636	64,013	993.5
	2003	693	64,810	1,069.3
	2004	615	65,851	933.9
	2005	660	66,871	987.0
	2006	666	68,493	972.4
	2007	701	69,468	1,009.1
	2008	669	70,746	945.6
	2009	674	71,579	941.6
	2010	673	72,321	930.6
	2011	692	72,836	950.1
	2012	760	73,022	1,040.8
	Total	9,272	947,336	978.7
Rhea County, TN (47143)	1999	268	28,153	951.9
	2000	308	28,400	1,084.5
	2001	293	28,601	1,024.4
	2002	281	28,884	972.9
	2003	321	29,257	1,097.2
	2004	318	29,469	1,079.1
	2005	351	29,919	1,173.2
	2006	365	30,440	1,199.1
	2007	354	30,769	1,150.5
	2008	369	31,308	1,178.6
	2009	340	31,717	1,072.0
	2010	352	31,809	1,106.6
	2011	336	31,995	1,050.2
	2012	363	32,307	1,123.6
	Total	4,619	423,028	1,091.9
Roane County, TN (47145)	1999	591	51,736	1,142.3
	2000	610	51,910	1,175.1
	2001	633	52,166	1,213.4
	2002	568	52,325	1,085.5
	2003	618	52,780	1,170.9
	2004	630	53,115	1,186.1
	2005	638	53,175	1,199.8
	2006	619	53,821	1,150.1
	2007	609	54,129	1,125.1
	2008	628	54,374	1,155.0
	2009	665	54,367	1,223.2
	2010	690	54,181	1,273.5
	2011	664	53,804	1,234.1
	2012	673	53,479	1,258.4
	Total	8,836	745,362	1,185.5
Robertson County, TN (47147)	1999	467	53,514	872.7
	2000	504	54,433	925.9
	2001	448	55,861	802.0
	2002	488	56,795	859.2
	2003	553	57,682	958.7
	2004	525	58,618	895.6
	2005	519	59,720	869.1
	2006	547	61,551	888.7
	2007	575	63,143	910.6
	2008	607	64,780	937.0
	2009	547	65,791	831.4
	2010	566	66,283	853.9
	2011	617	66,726	924.7
	2012	636	66,778	952.4
	Total	7,599	851,675	892.2
Rutherford County, TN (47149)	1999	1,050	177,473	591.6
	2000	1,141	182,023	626.8
	2001	1,142	189,901	601.4
	2002	1,187	196,518	604.0
	2003	1,220	203,483	599.6
	2004	1,265	211,714	597.5
	2005	1,232	221,318	556.7
	2006	1,331	233,247	570.6
	2007	1,355	243,953	555.4
	2008	1,410	252,565	558.3
	2009	1,457	259,078	562.4
	2010	1,553	262,604	591.4
	2011	1,597	269,026	593.6
	2012	1,678	274,104	612.2
	Total	18,618	3,177,007	586.0
Scott County, TN (47151)	1999	198	20,907	947.1
	2000	201	21,127	951.4
	2001	200	21,481	931.1
	2002	196	21,593	907.7
	2003	232	21,567	1,075.7
	2004	242	21,688	1,115.8
	2005	215	21,865	983.3
	2006	193	22,034	875.9
	2007	213	22,179	960.4
	2008	230	22,214	1,035.4
	2009	254	22,195	1,144.4
	2010	220	22,228	989.7
	2011	274	22,143	1,237.4
	2012	275	22,178	1,240.0
	Total	3,143	305,399	1,029.1
Sequatchie County, TN (47153)	1999	124	11,183	1,108.8
	2000	122	11,370	1,073.0
	2001	100	11,470	871.8
	2002	101	11,740	860.3
	2003	110	12,062	912.0
	2004	101	12,422	813.1
	2005	120	12,819	936.1
	2006	120	13,282	903.5
	2007	129	13,650	945.1
	2008	142	13,904	1,021.3
	2009	147	14,137	1,039.8
	2010	143	14,112	1,013.3
	2011	147	14,292	1,028.5
	2012	164	14,424	1,137.0
	Total	1,770	180,867	978.6
Sevier County, TN (47155)	1999	617	69,302	890.3
	2000	650	71,170	913.3
	2001	653	73,563	887.7
	2002	662	75,035	882.3
	2003	753	76,616	982.8
	2004	680	78,610	865.0
	2005	727	81,275	894.5
	2006	685	84,098	814.5
	2007	760	86,284	880.8
	2008	770	87,983	875.2
	2009	832	89,096	933.8
	2010	905	89,889	1,006.8
	2011	861	91,277	943.3
	2012	926	92,416	1,002.0
	Total	10,481	1,146,614	914.1
Shelby County, TN (47157)	1999	7,873	893,826	880.8
	2000	8,199	897,472	913.6
	2001	7,821	899,345	869.6
	2002	7,945	902,634	880.2
	2003	7,788	906,733	858.9
	2004	7,564	909,643	831.5
	2005	7,903	913,201	865.4
	2006	7,533	920,106	818.7
	2007	7,626	921,119	827.9
	2008	7,537	920,685	818.6
	2009	7,501	922,541	813.1
	2010	7,555	927,644	814.4
	2011	7,460	933,902	798.8
	2012	7,719	939,877	821.3
	Total	108,024	12,808,728	843.4
Smith County, TN (47159)	1999	178	17,311	1,028.2
	2000	208	17,712	1,174.3
	2001	162	17,962	901.9
	2002	207	18,104	1,143.4
	2003	203	18,236	1,113.2
	2004	194	18,302	1,060.0
	2005	222	18,521	1,198.6
	2006	213	18,726	1,137.5
	2007	192	18,905	1,015.6
	2008	235	19,179	1,225.3
	2009	202	19,219	1,051.0
	2010	219	19,166	1,142.6
	2011	227	19,129	1,186.7
	2012	223	19,126	1,166.0
	Total	2,885	259,598	1,111.3
Stewart County, TN (47161)	1999	141	12,092	1,166.1
	2000	154	12,370	1,244.9
	2001	150	12,548	1,195.4
	2002	157	12,662	1,239.9
	2003	147	12,678	1,159.5
	2004	120	12,644	949.1
	2005	156	12,843	1,214.7
	2006	162	12,866	1,259.1
	2007	140	12,997	1,077.2
	2008	139	13,199	1,053.1
	2009	170	13,253	1,282.7
	2010	160	13,324	1,200.8
	2011	166	13,245	1,253.3
	2012	155	13,353	1,160.8
	Total	2,117	180,074	1,175.6
Sullivan County, TN (47163)	1999	1,645	153,112	1,074.4
	2000	1,708	153,048	1,116.0
	2001	1,761	152,718	1,153.1
	2002	1,783	153,160	1,164.1
	2003	1,913	153,280	1,248.0
	2004	1,770	152,808	1,158.3
	2005	1,826	153,463	1,189.9
	2006	1,861	154,227	1,206.7
	2007	1,769	155,367	1,138.6
	2008	1,765	156,028	1,131.2
	2009	1,733	156,661	1,106.2
	2010	1,924	156,823	1,226.9
	2011	1,994	156,938	1,270.6
	2012	2,080	156,655	1,327.8
	Total	25,532	2,164,288	1,179.7
Sumner County, TN (47165)	1999	1,077	128,383	838.9
	2000	1,065	130,449	816.4
	2001	1,046	133,681	782.5
	2002	1,110	136,097	815.6
	2003	1,139	138,153	824.4
	2004	1,137	141,103	805.8
	2005	1,165	144,124	808.3
	2006	1,163	148,941	780.8
	2007	1,191	152,949	778.7
	2008	1,291	155,999	827.6
	2009	1,299	158,819	817.9
	2010	1,265	160,645	787.5
	2011	1,327	163,685	810.7
	2012	1,328	165,927	800.4
	Total	16,603	2,058,955	806.4
Tipton County, TN (47167)	1999	361	50,152	719.8
	2000	469	51,271	914.7
	2001	445	52,696	844.5
	2002	465	53,382	871.1
	2003	496	54,037	917.9
	2004	459	54,581	841.0
	2005	521	56,022	930.0
	2006	484	57,466	842.2
	2007	473	58,866	803.5
	2008	521	60,128	866.5
	2009	514	60,866	844.5
	2010	499	61,081	816.9
	2011	502	61,289	819.1
	2012	489	61,629	793.5
	Total	6,698	793,466	844.1
Trousdale County, TN (47169)	1999	83	7,045	1,178.1
	2000	94	7,259	1,294.9
	2001	83	7,350	1,129.3
	2002	84	7,334	1,145.4
	2003	87	7,295	1,192.6
	2004	101	7,315	1,380.7
	2005	89	7,443	1,195.8
	2006	95	7,531	1,261.5
	2007	94	7,694	1,221.7
	2008	91	7,777	1,170.1
	2009	79	7,881	1,002.4
	2010	99	7,870	1,257.9
	2011	83	7,832	1,059.8
	2012	105	7,802	1,345.8
	Total	1,267	105,428	1,201.8
Unicoi County, TN (47171)	1999	215	17,662	1,217.3
	2000	227	17,667	1,284.9
	2001	239	17,642	1,354.7
	2002	243	17,765	1,367.9
	2003	262	17,918	1,462.2
	2004	243	17,936	1,354.8
	2005	266	17,937	1,483.0
	2006	243	18,143	1,339.4
	2007	286	18,205	1,571.0
	2008	232	18,291	1,268.4
	2009	255	18,367	1,388.4
	2010	249	18,313	1,359.7
	2011	257	18,284	1,405.6
	2012	242	18,247	1,326.2
	Total	3,459	252,377	1,370.6
Union County, TN (47173)	1999	154	17,524	878.8
	2000	153	17,808	859.2
	2001	160	18,322	873.3
	2002	163	18,453	883.3
	2003	169	18,652	906.1
	2004	159	18,653	852.4
	2005	175	18,734	934.1
	2006	159	18,896	841.4
	2007	167	19,041	877.1
	2008	163	19,208	848.6
	2009	186	19,225	967.5
	2010	167	19,109	873.9
	2011	209	19,269	1,084.6
	2012	212	19,168	1,106.0
	Total	2,396	262,062	914.3
Van Buren County, TN (47175)	1999	77	5,475	1,406.4
	2000	55	5,508	998.5
	2001	45	5,475	821.9
	2002	52	5,505	944.6
	2003	60	5,415	1,108.0
	2004	56	5,412	1,034.7
	2005	65	5,413	1,200.8
	2006	61	5,406	1,128.4
	2007	47	5,480	857.7
	2008	54	5,541	974.6
	2009	42	5,540	758.1
	2010	60	5,548	1,081.5
	2011	58	5,512	1,052.2
	2012	69	5,626	1,226.4
	Total	801	76,856	1,042.2
Warren County, TN (47177)	1999	374	37,916	986.4
	2000	372	38,276	971.9
	2001	399	38,566	1,034.6
	2002	403	38,500	1,046.8
	2003	430	38,828	1,107.4
	2004	422	38,864	1,085.8
	2005	476	38,987	1,220.9
	2006	431	39,190	1,099.8
	2007	435	39,365	1,105.0
	2008	464	39,534	1,173.7
	2009	426	39,709	1,072.8
	2010	466	39,839	1,169.7
	2011	486	39,930	1,217.1
	2012	435	39,835	1,092.0
	Total	6,019	547,339	1,099.7
Washington County, TN (47179)	1999	1,084	106,239	1,020.3
	2000	1,108	107,198	1,033.6
	2001	1,139	107,775	1,056.8
	2002	1,165	109,526	1,063.7
	2003	1,199	110,592	1,084.2
	2004	1,162	111,849	1,038.9
	2005	1,174	113,552	1,033.9
	2006	1,245	115,923	1,074.0
	2007	1,217	117,833	1,032.8
	2008	1,199	120,056	998.7
	2009	1,166	121,692	958.2
	2010	1,223	122,979	994.5
	2011	1,313	123,983	1,059.0
	2012	1,358	124,924	1,087.1
	Total	16,752	1,614,121	1,037.8
Wayne County, TN (47181)	1999	162	16,812	963.6
	2000	150	16,842	890.6
	2001	180	17,075	1,054.2
	2002	179	17,078	1,048.1
	2003	171	17,036	1,003.8
	2004	180	17,010	1,058.2
	2005	201	17,006	1,181.9
	2006	189	17,033	1,109.6
	2007	175	16,991	1,030.0
	2008	177	17,004	1,040.9
	2009	198	17,048	1,161.4
	2010	183	17,021	1,075.1
	2011	169	17,009	993.6
	2012	193	16,999	1,135.4
	Total	2,507	237,964	1,053.5
Weakley County, TN (47183)	1999	367	34,696	1,057.8
	2000	374	34,895	1,071.8
	2001	380	34,491	1,101.7
	2002	381	34,443	1,106.2
	2003	345	34,300	1,005.8
	2004	371	34,307	1,081.4
	2005	393	34,407	1,142.2
	2006	369	34,289	1,076.1
	2007	359	34,256	1,048.0
	2008	376	34,484	1,090.4
	2009	358	34,732	1,030.7
	2010	358	35,021	1,022.2
	2011	375	34,962	1,072.6
	2012	380	34,726	1,094.3
	Total	5,186	484,009	1,071.5
White County, TN (47185)	1999	274	22,936	1,194.6
	2000	294	23,102	1,272.6
	2001	278	23,468	1,184.6
	2002	320	23,650	1,353.1
	2003	326	23,754	1,372.4
	2004	304	24,069	1,263.0
	2005	282	24,489	1,151.5
	2006	266	24,866	1,069.7
	2007	293	25,250	1,160.4
	2008	302	25,548	1,182.1
	2009	297	25,789	1,151.7
	2010	320	25,841	1,238.3
	2011	363	26,019	1,395.1
	2012	370	26,061	1,419.7
	Total	4,289	344,842	1,243.8
Williamson County, TN (47187)	1999	682	122,827	555.3
	2000	625	126,638	493.5
	2001	699	132,536	527.4
	2002	714	136,953	521.3
	2003	708	141,876	499.0
	2004	737	147,439	499.9
	2005	861	154,099	558.7
	2006	826	161,902	510.2
	2007	862	169,534	508.5
	2008	960	175,498	547.0
	2009	845	180,332	468.6
	2010	944	183,182	515.3
	2011	977	188,357	518.7
	2012	1,013	192,997	524.9
	Total	11,453	2,214,170	517.3
Wilson County, TN (47189)	1999	675	87,309	773.1
	2000	633	88,809	712.8
	2001	746	91,020	819.6
	2002	761	93,033	818.0
	2003	777	94,924	818.5
	2004	712	97,139	733.0
	2005	791	99,960	791.3
	2006	750	103,697	723.3
	2007	787	106,757	737.2
	2008	831	110,474	752.2
	2009	829	112,350	737.9
	2010	852	113,993	747.4
	2011	913	116,758	782.0
	2012	909	119,058	763.5
	Total	10,966	1,435,281	764.0
Total		804,278	84,641,677	950.2
