
                        
                      	Year	
                        
                      	
                        
                      	
                        
                      
Adams County, IL (17001)	1999	815	68,430	1,191.0
	2000	847	68,277	1,240.5
	2001	797	68,014	1,171.8
	2002	876	67,776	1,292.5
	2003	859	67,267	1,277.0
	2004	833	66,818	1,246.7
	2005	828	66,920	1,237.3
	2006	809	67,106	1,205.6
	2007	851	66,943	1,271.2
	2008	846	66,943	1,263.8
	2009	790	67,039	1,178.4
	2010	723	67,103	1,077.4
	2011	815	67,183	1,213.1
	2012	771	67,243	1,146.6
	Total	11,460	943,062	1,215.2
Alexander County, IL (17003)	1999	114	9,621	1,184.9
	2000	125	9,590	1,303.4
	2001	114	9,592	1,188.5
	2002	140	9,592	1,459.5
	2003	132	9,254	1,426.4
	2004	138	9,186	1,502.3
	2005	115	8,914	1,290.1
	2006	135	8,730	1,546.4
	2007	107	8,552	1,251.2
	2008	111	8,461	1,311.9
	2009	110	8,295	1,326.1
	2010	94	8,238	1,141.1
	2011	105	8,015	1,310.0
	2012	98	7,752	1,264.2
	Total	1,638	123,792	1,323.2
Bond County, IL (17005)	1999	182	17,532	1,038.1
	2000	167	17,633	947.1
	2001	179	17,586	1,017.9
	2002	193	17,735	1,088.2
	2003	182	17,960	1,013.4
	2004	183	18,101	1,011.0
	2005	142	17,988	789.4
	2006	178	18,004	988.7
	2007	208	18,077	1,150.6
	2008	156	17,916	870.7
	2009	169	17,747	952.3
	2010	177	17,768	996.2
	2011	176	17,722	993.1
	2012	161	17,612	914.1
	Total	2,453	249,381	983.6
Boone County, IL (17007)	1999	317	40,844	776.1
	2000	309	41,786	739.5
	2001	295	43,220	682.6
	2002	305	44,585	684.1
	2003	288	46,242	622.8
	2004	343	47,893	716.2
	2005	353	49,725	709.9
	2006	350	51,797	675.7
	2007	342	53,512	639.1
	2008	368	54,211	678.8
	2009	313	54,154	578.0
	2010	326	54,165	601.9
	2011	364	54,223	671.3
	2012	392	53,859	727.8
	Total	4,665	690,216	675.9
Brown County, IL (17009)	1999	60	6,948	863.6
	2000	60	6,950	863.3
	2001	47	6,984	673.0
	2002	63	6,925	909.7
	2003	66	6,997	943.3
	2004	71	6,968	1,018.9
	2005	71	6,917	1,026.5
	2006	63	6,875	916.4
	2007	50	6,833	731.7
	2008	56	6,896	812.1
	2009	59	6,963	847.3
	2010	69	6,937	994.7
	2011	46	6,879	668.7
	2012	50	6,908	723.8
	Total	831	96,980	856.9
Bureau County, IL (17011)	1999	422	35,527	1,187.8
	2000	424	35,503	1,194.3
	2001	381	35,181	1,083.0
	2002	431	35,057	1,229.4
	2003	432	35,080	1,231.5
	2004	398	34,951	1,138.7
	2005	372	34,977	1,063.6
	2006	385	35,183	1,094.3
	2007	399	35,153	1,135.0
	2008	402	35,078	1,146.0
	2009	358	35,058	1,021.2
	2010	381	34,978	1,089.3
	2011	376	34,638	1,085.5
	2012	333	34,314	970.4
	Total	5,494	490,678	1,119.7
Calhoun County, IL (17013)	1999	75	5,093	1,472.6
	2000	57	5,084	1,121.2
	2001	75	5,045	1,486.6
	2002	52	4,987	1,042.7
	2003	73	5,122	1,425.2
	2004	67	5,138	1,304.0
	2005	64	5,163	1,239.6
	2006	62	5,174	1,198.3
	2007	55	5,160	1,065.9
	2008	72	5,084	1,416.2
	2009	60	5,082	1,180.6
	2010	48	5,089	943.2
	2011	53	5,068	1,045.8
	2012	56	5,021	1,115.3
	Total	869	71,310	1,218.6
Carroll County, IL (17015)	1999	203	16,813	1,207.4
	2000	196	16,674	1,175.5
	2001	202	16,405	1,231.3
	2002	190	16,312	1,164.8
	2003	194	16,267	1,192.6
	2004	180	16,102	1,117.9
	2005	200	15,914	1,256.8
	2006	209	15,866	1,317.3
	2007	178	15,734	1,131.3
	2008	198	15,638	1,266.1
	2009	184	15,476	1,188.9
	2010	200	15,387	1,299.8
	2011	179	15,196	1,177.9
	2012	197	15,047	1,309.2
	Total	2,710	222,831	1,216.2
Cass County, IL (17017)	1999	162	13,795	1,174.3
	2000	161	13,695	1,175.6
	2001	151	13,677	1,104.0
	2002	158	13,549	1,166.1
	2003	160	13,674	1,170.1
	2004	164	13,640	1,202.3
	2005	127	13,670	929.0
	2006	159	13,611	1,168.2
	2007	188	13,699	1,372.4
	2008	166	13,660	1,215.2
	2009	149	13,623	1,093.7
	2010	139	13,642	1,018.9
	2011	142	13,639	1,041.1
	2012	155	13,421	1,154.9
	Total	2,181	190,995	1,141.9
Champaign County, IL (17019)	1999	1,056	178,652	591.1
	2000	1,110	179,669	617.8
	2001	1,243	181,956	683.1
	2002	1,158	184,198	628.7
	2003	1,191	187,013	636.9
	2004	1,196	188,617	634.1
	2005	1,219	190,659	639.4
	2006	1,129	193,844	582.4
	2007	1,118	196,621	568.6
	2008	1,148	197,570	581.1
	2009	1,192	199,968	596.1
	2010	1,124	201,081	559.0
	2011	1,219	202,426	602.2
	2012	1,158	203,435	569.2
	Total	16,261	2,685,709	605.5
Christian County, IL (17021)	1999	427	35,398	1,206.3
	2000	448	35,372	1,266.5
	2001	431	35,240	1,223.0
	2002	427	35,181	1,213.7
	2003	431	35,172	1,225.4
	2004	392	35,308	1,110.2
	2005	430	35,165	1,222.8
	2006	407	35,076	1,160.3
	2007	392	35,034	1,118.9
	2008	389	34,974	1,112.3
	2009	386	34,808	1,108.9
	2010	408	34,800	1,172.4
	2011	410	34,765	1,179.3
	2012	427	34,597	1,234.2
	Total	5,805	490,890	1,182.5
Clark County, IL (17023)	1999	233	17,011	1,369.7
	2000	195	17,008	1,146.5
	2001	237	16,829	1,408.3
	2002	212	16,844	1,258.6
	2003	249	16,750	1,486.6
	2004	190	16,718	1,136.5
	2005	197	16,728	1,177.7
	2006	205	16,669	1,229.8
	2007	176	16,682	1,055.0
	2008	216	16,634	1,298.5
	2009	214	16,431	1,302.4
	2010	204	16,335	1,248.9
	2011	209	16,217	1,288.8
	2012	187	16,298	1,147.4
	Total	2,924	233,154	1,254.1
Clay County, IL (17025)	1999	193	14,575	1,324.2
	2000	172	14,560	1,181.3
	2001	178	14,260	1,248.2
	2002	214	14,228	1,504.1
	2003	184	14,194	1,296.3
	2004	184	14,142	1,301.1
	2005	181	14,134	1,280.6
	2006	145	14,061	1,031.2
	2007	174	13,975	1,245.1
	2008	182	13,971	1,302.7
	2009	198	13,826	1,432.1
	2010	173	13,815	1,252.3
	2011	176	13,757	1,279.3
	2012	171	13,746	1,244.0
	Total	2,525	197,244	1,280.1
Clinton County, IL (17027)	1999	333	35,533	937.2
	2000	325	35,535	914.6
	2001	313	35,792	874.5
	2002	306	36,003	849.9
	2003	372	36,231	1,026.7
	2004	302	36,495	827.5
	2005	308	36,681	839.7
	2006	352	37,051	950.0
	2007	316	37,160	850.4
	2008	360	37,472	960.7
	2009	351	37,459	937.0
	2010	295	37,762	781.2
	2011	318	38,160	833.3
	2012	336	38,083	882.3
	Total	4,587	515,417	890.0
Coles County, IL (17029)	1999	538	53,447	1,006.6
	2000	552	53,196	1,037.7
	2001	493	52,549	938.2
	2002	497	52,454	947.5
	2003	506	52,974	955.2
	2004	476	53,182	895.0
	2005	518	53,016	977.1
	2006	469	53,359	879.0
	2007	479	53,492	895.5
	2008	540	53,454	1,010.2
	2009	457	53,612	852.4
	2010	517	53,873	959.7
	2011	458	53,758	852.0
	2012	513	53,659	956.0
	Total	7,013	746,025	940.0
Cook County, IL (17031)	1999	47,721	5,365,344	889.4
	2000	46,185	5,376,741	859.0
	2001	45,453	5,360,562	847.9
	2002	44,961	5,328,775	843.7
	2003	43,893	5,294,739	829.0
	2004	42,210	5,252,021	803.7
	2005	42,290	5,207,615	812.1
	2006	41,451	5,165,495	802.5
	2007	40,136	5,154,235	778.7
	2008	40,845	5,161,831	791.3
	2009	39,378	5,181,728	759.9
	2010	38,806	5,194,675	747.0
	2011	39,175	5,212,589	751.5
	2012	39,408	5,227,992	753.8
	Total	591,912	73,484,342	805.5
Crawford County, IL (17033)	1999	246	20,623	1,192.8
	2000	234	20,452	1,144.1
	2001	224	20,363	1,100.0
	2002	245	20,204	1,212.6
	2003	256	20,106	1,273.3
	2004	231	20,059	1,151.6
	2005	216	20,051	1,077.3
	2006	229	19,966	1,146.9
	2007	213	19,886	1,071.1
	2008	238	19,831	1,200.1
	2009	255	19,845	1,285.0
	2010	224	19,817	1,130.3
	2011	221	19,772	1,117.7
	2012	211	19,605	1,076.3
	Total	3,243	280,580	1,155.8
Cumberland County, IL (17035)	1999	117	11,186	1,046.0
	2000	113	11,253	1,004.2
	2001	132	11,238	1,174.6
	2002	143	11,171	1,280.1
	2003	125	11,066	1,129.6
	2004	124	11,078	1,119.3
	2005	123	11,057	1,112.4
	2006	130	11,103	1,170.9
	2007	98	11,077	884.7
	2008	122	11,100	1,099.1
	2009	112	11,044	1,014.1
	2010	117	11,048	1,059.0
	2011	130	11,078	1,173.5
	2012	108	10,977	983.9
	Total	1,694	155,476	1,089.6
DeKalb County, IL (17037)	1999	620	88,010	704.5
	2000	633	88,969	711.5
	2001	563	90,545	621.8
	2002	617	91,951	671.0
	2003	585	94,096	621.7
	2004	637	96,106	662.8
	2005	653	98,438	663.4
	2006	628	101,437	619.1
	2007	618	103,746	595.7
	2008	629	104,601	601.3
	2009	675	105,146	642.0
	2010	666	105,160	633.3
	2011	668	104,478	639.4
	2012	702	104,622	671.0
	Total	8,894	1,377,305	645.8
De Witt County, IL (17039)	1999	193	16,764	1,151.3
	2000	195	16,798	1,160.9
	2001	189	16,792	1,125.5
	2002	218	16,673	1,307.5
	2003	235	16,686	1,408.4
	2004	179	16,671	1,073.7
	2005	197	16,716	1,178.5
	2006	198	16,792	1,179.1
	2007	173	16,742	1,033.3
	2008	187	16,733	1,117.6
	2009	222	16,538	1,342.4
	2010	163	16,561	984.2
	2011	158	16,537	955.4
	2012	178	16,484	1,079.8
	Total	2,685	233,487	1,150.0
Douglas County, IL (17041)	1999	199	19,905	999.7
	2000	198	19,922	993.9
	2001	207	20,032	1,033.3
	2002	209	20,017	1,044.1
	2003	188	20,010	939.5
	2004	192	20,100	955.2
	2005	204	20,101	1,014.9
	2006	217	20,111	1,079.0
	2007	201	20,061	1,001.9
	2008	214	19,970	1,071.6
	2009	175	19,949	877.2
	2010	180	19,980	900.9
	2011	189	19,835	952.9
	2012	197	19,883	990.8
	Total	2,770	279,876	989.7
DuPage County, IL (17043)	1999	5,655	898,083	629.7
	2000	5,596	904,161	618.9
	2001	5,677	911,474	622.8
	2002	5,693	913,880	622.9
	2003	5,722	914,078	626.0
	2004	5,459	913,940	597.3
	2005	5,724	911,378	628.1
	2006	5,711	908,685	628.5
	2007	5,509	907,426	607.1
	2008	5,880	909,798	646.3
	2009	5,622	912,732	616.0
	2010	5,653	916,924	616.5
	2011	6,005	923,781	650.0
	2012	5,766	927,418	621.7
	Total	79,672	12,773,758	623.7
Edgar County, IL (17045)	1999	258	19,821	1,301.6
	2000	238	19,704	1,207.9
	2001	224	19,465	1,150.8
	2002	261	19,249	1,355.9
	2003	277	19,085	1,451.4
	2004	258	19,041	1,355.0
	2005	243	18,987	1,279.8
	2006	228	18,986	1,200.9
	2007	238	18,929	1,257.3
	2008	247	18,768	1,316.1
	2009	231	18,668	1,237.4
	2010	246	18,576	1,324.3
	2011	200	18,403	1,086.8
	2012	251	18,160	1,382.2
	Total	3,400	265,842	1,279.0
Edwards County, IL (17047)	1999	87	6,954	1,251.1
	2000	102	6,971	1,463.2
	2001	75	6,879	1,090.3
	2002	78	6,856	1,137.7
	2003	83	6,883	1,205.9
	2004	88	6,825	1,289.4
	2005	88	6,796	1,294.9
	2006	92	6,694	1,374.4
	2007	66	6,728	981.0
	2008	84	6,710	1,251.9
	2009	73	6,675	1,093.6
	2010	91	6,721	1,354.0
	2011	68	6,675	1,018.7
	2012	74	6,724	1,100.5
	Total	1,149	95,091	1,208.3
Effingham County, IL (17049)	1999	338	34,164	989.3
	2000	319	34,264	931.0
	2001	351	34,334	1,022.3
	2002	347	34,281	1,012.2
	2003	322	34,408	935.8
	2004	302	34,497	875.4
	2005	315	34,365	916.6
	2006	317	34,289	924.5
	2007	329	34,191	962.2
	2008	299	34,173	875.0
	2009	311	34,275	907.4
	2010	331	34,242	966.6
	2011	341	34,252	995.6
	2012	367	34,335	1,068.9
	Total	4,589	480,070	955.9
Fayette County, IL (17051)	1999	233	21,786	1,069.5
	2000	260	21,802	1,192.6
	2001	251	21,695	1,156.9
	2002	249	21,814	1,141.5
	2003	275	21,514	1,278.2
	2004	241	21,056	1,144.6
	2005	215	21,848	984.1
	2006	229	21,925	1,044.5
	2007	211	21,890	963.9
	2008	207	22,006	940.7
	2009	205	22,089	928.1
	2010	211	22,140	953.0
	2011	214	22,148	966.2
	2012	219	22,025	994.3
	Total	3,220	305,738	1,053.2
Ford County, IL (17053)	1999	207	14,260	1,451.6
	2000	221	14,241	1,551.9
	2001	209	14,148	1,477.2
	2002	213	14,118	1,508.7
	2003	221	14,095	1,567.9
	2004	197	14,135	1,393.7
	2005	203	14,092	1,440.5
	2006	199	14,096	1,411.7
	2007	179	14,213	1,259.4
	2008	210	14,095	1,489.9
	2009	194	14,084	1,377.4
	2010	200	14,081	1,420.4
	2011	200	13,963	1,432.4
	2012	193	13,997	1,378.9
	Total	2,846	197,618	1,440.2
Franklin County, IL (17055)	1999	561	39,126	1,433.8
	2000	595	39,018	1,524.9
	2001	577	38,798	1,487.2
	2002	576	38,893	1,481.0
	2003	560	39,066	1,433.5
	2004	565	39,298	1,437.7
	2005	569	39,587	1,437.3
	2006	514	39,560	1,299.3
	2007	549	39,473	1,390.8
	2008	557	39,546	1,408.5
	2009	521	39,482	1,319.6
	2010	546	39,561	1,380.1
	2011	547	39,590	1,381.7
	2012	533	39,482	1,350.0
	Total	7,770	550,480	1,411.5
Fulton County, IL (17057)	1999	488	38,434	1,269.7
	2000	516	38,250	1,349.0
	2001	451	37,880	1,190.6
	2002	498	37,587	1,324.9
	2003	465	37,705	1,233.3
	2004	445	37,630	1,182.6
	2005	493	37,452	1,316.4
	2006	486	37,387	1,299.9
	2007	458	37,272	1,228.8
	2008	443	37,224	1,190.1
	2009	470	37,090	1,267.2
	2010	438	37,069	1,181.6
	2011	461	36,960	1,247.3
	2012	452	36,673	1,232.5
	Total	6,564	524,613	1,251.2
Gallatin County, IL (17059)	1999	68	6,477	1,049.9
	2000	89	6,445	1,380.9
	2001	88	6,279	1,401.5
	2002	92	6,144	1,497.4
	2003	93	6,117	1,520.4
	2004	77	6,071	1,268.3
	2005	83	6,030	1,376.5
	2006	89	5,980	1,488.3
	2007	86	5,883	1,461.8
	2008	87	5,796	1,501.0
	2009	86	5,631	1,527.3
	2010	89	5,589	1,592.4
	2011	86	5,519	1,558.3
	2012	73	5,439	1,342.2
	Total	1,186	83,400	1,422.1
Greene County, IL (17061)	1999	195	14,832	1,314.7
	2000	200	14,761	1,354.9
	2001	145	14,620	991.8
	2002	184	14,622	1,258.4
	2003	171	14,558	1,174.6
	2004	165	14,411	1,145.0
	2005	173	14,382	1,202.9
	2006	177	14,167	1,249.4
	2007	165	14,001	1,178.5
	2008	190	13,956	1,361.4
	2009	168	13,926	1,206.4
	2010	151	13,886	1,087.4
	2011	145	13,839	1,047.8
	2012	138	13,622	1,013.1
	Total	2,367	199,583	1,186.0
Grundy County, IL (17063)	1999	329	37,121	886.3
	2000	321	37,535	855.2
	2001	317	38,320	827.2
	2002	317	38,865	815.6
	2003	344	39,819	863.9
	2004	347	41,410	838.0
	2005	324	44,181	733.3
	2006	324	46,534	696.3
	2007	357	48,175	741.0
	2008	372	49,166	756.6
	2009	374	49,702	752.5
	2010	362	50,063	723.1
	2011	415	50,067	828.9
	2012	382	50,208	760.8
	Total	4,885	621,166	786.4
Hamilton County, IL (17065)	1999	111	8,688	1,277.6
	2000	106	8,621	1,229.6
	2001	103	8,527	1,207.9
	2002	105	8,440	1,244.1
	2003	89	8,431	1,055.6
	2004	112	8,525	1,313.8
	2005	86	8,471	1,015.2
	2006	114	8,497	1,341.6
	2007	101	8,416	1,200.1
	2008	119	8,454	1,407.6
	2009	110	8,448	1,302.1
	2010	116	8,457	1,371.6
	2011	121	8,412	1,438.4
	2012	103	8,386	1,228.2
	Total	1,496	118,773	1,259.5
Hancock County, IL (17067)	1999	227	20,266	1,120.1
	2000	259	20,121	1,287.2
	2001	212	20,069	1,056.4
	2002	223	19,794	1,126.6
	2003	224	19,673	1,138.6
	2004	207	19,577	1,057.4
	2005	210	19,479	1,078.1
	2006	197	19,412	1,014.8
	2007	211	19,359	1,089.9
	2008	214	19,192	1,115.0
	2009	203	19,080	1,063.9
	2010	177	19,104	926.5
	2011	192	19,051	1,007.8
	2012	198	18,900	1,047.6
	Total	2,954	273,077	1,081.7
Hardin County, IL (17069)	1999	74	4,824	1,534.0
	2000	71	4,800	1,479.2
	2001	75	4,765	1,574.0
	2002	50	4,723	1,058.6
	2003	59	4,724	1,248.9
	2004	77	4,664	1,650.9
	2005	63	4,615	1,365.1
	2006	71	4,508	1,575.0
	2007	71	4,462	1,591.2
	2008	61	4,386	1,390.8
	2009	59	4,344	1,358.2
	2010	63	4,320	1,458.3
	2011	55	4,282	1,284.4
	2012	46	4,256	1,080.8
	Total	895	63,673	1,405.6
Henderson County, IL (17071)	1999	74	8,218	900.5
	2000	90	8,213	1,095.8
	2001	86	8,150	1,055.2
	2002	86	8,078	1,064.6
	2003	98	7,935	1,235.0
	2004	81	7,912	1,023.8
	2005	83	7,786	1,066.0
	2006	92	7,614	1,208.3
	2007	83	7,565	1,097.2
	2008	84	7,463	1,125.6
	2009	75	7,340	1,021.8
	2010	76	7,331	1,036.7
	2011	82	7,212	1,137.0
	2012	92	7,062	1,302.7
	Total	1,182	107,879	1,095.7
Henry County, IL (17073)	1999	547	51,004	1,072.5
	2000	530	51,020	1,038.8
	2001	545	50,714	1,074.7
	2002	569	50,454	1,127.8
	2003	520	50,714	1,025.4
	2004	539	50,509	1,067.1
	2005	536	50,572	1,059.9
	2006	505	50,392	1,002.1
	2007	539	50,528	1,066.7
	2008	508	50,492	1,006.1
	2009	529	50,536	1,046.8
	2010	568	50,486	1,125.1
	2011	512	50,294	1,018.0
	2012	508	50,177	1,012.4
	Total	7,455	707,892	1,053.1
Iroquois County, IL (17075)	1999	397	31,389	1,264.8
	2000	371	31,334	1,184.0
	2001	385	31,022	1,241.1
	2002	388	30,805	1,259.5
	2003	417	30,688	1,358.8
	2004	380	30,493	1,246.2
	2005	407	30,548	1,332.3
	2006	365	30,308	1,204.3
	2007	420	30,282	1,387.0
	2008	387	30,228	1,280.3
	2009	346	29,863	1,158.6
	2010	382	29,718	1,285.4
	2011	389	29,469	1,320.0
	2012	380	29,257	1,298.8
	Total	5,414	425,404	1,272.7
Jackson County, IL (17077)	1999	505	60,026	841.3
	2000	504	59,612	845.5
	2001	467	59,530	784.5
	2002	453	58,949	768.5
	2003	450	59,282	759.1
	2004	498	59,462	837.5
	2005	466	60,006	776.6
	2006	460	60,170	764.5
	2007	467	59,518	784.6
	2008	464	59,605	778.5
	2009	437	59,664	732.4
	2010	462	60,218	767.2
	2011	480	60,308	795.9
	2012	486	60,113	808.5
	Total	6,599	836,463	788.9
Jasper County, IL (17079)	1999	109	10,256	1,062.8
	2000	117	10,117	1,156.5
	2001	103	10,056	1,024.3
	2002	121	10,015	1,208.2
	2003	92	9,970	922.8
	2004	93	10,010	929.1
	2005	100	9,905	1,009.6
	2006	109	9,807	1,111.5
	2007	93	9,776	951.3
	2008	113	9,786	1,154.7
	2009	93	9,701	958.7
	2010	100	9,698	1,031.1
	2011	100	9,746	1,026.1
	2012	112	9,656	1,159.9
	Total	1,455	138,499	1,050.5
Jefferson County, IL (17081)	1999	419	39,981	1,048.0
	2000	422	40,045	1,053.8
	2001	409	39,874	1,025.7
	2002	431	39,805	1,082.8
	2003	423	39,730	1,064.7
	2004	434	39,638	1,094.9
	2005	412	39,624	1,039.8
	2006	433	39,545	1,095.0
	2007	434	39,412	1,101.2
	2008	463	39,277	1,178.8
	2009	448	38,970	1,149.6
	2010	445	38,827	1,146.1
	2011	433	38,758	1,117.2
	2012	431	38,677	1,114.4
	Total	6,037	552,163	1,093.3
Jersey County, IL (17083)	1999	255	21,659	1,177.3
	2000	209	21,668	964.6
	2001	224	21,751	1,029.8
	2002	222	22,001	1,009.0
	2003	222	22,126	1,003.3
	2004	246	22,374	1,099.5
	2005	247	22,500	1,097.8
	2006	240	22,736	1,055.6
	2007	223	22,838	976.4
	2008	210	23,084	909.7
	2009	185	23,060	802.3
	2010	237	22,985	1,031.1
	2011	263	22,849	1,151.0
	2012	249	22,738	1,095.1
	Total	3,232	314,369	1,028.1
Jo Daviess County, IL (17085)	1999	223	22,242	1,002.6
	2000	236	22,289	1,058.8
	2001	212	22,486	942.8
	2002	218	22,480	969.8
	2003	227	22,701	1,000.0
	2004	226	22,646	998.0
	2005	233	22,680	1,027.3
	2006	223	22,828	976.9
	2007	207	22,758	909.6
	2008	230	22,715	1,012.5
	2009	236	22,685	1,040.3
	2010	224	22,678	987.7
	2011	244	22,699	1,074.9
	2012	228	22,552	1,011.0
	Total	3,167	316,439	1,000.8
Johnson County, IL (17087)	1999	103	12,778	806.1
	2000	133	12,878	1,032.8
	2001	114	12,794	891.0
	2002	115	12,454	923.4
	2003	127	12,969	979.3
	2004	126	12,903	976.5
	2005	113	12,816	881.7
	2006	117	12,889	907.8
	2007	137	12,792	1,071.0
	2008	117	12,671	923.4
	2009	127	12,604	1,007.6
	2010	117	12,582	929.9
	2011	123	12,648	972.5
	2012	127	12,786	993.3
	Total	1,696	178,564	949.8
Kane County, IL (17089)	1999	2,395	396,371	604.2
	2000	2,499	404,119	618.4
	2001	2,473	423,975	583.3
	2002	2,545	440,437	577.8
	2003	2,554	453,929	562.6
	2004	2,536	466,884	543.2
	2005	2,620	475,384	551.1
	2006	2,643	485,179	544.7
	2007	2,610	495,752	526.5
	2008	2,698	504,437	534.9
	2009	2,750	511,273	537.9
	2010	2,777	515,269	538.9
	2011	2,883	519,735	554.7
	2012	2,933	521,306	562.6
	Total	36,916	6,614,050	558.1
Kankakee County, IL (17091)	1999	1,054	103,675	1,016.6
	2000	1,120	103,833	1,078.7
	2001	1,154	104,490	1,104.4
	2002	1,053	104,932	1,003.5
	2003	1,080	105,794	1,020.9
	2004	1,100	106,744	1,030.5
	2005	1,078	107,917	998.9
	2006	1,008	109,735	918.6
	2007	1,052	111,499	943.5
	2008	1,106	112,658	981.7
	2009	1,070	113,107	946.0
	2010	970	113,449	855.0
	2011	1,041	113,418	917.8
	2012	1,016	112,847	900.3
	Total	14,902	1,524,098	977.8
Kendall County, IL (17093)	1999	291	52,845	550.7
	2000	350	54,544	641.7
	2001	289	58,437	494.5
	2002	310	62,523	495.8
	2003	330	67,740	487.2
	2004	367	73,723	497.8
	2005	389	81,107	479.6
	2006	381	90,740	419.9
	2007	447	100,917	442.9
	2008	389	108,559	358.3
	2009	443	112,490	393.8
	2010	477	114,736	415.7
	2011	483	116,678	414.0
	2012	515	118,108	436.0
	Total	5,461	1,213,147	450.2
Knox County, IL (17095)	1999	701	55,987	1,252.1
	2000	701	55,836	1,255.5
	2001	682	55,329	1,232.6
	2002	718	54,963	1,306.3
	2003	738	54,425	1,356.0
	2004	687	53,909	1,274.4
	2005	677	53,513	1,265.1
	2006	658	53,196	1,236.9
	2007	663	52,894	1,253.5
	2008	686	52,836	1,298.4
	2009	602	52,817	1,139.8
	2010	701	52,919	1,324.7
	2011	651	52,661	1,236.2
	2012	703	52,254	1,345.4
	Total	9,568	753,539	1,269.7
Lake County, IL (17097)	1999	3,820	633,094	603.4
	2000	3,673	644,356	570.0
	2001	3,787	658,986	574.7
	2002	3,852	668,022	576.6
	2003	3,875	668,760	579.4
	2004	3,883	677,735	572.9
	2005	3,877	684,419	566.5
	2006	3,930	689,891	569.7
	2007	3,919	692,995	565.5
	2008	3,996	697,369	573.0
	2009	3,951	701,042	563.6
	2010	4,045	703,462	575.0
	2011	4,074	701,052	581.1
	2012	4,330	701,219	617.5
	Total	55,012	9,522,402	577.7
La Salle County, IL (17099)	1999	1,221	111,600	1,094.1
	2000	1,203	111,509	1,078.8
	2001	1,203	112,212	1,072.1
	2002	1,247	111,904	1,114.3
	2003	1,306	110,949	1,177.1
	2004	1,306	112,135	1,164.7
	2005	1,352	112,565	1,201.1
	2006	1,316	113,139	1,163.2
	2007	1,252	113,794	1,100.2
	2008	1,297	114,171	1,136.0
	2009	1,204	113,999	1,056.1
	2010	1,290	113,924	1,132.3
	2011	1,332	113,485	1,173.7
	2012	1,309	112,944	1,159.0
	Total	17,838	1,578,330	1,130.2
Lawrence County, IL (17101)	1999	234	15,546	1,505.2
	2000	259	15,452	1,676.2
	2001	204	15,527	1,313.8
	2002	227	16,045	1,414.8
	2003	286	16,455	1,738.1
	2004	217	16,562	1,310.2
	2005	222	16,910	1,312.8
	2006	201	16,730	1,201.4
	2007	189	16,952	1,114.9
	2008	196	16,935	1,157.4
	2009	231	16,802	1,374.8
	2010	203	16,833	1,206.0
	2011	226	16,718	1,351.8
	2012	206	16,592	1,241.6
	Total	3,101	230,059	1,347.9
Lee County, IL (17103)	1999	396	36,080	1,097.6
	2000	407	36,062	1,128.6
	2001	401	36,100	1,110.8
	2002	358	35,825	999.3
	2003	394	35,586	1,107.2
	2004	364	35,704	1,019.5
	2005	336	35,635	942.9
	2006	341	35,905	949.7
	2007	368	36,191	1,016.8
	2008	357	36,272	984.2
	2009	382	36,189	1,055.6
	2010	320	36,031	888.1
	2011	363	35,518	1,022.0
	2012	334	35,132	950.7
	Total	5,121	502,230	1,019.7
Livingston County, IL (17105)	1999	411	39,785	1,033.1
	2000	412	39,678	1,038.4
	2001	370	39,881	927.8
	2002	453	39,519	1,146.3
	2003	415	39,095	1,061.5
	2004	454	39,145	1,159.8
	2005	459	39,062	1,175.1
	2006	384	38,978	985.2
	2007	427	39,069	1,092.9
	2008	395	39,071	1,011.0
	2009	373	39,054	955.1
	2010	415	38,950	1,065.5
	2011	420	38,822	1,081.9
	2012	431	38,525	1,118.8
	Total	5,819	548,634	1,060.6
Logan County, IL (17107)	1999	359	31,264	1,148.3
	2000	329	31,183	1,055.1
	2001	364	30,934	1,176.7
	2002	347	30,873	1,124.0
	2003	320	30,958	1,033.7
	2004	313	30,981	1,010.3
	2005	349	30,795	1,133.3
	2006	334	30,562	1,092.9
	2007	304	30,498	996.8
	2008	320	30,513	1,048.7
	2009	315	30,342	1,038.2
	2010	330	30,305	1,088.9
	2011	284	30,265	938.4
	2012	326	30,027	1,085.7
	Total	4,594	429,500	1,069.6
McDonough County, IL (17109)	1999	268	33,168	808.0
	2000	315	32,913	957.1
	2001	319	32,789	972.9
	2002	280	32,802	853.6
	2003	309	32,971	937.2
	2004	291	32,798	887.2
	2005	292	32,848	888.9
	2006	289	32,868	879.3
	2007	313	32,945	950.1
	2008	296	32,615	907.6
	2009	296	32,611	907.7
	2010	297	32,612	910.7
	2011	294	32,510	904.3
	2012	273	32,572	838.1
	Total	4,132	459,022	900.2
McHenry County, IL (17111)	1999	1,548	255,448	606.0
	2000	1,521	260,077	584.8
	2001	1,507	267,632	563.1
	2002	1,625	274,441	592.1
	2003	1,706	281,743	605.5
	2004	1,662	287,997	577.1
	2005	1,709	294,280	580.7
	2006	1,794	300,630	596.7
	2007	1,820	305,117	596.5
	2008	1,867	307,246	607.7
	2009	1,713	308,067	556.0
	2010	1,870	308,760	605.6
	2011	1,901	307,913	617.4
	2012	1,977	307,729	642.4
	Total	24,220	4,067,080	595.5
McLean County, IL (17113)	1999	1,010	149,135	677.2
	2000	986	150,433	655.4
	2001	1,014	152,713	664.0
	2002	1,036	155,882	664.6
	2003	1,152	157,795	730.1
	2004	1,018	159,096	639.9
	2005	997	160,299	622.0
	2006	1,069	162,925	656.1
	2007	998	165,223	604.0
	2008	1,157	166,825	693.5
	2009	1,086	168,727	643.6
	2010	1,098	169,572	647.5
	2011	1,067	170,701	625.1
	2012	1,110	172,295	644.2
	Total	14,798	2,261,621	654.3
Macon County, IL (17115)	1999	1,206	115,142	1,047.4
	2000	1,153	114,706	1,005.2
	2001	1,147	113,604	1,009.6
	2002	1,181	112,564	1,049.2
	2003	1,210	111,572	1,084.5
	2004	1,223	111,181	1,100.0
	2005	1,179	111,083	1,061.4
	2006	1,217	110,808	1,098.3
	2007	1,105	110,751	997.7
	2008	1,242	110,588	1,123.1
	2009	1,126	110,732	1,016.9
	2010	1,168	110,768	1,054.5
	2011	1,189	110,571	1,075.3
	2012	1,192	109,978	1,083.9
	Total	16,538	1,564,048	1,057.4
Macoupin County, IL (17117)	1999	668	49,005	1,363.1
	2000	586	49,019	1,195.5
	2001	579	48,788	1,186.8
	2002	617	48,719	1,266.4
	2003	577	48,690	1,185.0
	2004	539	48,612	1,108.8
	2005	610	48,418	1,259.9
	2006	592	48,176	1,228.8
	2007	580	48,195	1,203.4
	2008	569	48,092	1,183.1
	2009	573	47,630	1,203.0
	2010	514	47,765	1,076.1
	2011	548	47,813	1,146.1
	2012	576	47,205	1,220.2
	Total	8,128	676,127	1,202.1
Madison County, IL (17119)	1999	2,726	258,739	1,053.6
	2000	2,685	258,941	1,036.9
	2001	2,656	260,343	1,020.2
	2002	2,730	261,130	1,045.5
	2003	2,608	262,566	993.3
	2004	2,666	263,722	1,010.9
	2005	2,666	264,759	1,007.0
	2006	2,644	266,164	993.4
	2007	2,565	267,382	959.3
	2008	2,686	268,232	1,001.4
	2009	2,617	268,978	972.9
	2010	2,633	269,282	977.8
	2011	2,661	268,486	991.1
	2012	2,668	267,899	995.9
	Total	37,211	3,706,623	1,003.9
Marion County, IL (17121)	1999	527	41,647	1,265.4
	2000	503	41,691	1,206.5
	2001	540	41,393	1,304.6
	2002	524	40,971	1,279.0
	2003	504	40,602	1,241.3
	2004	483	40,229	1,200.6
	2005	511	39,941	1,279.4
	2006	475	40,037	1,186.4
	2007	509	39,898	1,275.8
	2008	512	39,794	1,286.6
	2009	425	39,465	1,076.9
	2010	543	39,437	1,376.9
	2011	545	38,971	1,398.5
	2012	469	38,868	1,206.6
	Total	7,070	562,944	1,255.9
Marshall County, IL (17123)	1999	161	13,182	1,221.4
	2000	167	13,180	1,267.1
	2001	173	12,917	1,339.3
	2002	172	12,939	1,329.3
	2003	183	12,911	1,417.4
	2004	170	13,007	1,307.0
	2005	198	12,952	1,528.7
	2006	157	12,896	1,217.4
	2007	178	12,896	1,380.3
	2008	173	12,725	1,359.5
	2009	147	12,671	1,160.1
	2010	177	12,640	1,400.3
	2011	157	12,500	1,256.0
	2012	149	12,315	1,209.9
	Total	2,362	179,731	1,314.2
Mason County, IL (17125)	1999	195	16,082	1,212.5
	2000	192	16,038	1,197.2
	2001	202	15,960	1,265.7
	2002	199	15,847	1,255.8
	2003	196	15,717	1,247.1
	2004	178	15,671	1,135.9
	2005	203	15,471	1,312.1
	2006	200	15,153	1,319.9
	2007	175	15,078	1,160.6
	2008	198	14,962	1,323.4
	2009	178	14,787	1,203.8
	2010	202	14,666	1,377.3
	2011	201	14,490	1,387.2
	2012	186	14,372	1,294.2
	Total	2,705	214,294	1,262.3
Massac County, IL (17127)	1999	244	15,258	1,599.2
	2000	232	15,161	1,530.2
	2001	215	15,077	1,426.0
	2002	227	15,206	1,492.8
	2003	193	15,205	1,269.3
	2004	187	15,444	1,210.8
	2005	202	15,477	1,305.2
	2006	193	15,397	1,253.5
	2007	194	15,471	1,254.0
	2008	204	15,408	1,324.0
	2009	192	15,435	1,243.9
	2010	216	15,429	1,400.0
	2011	217	15,325	1,416.0
	2012	215	15,174	1,416.9
	Total	2,931	214,467	1,366.6
Menard County, IL (17129)	1999	115	12,390	928.2
	2000	130	12,486	1,041.2
	2001	134	12,503	1,071.7
	2002	128	12,525	1,022.0
	2003	123	12,562	979.1
	2004	133	12,641	1,052.1
	2005	133	12,556	1,059.3
	2006	118	12,570	938.7
	2007	105	12,746	823.8
	2008	128	12,780	1,001.6
	2009	132	12,720	1,037.7
	2010	122	12,705	960.3
	2011	107	12,713	841.7
	2012	140	12,704	1,102.0
	Total	1,748	176,601	989.8
Mercer County, IL (17131)	1999	176	16,948	1,038.5
	2000	209	16,957	1,232.5
	2001	171	16,910	1,011.2
	2002	164	16,914	969.6
	2003	180	16,829	1,069.6
	2004	147	16,795	875.3
	2005	178	16,694	1,066.3
	2006	190	16,642	1,141.7
	2007	155	16,598	933.8
	2008	148	16,650	888.9
	2009	173	16,438	1,052.4
	2010	160	16,434	973.6
	2011	162	16,362	990.1
	2012	200	16,223	1,232.8
	Total	2,413	233,394	1,033.9
Monroe County, IL (17133)	1999	228	27,247	836.8
	2000	245	27,619	887.1
	2001	230	28,302	812.7
	2002	257	29,070	884.1
	2003	254	29,771	853.2
	2004	246	30,422	808.6
	2005	259	31,007	835.3
	2006	279	31,644	881.7
	2007	241	32,139	749.9
	2008	300	32,533	922.1
	2009	262	32,848	797.6
	2010	254	32,957	770.7
	2011	284	33,245	854.3
	2012	252	33,310	756.5
	Total	3,591	432,114	831.0
Montgomery County, IL (17135)	1999	409	30,748	1,330.2
	2000	387	30,652	1,262.6
	2001	347	30,516	1,137.1
	2002	381	30,550	1,247.1
	2003	339	30,355	1,116.8
	2004	343	30,394	1,128.5
	2005	369	30,288	1,218.3
	2006	343	30,378	1,129.1
	2007	317	30,295	1,046.4
	2008	392	30,276	1,294.8
	2009	375	30,124	1,244.9
	2010	351	30,104	1,166.0
	2011	335	29,826	1,123.2
	2012	340	29,688	1,145.2
	Total	5,028	424,194	1,185.3
Morgan County, IL (17137)	1999	406	36,546	1,110.9
	2000	414	36,616	1,130.7
	2001	400	36,403	1,098.8
	2002	431	36,262	1,188.6
	2003	413	36,241	1,139.6
	2004	383	36,332	1,054.2
	2005	391	36,101	1,083.1
	2006	406	35,966	1,128.8
	2007	385	35,936	1,071.3
	2008	442	35,761	1,236.0
	2009	361	35,602	1,014.0
	2010	337	35,547	948.0
	2011	412	35,589	1,157.7
	2012	404	35,309	1,144.2
	Total	5,585	504,211	1,107.7
Moultrie County, IL (17139)	1999	220	14,198	1,549.5
	2000	191	14,287	1,336.9
	2001	194	14,324	1,354.4
	2002	198	14,362	1,378.6
	2003	205	14,432	1,420.5
	2004	195	14,521	1,342.9
	2005	207	14,587	1,419.1
	2006	177	14,565	1,215.2
	2007	163	14,666	1,111.4
	2008	200	14,743	1,356.6
	2009	158	14,787	1,068.5
	2010	203	14,846	1,367.4
	2011	194	14,893	1,302.6
	2012	183	14,946	1,224.4
	Total	2,688	204,157	1,316.6
Ogle County, IL (17141)	1999	465	50,751	916.2
	2000	453	51,032	887.7
	2001	445	51,468	864.6
	2002	487	51,758	940.9
	2003	467	52,227	894.2
	2004	466	52,536	887.0
	2005	489	52,893	924.5
	2006	478	53,358	895.8
	2007	446	53,634	831.6
	2008	444	53,802	825.2
	2009	452	53,621	843.0
	2010	467	53,497	872.9
	2011	453	53,153	852.3
	2012	482	52,850	912.0
	Total	6,494	736,580	881.6
Peoria County, IL (17143)	1999	1,842	184,042	1,000.9
	2000	1,738	183,433	947.5
	2001	1,746	182,348	957.5
	2002	1,806	182,685	988.6
	2003	1,810	182,338	992.7
	2004	1,777	182,613	973.1
	2005	1,785	182,868	976.1
	2006	1,722	183,446	938.7
	2007	1,771	184,048	962.2
	2008	1,757	184,803	950.7
	2009	1,702	186,930	910.5
	2010	1,723	186,494	923.9
	2011	1,744	186,706	934.1
	2012	1,782	187,255	951.6
	Total	24,705	2,580,009	957.6
Perry County, IL (17145)	1999	232	23,222	999.1
	2000	250	23,094	1,082.5
	2001	277	23,006	1,204.0
	2002	295	22,708	1,299.1
	2003	260	22,631	1,148.9
	2004	265	22,630	1,171.0
	2005	243	22,608	1,074.8
	2006	218	22,692	960.7
	2007	239	22,596	1,057.7
	2008	269	22,434	1,199.1
	2009	227	22,374	1,014.6
	2010	251	22,350	1,123.0
	2011	232	22,240	1,043.2
	2012	229	22,078	1,037.2
	Total	3,487	316,663	1,101.2
Piatt County, IL (17147)	1999	162	16,388	988.5
	2000	149	16,365	910.5
	2001	147	16,357	898.7
	2002	159	16,216	980.5
	2003	147	16,375	897.7
	2004	139	16,463	844.3
	2005	155	16,649	931.0
	2006	176	16,682	1,055.0
	2007	145	16,664	870.1
	2008	166	16,716	993.1
	2009	161	16,774	959.8
	2010	145	16,729	866.8
	2011	172	16,670	1,031.8
	2012	168	16,511	1,017.5
	Total	2,191	231,559	946.2
Pike County, IL (17149)	1999	235	17,490	1,343.6
	2000	229	17,384	1,317.3
	2001	221	17,178	1,286.5
	2002	238	17,031	1,397.5
	2003	203	16,866	1,203.6
	2004	214	16,910	1,265.5
	2005	224	16,862	1,328.4
	2006	195	16,632	1,172.4
	2007	187	16,772	1,115.0
	2008	212	16,615	1,276.0
	2009	201	16,473	1,220.2
	2010	199	16,430	1,211.2
	2011	219	16,384	1,336.7
	2012	184	16,276	1,130.5
	Total	2,961	235,303	1,258.4
Pope County, IL (17151)	1999	38	4,366	870.4
	2000	64	4,413	1,450.3
	2001	43	4,376	982.6
	2002	50	4,334	1,153.7
	2003	34	4,393	774.0
	2004	51	4,424	1,152.8
	2005	56	4,346	1,288.5
	2006	47	4,397	1,068.9
	2007	64	4,439	1,441.8
	2008	59	4,393	1,343.0
	2009	31	4,431	699.6
	2010	58	4,470	1,297.5
	2011	63	4,442	1,418.3
	2012	50	4,271	1,170.7
	Total	708	61,495	1,151.3
Pulaski County, IL (17153)	1999	111	7,406	1,498.8
	2000	105	7,348	1,429.0
	2001	106	7,118	1,489.2
	2002	91	7,001	1,299.8
	2003	90	6,859	1,312.1
	2004	90	6,733	1,336.7
	2005	92	6,575	1,399.2
	2006	85	6,434	1,321.1
	2007	102	6,359	1,604.0
	2008	81	6,198	1,306.9
	2009	70	6,164	1,135.6
	2010	86	6,161	1,395.9
	2011	85	6,003	1,416.0
	2012	92	5,960	1,543.6
	Total	1,286	92,319	1,393.0
Putnam County, IL (17155)	1999	63	6,080	1,036.2
	2000	52	6,086	854.4
	2001	53	6,052	875.7
	2002	53	6,061	874.4
	2003	58	6,074	954.9
	2004	53	6,015	881.1
	2005	65	5,977	1,087.5
	2006	48	5,931	809.3
	2007	69	5,987	1,152.5
	2008	56	5,989	935.0
	2009	63	5,997	1,050.5
	2010	48	6,006	799.2
	2011	52	5,966	871.6
	2012	60	5,876	1,021.1
	Total	793	84,097	943.0
Randolph County, IL (17157)	1999	378	33,899	1,115.1
	2000	372	33,893	1,097.6
	2001	418	34,127	1,224.8
	2002	397	33,512	1,184.7
	2003	383	33,410	1,146.4
	2004	407	33,714	1,207.2
	2005	387	33,588	1,152.2
	2006	335	33,688	994.4
	2007	345	33,598	1,026.8
	2008	373	33,584	1,110.6
	2009	391	33,528	1,166.2
	2010	333	33,476	994.7
	2011	389	33,265	1,169.4
	2012	351	32,956	1,065.1
	Total	5,259	470,238	1,118.4
Richland County, IL (17159)	1999	196	16,212	1,209.0
	2000	192	16,149	1,188.9
	2001	169	16,162	1,045.7
	2002	211	16,326	1,292.4
	2003	201	16,305	1,232.8
	2004	209	16,270	1,284.6
	2005	216	16,258	1,328.6
	2006	208	16,171	1,286.3
	2007	182	16,153	1,126.7
	2008	212	16,061	1,320.0
	2009	182	16,229	1,121.4
	2010	197	16,233	1,213.6
	2011	183	16,234	1,127.3
	2012	181	16,214	1,116.3
	Total	2,739	226,977	1,206.7
Rock Island County, IL (17161)	1999	1,578	149,961	1,052.3
	2000	1,538	149,374	1,029.6
	2001	1,425	148,734	958.1
	2002	1,528	148,286	1,030.4
	2003	1,465	147,384	994.0
	2004	1,399	147,291	949.8
	2005	1,443	147,067	981.2
	2006	1,402	147,131	952.9
	2007	1,452	147,918	981.6
	2008	1,586	147,501	1,075.2
	2009	1,417	147,552	960.3
	2010	1,444	147,546	978.7
	2011	1,593	147,418	1,080.6
	2012	1,548	147,514	1,049.4
	Total	20,818	2,070,677	1,005.4
St. Clair County, IL (17163)	1999	2,612	256,201	1,019.5
	2000	2,565	256,082	1,001.6
	2001	2,560	256,540	997.9
	2002	2,638	257,952	1,022.7
	2003	2,628	258,448	1,016.8
	2004	2,540	260,214	976.1
	2005	2,594	261,255	992.9
	2006	2,478	263,445	940.6
	2007	2,535	264,764	957.5
	2008	2,481	266,518	930.9
	2009	2,476	268,489	922.2
	2010	2,365	270,056	875.7
	2011	2,464	270,118	912.2
	2012	2,501	268,714	930.7
	Total	35,437	3,678,796	963.3
Saline County, IL (17165)	1999	425	26,878	1,581.2
	2000	417	26,733	1,559.9
	2001	417	26,249	1,588.6
	2002	432	26,060	1,657.7
	2003	406	25,832	1,571.7
	2004	380	25,763	1,475.0
	2005	383	25,526	1,500.4
	2006	369	25,482	1,448.1
	2007	392	25,390	1,543.9
	2008	380	25,140	1,511.5
	2009	337	24,911	1,352.8
	2010	379	24,913	1,521.3
	2011	331	24,959	1,326.2
	2012	333	25,007	1,331.6
	Total	5,381	358,843	1,499.5
Sangamon County, IL (17167)	1999	1,800	188,957	952.6
	2000	1,791	188,951	947.9
	2001	1,817	189,924	956.7
	2002	1,794	190,756	940.5
	2003	1,819	191,339	950.7
	2004	1,814	191,885	945.4
	2005	1,870	192,432	971.8
	2006	1,810	193,317	936.3
	2007	1,770	194,025	912.3
	2008	1,784	195,094	914.4
	2009	1,929	196,180	983.3
	2010	1,771	197,465	896.9
	2011	1,766	198,914	887.8
	2012	1,885	199,269	946.0
	Total	25,420	2,708,508	938.5
Schuyler County, IL (17169)	1999	91	7,248	1,255.5
	2000	94	7,189	1,307.6
	2001	99	7,123	1,389.9
	2002	98	7,175	1,365.9
	2003	104	7,236	1,437.3
	2004	76	7,374	1,030.6
	2005	75	7,508	998.9
	2006	80	7,513	1,064.8
	2007	79	7,545	1,047.1
	2008	80	7,543	1,060.6
	2009	85	7,489	1,135.0
	2010	79	7,544	1,047.2
	2011	100	7,481	1,336.7
	2012	79	7,490	1,054.7
	Total	1,219	103,458	1,178.3
Scott County, IL (17171)	1999	58	5,515	1,051.7
	2000	68	5,537	1,228.1
	2001	69	5,541	1,245.3
	2002	61	5,505	1,108.1
	2003	60	5,507	1,089.5
	2004	52	5,467	951.2
	2005	61	5,457	1,117.8
	2006	56	5,392	1,038.6
	2007	58	5,388	1,076.5
	2008	52	5,373	967.8
	2009	50	5,373	930.6
	2010	60	5,355	1,120.4
	2011	62	5,229	1,185.7
	2012	59	5,282	1,117.0
	Total	826	75,921	1,088.0
Shelby County, IL (17173)	1999	227	22,973	988.1
	2000	247	22,893	1,078.9
	2001	266	22,702	1,171.7
	2002	254	22,656	1,121.1
	2003	256	22,625	1,131.5
	2004	240	22,484	1,067.4
	2005	233	22,445	1,038.1
	2006	230	22,379	1,027.7
	2007	228	22,314	1,021.8
	2008	264	22,398	1,178.7
	2009	249	22,386	1,112.3
	2010	235	22,363	1,050.8
	2011	231	22,277	1,036.9
	2012	228	22,205	1,026.8
	Total	3,388	315,100	1,075.2
Stark County, IL (17175)	1999	89	6,368	1,397.6
	2000	86	6,332	1,358.2
	2001	100	6,308	1,585.3
	2002	88	6,268	1,404.0
	2003	83	6,196	1,339.6
	2004	74	6,172	1,199.0
	2005	77	6,136	1,254.9
	2006	89	6,156	1,445.7
	2007	73	6,143	1,188.3
	2008	57	6,109	933.0
	2009	84	6,043	1,390.0
	2010	82	5,994	1,368.0
	2011	82	5,846	1,402.7
	2012	88	5,948	1,479.5
	Total	1,152	86,019	1,339.2
Stephenson County, IL (17177)	1999	541	49,194	1,099.7
	2000	508	48,979	1,037.2
	2001	536	48,625	1,102.3
	2002	556	48,367	1,149.5
	2003	467	48,503	962.8
	2004	562	48,479	1,159.3
	2005	573	48,105	1,191.1
	2006	492	47,917	1,026.8
	2007	499	47,794	1,044.1
	2008	524	47,805	1,096.1
	2009	538	47,792	1,125.7
	2010	519	47,711	1,087.8
	2011	503	47,410	1,061.0
	2012	534	46,943	1,137.5
	Total	7,352	673,624	1,091.4
Tazewell County, IL (17179)	1999	1,181	128,540	918.8
	2000	1,288	128,485	1,002.5
	2001	1,200	128,468	934.1
	2002	1,329	128,722	1,032.5
	2003	1,275	128,770	990.1
	2004	1,271	129,656	980.3
	2005	1,346	130,784	1,029.2
	2006	1,269	131,804	962.8
	2007	1,333	133,131	1,001.3
	2008	1,354	133,893	1,011.3
	2009	1,331	135,054	985.5
	2010	1,354	135,394	1,000.0
	2011	1,409	135,759	1,037.9
	2012	1,319	136,122	969.0
	Total	18,259	1,844,582	989.9
Union County, IL (17181)	1999	250	18,353	1,362.2
	2000	263	18,293	1,437.7
	2001	283	18,116	1,562.2
	2002	278	18,092	1,536.6
	2003	240	18,116	1,324.8
	2004	222	18,048	1,230.1
	2005	226	18,071	1,250.6
	2006	209	18,082	1,155.8
	2007	217	18,066	1,201.2
	2008	224	17,965	1,246.9
	2009	219	17,909	1,222.8
	2010	196	17,808	1,100.6
	2011	223	17,711	1,259.1
	2012	231	17,649	1,308.9
	Total	3,281	252,279	1,300.5
Vermilion County, IL (17183)	1999	995	84,276	1,180.6
	2000	939	83,919	1,118.9
	2001	934	83,646	1,116.6
	2002	1,013	83,299	1,216.1
	2003	976	82,996	1,176.0
	2004	989	82,955	1,192.2
	2005	946	82,728	1,143.5
	2006	939	82,715	1,135.2
	2007	952	82,258	1,157.3
	2008	930	81,930	1,135.1
	2009	913	81,710	1,117.4
	2010	923	81,625	1,130.8
	2011	984	81,383	1,209.1
	2012	968	80,715	1,199.3
	Total	13,401	1,156,155	1,159.1
Wabash County, IL (17185)	1999	144	12,969	1,110.3
	2000	146	12,937	1,128.5
	2001	128	12,755	1,003.5
	2002	161	12,640	1,273.7
	2003	122	12,561	971.3
	2004	107	12,486	857.0
	2005	141	12,451	1,132.4
	2006	129	12,354	1,044.2
	2007	119	12,237	972.5
	2008	138	12,158	1,135.1
	2009	130	12,040	1,079.7
	2010	165	11,947	1,381.1
	2011	159	11,852	1,341.5
	2012	142	11,746	1,208.9
	Total	1,931	173,133	1,115.3
Warren County, IL (17187)	1999	231	18,870	1,224.2
	2000	220	18,735	1,174.3
	2001	191	18,471	1,034.1
	2002	197	18,388	1,071.4
	2003	204	18,227	1,119.2
	2004	203	17,894	1,134.5
	2005	199	17,874	1,113.3
	2006	225	17,839	1,261.3
	2007	194	17,828	1,088.2
	2008	212	17,665	1,200.1
	2009	190	17,689	1,074.1
	2010	168	17,707	948.8
	2011	198	17,868	1,108.1
	2012	185	17,808	1,038.9
	Total	2,817	252,863	1,114.0
Washington County, IL (17189)	1999	193	15,143	1,274.5
	2000	168	15,148	1,109.1
	2001	173	15,258	1,133.8
	2002	170	15,129	1,123.7
	2003	168	15,189	1,106.1
	2004	164	15,106	1,085.7
	2005	169	14,950	1,130.4
	2006	195	15,008	1,299.3
	2007	139	14,890	933.5
	2008	168	14,855	1,130.9
	2009	134	14,755	908.2
	2010	145	14,716	985.3
	2011	155	14,590	1,062.4
	2012	159	14,640	1,086.1
	Total	2,300	209,377	1,098.5
Wayne County, IL (17191)	1999	246	17,203	1,430.0
	2000	187	17,151	1,090.3
	2001	181	17,068	1,060.5
	2002	212	17,007	1,246.5
	2003	208	16,947	1,227.4
	2004	220	16,881	1,303.2
	2005	230	16,910	1,360.1
	2006	200	16,829	1,188.4
	2007	188	16,951	1,109.1
	2008	222	16,930	1,311.3
	2009	209	16,788	1,244.9
	2010	195	16,760	1,163.5
	2011	210	16,610	1,264.3
	2012	203	16,622	1,221.3
	Total	2,911	236,657	1,230.1
White County, IL (17193)	1999	248	15,403	1,610.1
	2000	262	15,371	1,704.5
	2001	223	15,286	1,458.9
	2002	246	15,138	1,625.0
	2003	218	15,011	1,452.3
	2004	214	15,089	1,418.3
	2005	264	15,074	1,751.4
	2006	230	14,942	1,539.3
	2007	209	14,796	1,412.5
	2008	207	14,868	1,392.3
	2009	218	14,767	1,476.3
	2010	245	14,665	1,670.6
	2011	197	14,613	1,348.1
	2012	226	14,584	1,549.6
	Total	3,207	209,607	1,530.0
Whiteside County, IL (17195)	1999	637	60,658	1,050.2
	2000	598	60,653	985.9
	2001	589	60,511	973.4
	2002	639	60,022	1,064.6
	2003	644	59,489	1,082.6
	2004	627	59,352	1,056.4
	2005	692	59,094	1,171.0
	2006	645	59,033	1,092.6
	2007	619	58,819	1,052.4
	2008	657	58,784	1,117.7
	2009	618	58,667	1,053.4
	2010	621	58,498	1,061.6
	2011	662	58,220	1,137.1
	2012	686	57,832	1,186.2
	Total	8,934	829,632	1,076.9
Will County, IL (17197)	1999	2,878	486,207	591.9
	2000	3,014	502,266	600.1
	2001	3,103	530,086	585.4
	2002	3,229	553,714	583.2
	2003	3,233	579,547	557.8
	2004	3,309	605,934	546.1
	2005	3,342	627,610	532.5
	2006	3,565	650,779	547.8
	2007	3,721	664,048	560.4
	2008	3,815	671,392	568.2
	2009	3,704	674,970	548.8
	2010	3,772	677,560	556.7
	2011	3,880	680,192	570.4
	2012	3,982	681,590	584.2
	Total	48,547	8,585,895	565.4
Williamson County, IL (17199)	1999	737	61,476	1,198.8
	2000	738	61,296	1,204.0
	2001	750	61,737	1,214.8
	2002	686	62,137	1,104.0
	2003	764	62,510	1,222.2
	2004	735	63,379	1,159.7
	2005	769	63,875	1,203.9
	2006	749	64,424	1,162.6
	2007	775	65,201	1,188.6
	2008	758	65,674	1,154.2
	2009	751	66,229	1,133.9
	2010	742	66,357	1,118.2
	2011	771	66,735	1,155.3
	2012	748	66,714	1,121.2
	Total	10,473	897,744	1,166.6
Winnebago County, IL (17201)	1999	2,527	276,752	913.1
	2000	2,481	278,418	891.1
	2001	2,463	280,009	879.6
	2002	2,543	281,162	904.5
	2003	2,464	283,230	870.0
	2004	2,504	284,337	880.6
	2005	2,603	286,178	909.6
	2006	2,431	289,405	840.0
	2007	2,410	293,991	819.8
	2008	2,659	295,726	899.1
	2009	2,580	295,612	872.8
	2010	2,624	295,266	888.7
	2011	2,690	293,651	916.1
	2012	2,721	291,844	932.3
	Total	35,700	4,025,581	886.8
Woodford County, IL (17203)	1999	348	35,449	981.7
	2000	332	35,469	936.0
	2001	339	35,559	953.3
	2002	364	35,698	1,019.7
	2003	336	36,041	932.3
	2004	353	36,514	966.8
	2005	369	37,032	996.4
	2006	326	37,385	872.0
	2007	352	37,961	927.3
	2008	345	38,452	897.2
	2009	369	38,675	954.1
	2010	348	38,664	900.1
	2011	350	38,951	898.6
	2012	375	38,965	962.4
	Total	4,906	520,815	942.0
Total		1,449,607	176,986,427	819.0
