
                        
                      	Year	
                        
                      	
                        
                      	
                        
                      
Anderson County, TX (48001)	1968	359	25,997	1,380.9
	1969	362	26,959	1,342.8
	1970	402	27,869	1,442.5
	1971	399	29,509	1,352.1
	1972	444	30,682	1,447.1
	1973	476	30,613	1,554.9
	1974	407	30,944	1,315.3
	1975	409	32,174	1,271.2
	1976	420	33,415	1,256.9
	1977	426	34,850	1,222.4
	1978	427	36,523	1,169.1
	Total	4,531	339,535	1,334.5
Andrews County, TX (48003)	1968	71	9,629	737.4
	1969	68	10,021	678.6
	1970	56	10,414	537.7
	1971	68	11,010	617.6
	1972	84	11,126	755.0
	1973	63	10,562	596.5
	1974	65	10,745	604.9
	1975	84	11,724	716.5
	1976	83	11,893	697.9
	1977	101	12,056	837.8
	1978	97	12,462	778.4
	Total	840	121,642	690.6
Angelina County, TX (48005)	1968	408	46,612	875.3
	1969	458	48,132	951.5
	1970	493	49,470	996.6
	1971	467	51,616	904.8
	1972	538	53,166	1,011.9
	1973	497	54,171	917.5
	1974	549	54,529	1,006.8
	1975	551	55,834	986.9
	1976	562	57,303	980.8
	1977	498	58,348	853.5
	1978	549	60,420	908.6
	Total	5,570	589,601	944.7
Aransas County, TX (48007)	1968	90	7,930	1,134.9
	1969	101	8,490	1,189.6
	1970	96	8,921	1,076.1
	1971	112	9,761	1,147.4
	1972	94	10,363	907.1
	1973	116	10,612	1,093.1
	1974	120	10,804	1,110.7
	1975	105	11,290	930.0
	1976	112	11,682	958.7
	1977	111	12,321	900.9
	1978	124	13,210	938.7
	Total	1,181	115,384	1,023.5
Archer County, TX (48009)	1968	46	5,843	787.3
	1969	64	5,789	1,105.5
	1970	48	5,750	834.8
	1971	48	5,701	842.0
	1972	52	5,818	893.8
	1973	57	6,067	939.5
	1974	75	6,100	1,229.5
	1975	53	6,333	836.9
	1976	48	6,384	751.9
	1977	71	6,542	1,085.3
	1978	65	6,716	967.8
	Total	627	67,043	935.2
Armstrong County, TX (48011)	1968	20	1,980	1,010.1
	1969	27	1,954	1,381.8
	1970	33	1,894	1,742.3
	1971	30	1,850	1,621.6
	1972	22	1,731	1,270.9
	1973	29	1,893	1,532.0
	1974	24	1,767	1,358.2
	1975	18	1,826	985.8 (Unreliable)
	1976	32	1,921	1,665.8
	1977	34	1,872	1,816.2
	1978	28	1,891	1,480.7
	Total	297	20,579	1,443.2
Atascosa County, TX (48013)	1968	204	18,203	1,120.7
	1969	202	18,575	1,087.5
	1970	208	18,757	1,108.9
	1971	180	19,227	936.2
	1972	244	20,023	1,218.6
	1973	174	21,092	825.0
	1974	210	21,201	990.5
	1975	183	21,647	845.4
	1976	218	22,061	988.2
	1977	201	22,730	884.3
	1978	186	23,567	789.2
	Total	2,210	227,083	973.2
Austin County, TX (48015)	1968	210	13,413	1,565.6
	1969	198	13,615	1,454.3
	1970	192	13,845	1,386.8
	1971	193	14,130	1,365.9
	1972	210	14,103	1,489.0
	1973	212	14,563	1,455.7
	1974	215	14,661	1,466.5
	1975	227	14,980	1,515.4
	1976	208	15,152	1,372.8
	1977	219	15,679	1,396.8
	1978	187	16,222	1,152.8
	Total	2,271	160,363	1,416.2
Bailey County, TX (48017)	1968	80	8,697	919.9
	1969	61	8,552	713.3
	1970	60	8,504	705.6
	1971	45	8,381	536.9
	1972	66	8,701	758.5
	1973	67	8,606	778.5
	1974	67	8,529	785.6
	1975	55	8,516	645.8
	1976	65	8,334	779.9
	1977	78	8,165	955.3
	1978	72	8,029	896.7
	Total	716	93,014	769.8
Bandera County, TX (48019)	1968	61	4,513	1,351.7
	1969	69	4,633	1,489.3
	1970	62	4,752	1,304.7
	1971	59	4,931	1,196.5
	1972	64	5,163	1,239.6
	1973	71	5,745	1,235.9
	1974	69	5,670	1,216.9
	1975	87	6,013	1,446.9
	1976	76	6,037	1,258.9
	1977	84	6,279	1,337.8
	1978	82	6,479	1,265.6
	Total	784	60,215	1,302.0
Bastrop County, TX (48021)	1968	249	15,903	1,565.7
	1969	239	16,670	1,433.7
	1970	262	17,332	1,511.7
	1971	241	18,534	1,300.3
	1972	278	19,471	1,427.8
	1973	273	20,421	1,336.9
	1974	273	20,869	1,308.2
	1975	236	21,085	1,119.3
	1976	264	21,574	1,223.7
	1977	278	22,167	1,254.1
	1978	266	22,718	1,170.9
	Total	2,859	216,744	1,319.1
Baylor County, TX (48023)	1968	79	5,247	1,505.6
	1969	70	5,231	1,338.2
	1970	69	5,227	1,320.1
	1971	64	5,182	1,235.0
	1972	70	5,128	1,365.1
	1973	87	5,149	1,689.6
	1974	75	5,037	1,489.0
	1975	79	4,951	1,595.6
	1976	85	4,872	1,744.7
	1977	90	4,828	1,864.1
	1978	59	4,699	1,255.6
	Total	827	55,551	1,488.7
Bee County, TX (48025)	1968	175	21,256	823.3
	1969	180	22,205	810.6
	1970	179	22,899	781.7
	1971	187	24,190	773.0
	1972	180	24,622	731.1
	1973	171	24,383	701.3
	1974	222	24,475	907.0
	1975	172	24,877	691.4
	1976	173	25,010	691.7
	1977	174	24,969	696.9
	1978	190	25,197	754.1
	Total	2,003	264,083	758.5
Bell County, TX (48027)	1968	852	122,021	698.2
	1969	854	123,933	689.1
	1970	866	125,609	689.4
	1971	885	129,058	685.7
	1972	948	141,259	671.1
	1973	1,000	154,622	646.7
	1974	975	157,675	618.4
	1975	936	157,691	593.6
	1976	997	161,918	615.7
	1977	953	164,412	579.6
	1978	969	167,429	578.8
	Total	10,235	1,605,627	637.4
Bexar County, TX (48029)	1968	6,063	793,653	763.9
	1969	6,080	815,630	745.4
	1970	6,133	834,082	735.3
	1971	6,267	864,667	724.8
	1972	6,466	878,404	736.1
	1973	6,894	900,222	765.8
	1974	6,549	913,216	717.1
	1975	6,296	919,531	684.7
	1976	6,341	935,453	677.9
	1977	6,535	953,800	685.2
	1978	6,714	968,507	693.2
	Total	70,338	9,777,165	719.4
Blanco County, TX (48031)	1968	53	3,298	1,607.0
	1969	53	3,450	1,536.2
	1970	70	3,604	1,942.3
	1971	52	3,772	1,378.6
	1972	50	3,586	1,394.3
	1973	68	4,171	1,630.3
	1974	59	4,114	1,434.1
	1975	65	4,342	1,497.0
	1976	62	4,332	1,431.2
	1977	78	4,377	1,782.0
	1978	53	4,438	1,194.2
	Total	663	43,484	1,524.7
Borden County, TX (48033)	1968	6	844	710.9 (Unreliable)
	1969	4	863	463.5 (Unreliable)
	1970	4	880	454.5 (Unreliable)
	1971	6	902	665.2 (Unreliable)
	1973	5	831	601.7 (Unreliable)
	1974	4	825	484.8 (Unreliable)
	1975	6	802	748.1 (Unreliable)
	1976	4	781	512.2 (Unreliable)
	1977	7	767	912.6 (Unreliable)
	1978	1	875	114.3 (Unreliable)
	Total	47	9,190	511.4
Bosque County, TX (48035)	1968	179	10,298	1,738.2
	1969	190	10,672	1,780.4
	1970	196	10,974	1,786.0
	1971	207	11,535	1,794.5
	1972	220	11,817	1,861.7
	1973	203	11,915	1,703.7
	1974	187	12,042	1,552.9
	1975	192	12,170	1,577.6
	1976	168	12,548	1,338.9
	1977	187	12,671	1,475.8
	1978	198	12,986	1,524.7
	Total	2,127	129,628	1,640.8
Bowie County, TX (48037)	1968	793	69,608	1,139.2
	1969	688	69,216	994.0
	1970	716	69,006	1,037.6
	1971	636	68,656	926.4
	1972	736	68,691	1,071.5
	1973	805	68,152	1,181.2
	1974	680	69,090	984.2
	1975	716	71,381	1,003.1
	1976	760	72,360	1,050.3
	1977	647	73,186	884.0
	1978	786	73,763	1,065.6
	Total	7,963	773,109	1,030.0
Brazoria County, TX (48039)	1968	638	102,956	619.7
	1969	623	105,901	588.3
	1970	632	108,412	583.0
	1971	667	112,429	593.3
	1972	764	115,015	664.3
	1973	757	118,456	639.1
	1974	722	123,592	584.2
	1975	770	130,023	592.2
	1976	789	136,296	578.9
	1977	767	143,246	535.4
	1978	862	152,430	565.5
	Total	7,991	1,348,756	592.5
Brazos County, TX (48041)	1968	380	56,055	677.9
	1969	393	57,265	686.3
	1970	421	58,223	723.1
	1971	382	60,149	635.1
	1972	420	64,297	653.2
	1973	465	69,141	672.5
	1974	411	73,875	556.3
	1975	422	72,917	578.7
	1976	439	76,552	573.5
	1977	436	79,877	545.8
	1978	509	86,264	590.0
	Total	4,678	754,615	619.9
Brewster County, TX (48043)	1968	66	7,939	831.3
	1969	69	7,863	877.5
	1970	53	7,800	679.5
	1971	66	7,759	850.6
	1972	70	8,349	838.4
	1973	53	7,908	670.2
	1974	51	7,912	644.6
	1975	51	7,793	654.4
	1976	67	7,735	866.2
	1977	71	7,244	980.1
	1978	59	7,444	792.6
	Total	676	85,746	788.4
Briscoe County, TX (48045)	1968	35	3,177	1,101.7
	1969	36	2,953	1,219.1
	1970	33	2,797	1,179.8
	1971	32	2,576	1,242.2
	1972	32	2,532	1,263.8
	1973	35	2,620	1,335.9
	1974	36	2,580	1,395.3
	1975	31	2,659	1,165.9
	1976	37	2,631	1,406.3
	1977	25	2,582	968.2
	1978	19	2,579	736.7 (Unreliable)
	Total	351	29,686	1,182.4
Brooks County, TX (48047)	1968	76	7,596	1,000.5
	1969	72	7,829	919.7
	1970	77	8,014	960.8
	1971	58	8,398	690.6
	1972	84	8,487	989.7
	1973	59	8,219	717.8
	1974	49	8,135	602.3
	1975	76	8,265	919.5
	1976	77	8,356	921.5
	1977	70	8,290	844.4
	1978	72	8,188	879.3
	Total	770	89,777	857.7
Brown County, TX (48049)	1968	382	23,944	1,595.4
	1969	364	25,040	1,453.7
	1970	372	25,940	1,434.1
	1971	418	27,596	1,514.7
	1972	378	28,151	1,342.8
	1973	420	28,133	1,492.9
	1974	339	29,117	1,164.3
	1975	363	30,323	1,197.1
	1976	390	31,139	1,252.4
	1977	358	31,197	1,147.5
	1978	379	31,510	1,202.8
	Total	4,163	312,090	1,333.9
Burleson County, TX (48051)	1968	142	9,640	1,473.0
	1969	166	9,841	1,686.8
	1970	130	10,006	1,299.2
	1971	147	10,317	1,424.8
	1972	176	10,917	1,612.2
	1973	149	11,041	1,349.5
	1974	143	11,080	1,290.6
	1975	146	11,112	1,313.9
	1976	165	11,192	1,474.3
	1977	132	11,378	1,160.1
	1978	150	11,456	1,309.4
	Total	1,646	117,980	1,395.2
Burnet County, TX (48053)	1968	161	10,416	1,545.7
	1969	170	10,953	1,552.1
	1970	168	11,461	1,465.8
	1971	160	12,261	1,305.0
	1972	202	13,521	1,494.0
	1973	182	14,636	1,243.5
	1974	181	15,044	1,203.1
	1975	189	15,193	1,244.0
	1976	162	15,336	1,056.3
	1977	224	16,008	1,399.3
	1978	212	16,488	1,285.8
	Total	2,011	151,317	1,329.0
Caldwell County, TX (48055)	1968	221	20,827	1,061.1
	1969	218	21,013	1,037.5
	1970	219	21,197	1,033.2
	1971	213	21,519	989.8
	1972	232	21,458	1,081.2
	1973	210	22,201	945.9
	1974	232	22,116	1,049.0
	1975	202	22,084	914.7
	1976	210	22,353	939.5
	1977	232	22,512	1,030.6
	1978	251	22,821	1,099.9
	Total	2,440	240,101	1,016.2
Calhoun County, TX (48057)	1968	118	17,837	661.5
	1969	108	17,832	605.7
	1970	113	17,845	633.2
	1971	110	17,942	613.1
	1972	144	18,196	791.4
	1973	134	18,085	740.9
	1974	113	17,810	634.5
	1975	127	18,399	690.3
	1976	140	18,427	759.8
	1977	127	18,796	675.7
	1978	123	18,916	650.2
	Total	1,357	200,085	678.2
Callahan County, TX (48059)	1968	141	7,983	1,766.3
	1969	119	8,081	1,472.6
	1970	124	8,218	1,508.9
	1971	130	8,418	1,544.3
	1972	136	8,721	1,559.5
	1973	118	8,997	1,311.5
	1974	119	8,940	1,331.1
	1975	128	9,314	1,374.3
	1976	124	9,728	1,274.7
	1977	129	9,959	1,295.3
	1978	144	10,432	1,380.4
	Total	1,412	98,791	1,429.3
Cameron County, TX (48061)	1968	1,000	132,974	752.0
	1969	1,037	138,371	749.4
	1970	1,088	141,386	769.5
	1971	1,063	148,685	714.9
	1972	1,194	158,339	754.1
	1973	1,237	167,747	737.4
	1974	1,176	173,018	679.7
	1975	1,171	183,665	637.6
	1976	1,296	190,388	680.7
	1977	1,226	195,582	626.8
	1978	1,187	199,609	594.7
	Total	12,675	1,829,764	692.7
Camp County, TX (48063)	1968	131	7,917	1,654.7
	1969	100	7,957	1,256.8
	1970	119	8,009	1,485.8
	1971	109	8,086	1,348.0
	1972	134	8,167	1,640.7
	1973	112	8,139	1,376.1
	1974	125	8,065	1,549.9
	1975	110	8,166	1,347.0
	1976	144	8,339	1,726.8
	1977	121	8,535	1,417.7
	1978	131	8,832	1,483.2
	Total	1,336	90,212	1,481.0
Carson County, TX (48065)	1968	69	6,497	1,062.0
	1969	84	6,410	1,310.5
	1970	72	6,372	1,129.9
	1971	58	6,273	924.6
	1972	78	6,240	1,250.0
	1973	63	6,154	1,023.7
	1974	64	5,979	1,070.4
	1975	70	6,182	1,132.3
	1976	45	6,298	714.5
	1977	56	6,363	880.1
	1978	47	6,473	726.1
	Total	706	69,241	1,019.6
Cass County, TX (48067)	1968	296	24,284	1,218.9
	1969	300	24,151	1,242.2
	1970	306	24,158	1,266.7
	1971	274	24,123	1,135.8
	1972	310	24,840	1,248.0
	1973	309	25,947	1,190.9
	1974	323	26,435	1,221.9
	1975	291	26,880	1,082.6
	1976	294	27,168	1,082.2
	1977	290	27,609	1,050.4
	1978	363	28,248	1,285.0
	Total	3,356	283,843	1,182.3
Castro County, TX (48069)	1968	53	10,284	515.4
	1969	68	10,312	659.4
	1970	78	10,383	751.2
	1971	60	10,488	572.1
	1972	56	10,169	550.7
	1973	70	9,984	701.1
	1974	61	10,017	609.0
	1975	62	10,358	598.6
	1976	68	10,518	646.5
	1977	49	10,538	465.0
	1978	57	10,491	543.3
	Total	682	113,542	600.7
Chambers County, TX (48071)	1968	100	11,741	851.7
	1969	112	11,997	933.6
	1970	108	12,186	886.3
	1971	100	12,562	796.1
	1972	132	13,150	1,003.8
	1973	111	13,164	843.2
	1974	112	13,561	825.9
	1975	118	14,397	819.6
	1976	110	14,724	747.1
	1977	120	15,645	767.0
	1978	131	16,634	787.5
	Total	1,254	149,761	837.3
Cherokee County, TX (48073)	1968	404	30,052	1,344.3
	1969	437	31,087	1,405.7
	1970	424	32,136	1,319.4
	1971	422	33,747	1,250.5
	1972	430	34,724	1,238.3
	1973	485	34,986	1,386.3
	1974	430	35,401	1,214.7
	1975	452	35,175	1,285.0
	1976	421	35,043	1,201.4
	1977	435	35,179	1,236.5
	1978	469	35,656	1,315.3
	Total	4,809	373,186	1,288.6
Childress County, TX (48075)	1968	119	6,932	1,716.7
	1969	119	6,752	1,762.4
	1970	91	6,627	1,373.2
	1971	101	6,425	1,572.0
	1972	102	6,531	1,561.8
	1973	97	6,437	1,506.9
	1974	105	6,364	1,649.9
	1975	87	6,613	1,315.6
	1976	103	6,602	1,560.1
	1977	86	6,600	1,303.0
	1978	102	6,631	1,538.2
	Total	1,112	72,514	1,533.5
Clay County, TX (48077)	1968	90	7,529	1,195.4
	1969	99	7,828	1,264.7
	1970	92	8,072	1,139.7
	1971	93	8,494	1,094.9
	1972	112	8,672	1,291.5
	1973	104	7,232	1,438.1
	1974	101	8,372	1,206.4
	1975	110	8,391	1,310.9
	1976	93	8,385	1,109.1
	1977	112	8,700	1,287.4
	1978	87	8,874	980.4
	Total	1,093	90,549	1,207.1
Cochran County, TX (48079)	1968	46	5,047	911.4
	1969	37	5,179	714.4
	1970	44	5,342	823.7
	1971	46	5,575	825.1
	1972	42	5,557	755.8
	1973	39	5,189	751.6
	1974	30	4,995	600.6
	1975	42	5,039	833.5
	1976	50	5,071	986.0
	1977	46	4,918	935.3
	1978	21	4,870	431.2
	Total	443	56,782	780.2
Coke County, TX (48081)	1968	46	3,008	1,529.3
	1969	30	3,058	981.0
	1970	45	3,098	1,452.6
	1971	44	3,137	1,402.6
	1972	44	3,217	1,367.7
	1973	42	3,152	1,332.5
	1974	38	3,134	1,212.5
	1975	60	3,236	1,854.1
	1976	37	3,211	1,152.3
	1977	44	3,161	1,392.0
	1978	52	3,193	1,628.6
	Total	482	34,605	1,392.9
Coleman County, TX (48083)	1968	200	10,342	1,933.9
	1969	207	10,309	2,008.0
	1970	195	10,279	1,897.1
	1971	182	10,262	1,773.5
	1972	208	10,215	2,036.2
	1973	191	9,925	1,924.4
	1974	183	10,278	1,780.5
	1975	168	10,404	1,614.8
	1976	175	10,412	1,680.8
	1977	172	10,490	1,639.7
	1978	185	10,515	1,759.4
	Total	2,066	113,431	1,821.4
Collin County, TX (48085)	1968	563	62,814	896.3
	1969	604	65,151	927.1
	1970	575	67,010	858.1
	1971	601	70,209	856.0
	1972	614	75,617	812.0
	1973	672	86,094	780.5
	1974	565	94,599	597.3
	1975	588	99,034	593.7
	1976	608	104,772	580.3
	1977	628	113,532	553.1
	1978	737	124,830	590.4
	Total	6,755	963,662	701.0
Collingsworth County, TX (48087)	1968	73	5,102	1,430.8
	1969	75	4,918	1,525.0
	1970	79	4,762	1,659.0
	1971	54	4,559	1,184.5
	1972	64	4,437	1,442.4
	1973	69	4,498	1,534.0
	1974	84	4,587	1,831.3
	1975	71	4,640	1,530.2
	1976	71	4,626	1,534.8
	1977	74	4,670	1,584.6
	1978	54	4,613	1,170.6
	Total	768	51,412	1,493.8
Colorado County, TX (48089)	1968	221	18,471	1,196.5
	1969	217	17,992	1,206.1
	1970	229	17,637	1,298.4
	1971	235	17,094	1,374.8
	1972	216	17,076	1,264.9
	1973	234	17,145	1,364.8
	1974	216	17,402	1,241.2
	1975	238	17,170	1,386.1
	1976	227	17,293	1,312.7
	1977	193	17,400	1,109.2
	1978	241	17,659	1,364.7
	Total	2,467	192,339	1,282.6
Comal County, TX (48091)	1968	197	22,344	881.7
	1969	228	23,441	972.7
	1970	249	24,234	1,027.5
	1971	255	25,724	991.3
	1972	284	27,598	1,029.1
	1973	259	28,788	899.7
	1974	248	29,187	849.7
	1975	296	30,138	982.1
	1976	315	31,103	1,012.8
	1977	295	32,633	904.0
	1978	302	33,818	893.0
	Total	2,928	309,008	947.5
Comanche County, TX (48093)	1968	219	11,916	1,837.9
	1969	201	11,910	1,687.7
	1970	177	11,900	1,487.4
	1971	192	11,932	1,609.1
	1972	178	12,032	1,479.4
	1973	182	11,882	1,531.7
	1974	184	12,141	1,515.5
	1975	181	12,151	1,489.6
	1976	195	12,248	1,592.1
	1977	192	12,231	1,569.8
	1978	200	12,290	1,627.3
	Total	2,101	132,633	1,584.1
Concho County, TX (48095)	1968	25	2,728	916.4
	1969	42	2,835	1,481.5
	1970	50	2,935	1,703.6
	1971	52	3,114	1,669.9
	1972	52	3,058	1,700.5
	1973	48	2,891	1,660.3
	1974	33	2,795	1,180.7
	1975	47	2,852	1,648.0
	1976	45	2,811	1,600.9
	1977	42	2,815	1,492.0
	1978	33	2,833	1,164.8
	Total	469	31,667	1,481.0
Cooke County, TX (48097)	1968	288	22,858	1,260.0
	1969	297	23,212	1,279.5
	1970	240	23,482	1,022.1
	1971	266	23,958	1,110.3
	1972	286	24,113	1,186.1
	1973	299	24,499	1,220.5
	1974	275	25,281	1,087.8
	1975	270	25,686	1,051.2
	1976	284	25,691	1,105.4
	1977	242	25,579	946.1
	1978	299	25,746	1,161.3
	Total	3,046	270,105	1,127.7
Coryell County, TX (48099)	1968	202	34,160	591.3
	1969	212	34,907	607.3
	1970	236	35,543	664.0
	1971	226	37,170	608.0
	1972	252	42,526	592.6
	1973	238	50,379	472.4
	1974	234	52,408	446.5
	1975	222	51,658	429.7
	1976	235	56,641	414.9
	1977	240	57,025	420.9
	1978	242	58,019	417.1
	Total	2,539	510,436	497.4
Cottle County, TX (48101)	1968	46	3,502	1,313.5
	1969	56	3,329	1,682.2
	1970	57	3,203	1,779.6
	1971	46	3,008	1,529.3
	1972	44	2,906	1,514.1
	1973	32	2,996	1,068.1
	1974	34	2,956	1,150.2
	1975	39	2,983	1,307.4
	1976	39	2,970	1,313.1
	1977	31	2,976	1,041.7
	1978	38	2,983	1,273.9
	Total	462	33,812	1,366.4
Crane County, TX (48103)	1968	28	4,167	671.9
	1969	39	4,170	935.3
	1970	34	4,175	814.4
	1971	28	4,196	667.3
	1972	38	4,108	925.0
	1973	49	4,133	1,185.6
	1974	47	4,010	1,172.1
	1975	40	4,250	941.2
	1976	24	4,326	554.8
	1977	40	4,418	905.4
	1978	42	4,438	946.4
	Total	409	46,391	881.6
Crockett County, TX (48105)	1968	29	3,468	836.2
	1969	28	3,686	759.6
	1970	41	3,901	1,051.0
	1971	37	4,225	875.7
	1972	42	4,327	970.6
	1973	33	4,032	818.5
	1974	32	4,035	793.1
	1975	26	4,339	599.2
	1976	32	4,225	757.4
	1977	29	4,307	673.3
	1978	40	4,577	873.9
	Total	369	45,122	817.8
Crosby County, TX (48107)	1968	89	9,056	982.8
	1969	85	9,047	939.5
	1970	81	9,089	891.2
	1971	96	9,153	1,048.8
	1972	96	9,073	1,058.1
	1973	89	8,979	991.2
	1974	88	9,009	976.8
	1975	81	9,073	892.8
	1976	76	8,857	858.1
	1977	91	8,846	1,028.7
	1978	93	8,844	1,051.6
	Total	965	99,026	974.5
Culberson County, TX (48109)	1968	17	3,516	483.5 (Unreliable)
	1969	19	3,476	546.6 (Unreliable)
	1970	25	3,430	728.9
	1971	23	3,384	679.7
	1972	34	3,473	979.0
	1973	23	3,310	694.9
	1974	22	3,407	645.7
	1975	19	3,416	556.2 (Unreliable)
	1976	20	3,476	575.4
	1977	25	3,410	733.1
	1978	18	3,468	519.0 (Unreliable)
	Total	245	37,766	648.7
Dallam County, TX (48111)	1968	50	6,209	805.3
	1969	66	6,085	1,084.6
	1970	59	6,018	980.4
	1971	57	5,936	960.2
	1972	62	6,248	992.3
	1973	48	6,306	761.2
	1974	60	6,268	957.2
	1975	66	6,389	1,033.0
	1976	78	6,539	1,192.8
	1977	66	6,583	1,002.6
	1978	66	6,578	1,003.3
	Total	678	69,159	980.3
Dallas County, TX (48113)	1968	9,454	1,300,046	727.2
	1969	9,653	1,316,725	733.1
	1970	9,519	1,331,377	715.0
	1971	9,597	1,353,367	709.1
	1972	9,976	1,353,266	737.2
	1973	10,056	1,370,359	733.8
	1974	9,910	1,398,179	708.8
	1975	9,765	1,427,202	684.2
	1976	9,669	1,459,709	662.4
	1977	9,976	1,478,268	674.8
	1978	10,426	1,499,419	695.3
	Total	108,001	15,287,917	706.4
Dawson County, TX (48115)	1968	155	16,857	919.5
	1969	169	16,745	1,009.3
	1970	168	16,648	1,009.1
	1971	188	16,556	1,135.5
	1972	156	16,883	924.0
	1973	147	16,503	890.7
	1974	170	16,574	1,025.7
	1975	155	16,447	942.4
	1976	160	16,575	965.3
	1977	175	16,718	1,046.8
	1978	142	16,590	855.9
	Total	1,785	183,096	974.9
Deaf Smith County, TX (48117)	1968	108	19,123	564.8
	1969	118	19,095	618.0
	1970	143	19,093	749.0
	1971	133	19,033	698.8
	1972	96	18,774	511.3
	1973	114	19,741	577.5
	1974	125	19,850	629.7
	1975	141	20,188	698.4
	1976	114	20,658	551.8
	1977	119	20,842	571.0
	1978	134	20,919	640.6
	Total	1,345	217,316	618.9
Delta County, TX (48119)	1968	79	5,191	1,521.9
	1969	102	5,032	2,027.0
	1970	101	4,930	2,048.7
	1971	82	4,767	1,720.2
	1972	110	4,756	2,312.9
	1973	103	4,895	2,104.2
	1974	107	5,004	2,138.3
	1975	88	4,937	1,782.5
	1976	114	4,872	2,339.9
	1977	92	4,845	1,898.9
	1978	94	4,823	1,949.0
	Total	1,072	54,052	1,983.3
Denton County, TX (48121)	1968	534	68,876	775.3
	1969	496	72,723	682.0
	1970	512	75,765	675.8
	1971	570	81,298	701.1
	1972	568	89,433	635.1
	1973	566	100,718	562.0
	1974	537	106,325	505.1
	1975	575	106,092	542.0
	1976	616	109,472	562.7
	1977	600	116,045	517.0
	1978	649	125,423	517.4
	Total	6,223	1,052,170	591.4
DeWitt County, TX (48123)	1968	277	18,567	1,491.9
	1969	248	18,603	1,333.1
	1970	266	18,663	1,425.3
	1971	249	18,744	1,328.4
	1972	274	18,798	1,457.6
	1973	285	18,444	1,545.2
	1974	278	18,527	1,500.5
	1975	281	18,471	1,521.3
	1976	271	18,488	1,465.8
	1977	283	18,489	1,530.6
	1978	283	18,329	1,544.0
	Total	2,995	204,123	1,467.3
Dickens County, TX (48125)	1968	46	3,653	1,259.2
	1969	44	3,700	1,189.2
	1970	53	3,733	1,419.8
	1971	61	3,815	1,599.0
	1972	62	3,871	1,601.7
	1973	64	3,584	1,785.7
	1974	54	3,426	1,576.2
	1975	56	3,484	1,607.3
	1976	54	3,513	1,537.1
	1977	47	3,589	1,309.6
	1978	39	3,607	1,081.2
	Total	580	39,975	1,450.9
Dimmit County, TX (48127)	1968	67	8,830	758.8
	1969	83	8,937	928.7
	1970	69	9,041	763.2
	1971	66	9,305	709.3
	1972	100	9,897	1,010.4
	1973	75	9,737	770.3
	1974	90	10,047	895.8
	1975	63	10,565	596.3
	1976	80	10,858	736.8
	1977	68	11,187	607.8
	1978	83	11,459	724.3
	Total	844	109,863	768.2
Donley County, TX (48129)	1968	80	3,370	2,373.9
	1969	62	3,510	1,766.4
	1970	76	3,669	2,071.4
	1971	57	3,881	1,468.7
	1972	48	3,732	1,286.2
	1973	47	3,994	1,176.8
	1974	53	3,823	1,386.3
	1975	57	3,851	1,480.1
	1976	41	3,906	1,049.7
	1977	62	3,839	1,615.0
	1978	66	3,882	1,700.2
	Total	649	41,457	1,565.5
Duval County, TX (48131)	1968	123	11,295	1,089.0
	1969	105	11,568	907.7
	1970	116	11,762	986.2
	1971	110	12,121	907.5
	1972	106	12,401	854.8
	1973	120	12,184	984.9
	1974	93	11,919	780.3
	1975	108	12,099	892.6
	1976	116	11,954	970.4
	1977	103	12,131	849.1
	1978	123	12,075	1,018.6
	Total	1,223	131,509	930.0
Eastland County, TX (48133)	1968	348	17,380	2,002.3
	1969	354	17,782	1,990.8
	1970	309	18,166	1,701.0
	1971	342	18,705	1,828.4
	1972	322	18,892	1,704.4
	1973	356	18,518	1,922.5
	1974	330	18,411	1,792.4
	1975	327	18,604	1,757.7
	1976	360	18,966	1,898.1
	1977	323	18,970	1,702.7
	1978	314	18,836	1,667.0
	Total	3,685	203,230	1,813.2
Ector County, TX (48135)	1968	512	91,795	557.8
	1969	548	92,251	594.0
	1970	524	92,806	564.6
	1971	560	93,724	597.5
	1972	606	94,484	641.4
	1973	563	93,298	603.4
	1974	623	96,693	644.3
	1975	632	99,705	633.9
	1976	684	102,480	667.4
	1977	695	104,961	662.2
	1978	684	108,348	631.3
	Total	6,631	1,070,545	619.4
Edwards County, TX (48137)	1968	20	2,203	907.9
	1969	31	2,151	1,441.2
	1970	21	2,104	998.1
	1971	33	2,039	1,618.4
	1972	26	1,946	1,336.1
	1973	24	1,763	1,361.3
	1974	20	1,876	1,066.1
	1975	30	1,995	1,503.8
	1976	19	1,935	981.9 (Unreliable)
	1977	19	2,022	939.7 (Unreliable)
	1978	17	1,954	870.0 (Unreliable)
	Total	260	21,988	1,182.5
Ellis County, TX (48139)	1968	517	45,654	1,132.4
	1969	547	46,195	1,184.1
	1970	535	46,676	1,146.2
	1971	502	47,431	1,058.4
	1972	588	49,081	1,198.0
	1973	619	50,560	1,224.3
	1974	554	52,274	1,059.8
	1975	531	52,365	1,014.0
	1976	544	52,988	1,026.6
	1977	532	54,170	982.1
	1978	541	55,540	974.1
	Total	6,010	552,934	1,086.9
El Paso County, TX (48141)	1968	2,181	350,426	622.4
	1969	2,209	357,189	618.4
	1970	2,208	361,295	611.1
	1971	2,182	370,828	588.4
	1972	2,244	379,567	591.2
	1973	2,465	399,222	617.5
	1974	2,337	412,628	566.4
	1975	2,374	427,786	555.0
	1976	2,339	441,293	530.0
	1977	2,309	450,783	512.2
	1978	2,419	461,450	524.2
	Total	25,267	4,412,467	572.6
Erath County, TX (48143)	1968	255	18,022	1,414.9
	1969	295	18,111	1,628.8
	1970	269	18,204	1,477.7
	1971	247	18,349	1,346.1
	1972	282	18,788	1,501.0
	1973	259	19,413	1,334.2
	1974	247	19,990	1,235.6
	1975	235	19,840	1,184.5
	1976	238	19,971	1,191.7
	1977	196	20,404	960.6
	1978	256	21,067	1,215.2
	Total	2,779	212,159	1,309.9
Falls County, TX (48145)	1968	239	16,993	1,406.5
	1969	303	17,124	1,769.4
	1970	281	17,294	1,624.8
	1971	293	17,527	1,671.7
	1972	324	17,980	1,802.0
	1973	304	17,679	1,719.6
	1974	265	17,583	1,507.1
	1975	233	17,377	1,340.9
	1976	284	17,378	1,634.3
	1977	233	17,093	1,363.1
	1978	303	17,131	1,768.7
	Total	3,062	191,159	1,601.8
Fannin County, TX (48147)	1968	350	22,487	1,556.5
	1969	360	22,628	1,590.9
	1970	385	22,687	1,697.0
	1971	320	22,894	1,397.7
	1972	368	22,960	1,602.8
	1973	340	23,716	1,433.6
	1974	351	23,516	1,492.6
	1975	314	23,519	1,335.1
	1976	323	23,016	1,403.4
	1977	357	23,182	1,540.0
	1978	351	23,277	1,507.9
	Total	3,819	253,882	1,504.2
Fayette County, TX (48149)	1968	302	17,620	1,714.0
	1969	286	17,598	1,625.2
	1970	279	17,641	1,581.5
	1971	280	17,701	1,581.8
	1972	282	18,058	1,561.6
	1973	295	17,342	1,701.1
	1974	267	17,113	1,560.2
	1975	286	17,151	1,667.5
	1976	279	17,309	1,611.9
	1977	292	17,386	1,679.5
	1978	286	17,659	1,619.6
	Total	3,134	192,578	1,627.4
Fisher County, TX (48151)	1968	90	6,358	1,415.5
	1969	90	6,338	1,420.0
	1970	87	6,339	1,372.5
	1971	99	6,347	1,559.8
	1972	90	6,372	1,412.4
	1973	82	6,137	1,336.2
	1974	81	6,032	1,342.8
	1975	61	5,894	1,035.0
	1976	86	6,011	1,430.7
	1977	84	6,069	1,384.1
	1978	93	6,032	1,541.8
	Total	943	67,929	1,388.2
Floyd County, TX (48153)	1968	107	11,445	934.9
	1969	108	11,221	962.5
	1970	96	11,059	868.1
	1971	94	10,776	872.3
	1972	114	10,719	1,063.5
	1973	107	10,475	1,021.5
	1974	98	10,142	966.3
	1975	98	10,357	946.2
	1976	120	10,173	1,179.6
	1977	102	9,982	1,021.8
	1978	102	9,682	1,053.5
	Total	1,146	116,031	987.7
Foard County, TX (48155)	1968	43	2,060	2,087.4
	1969	42	2,134	1,968.1
	1970	35	2,205	1,587.3
	1971	41	2,358	1,738.8
	1972	38	2,331	1,630.2
	1973	35	2,256	1,551.4
	1974	34	2,173	1,564.7
	1975	21	2,156	974.0
	1976	34	2,166	1,569.7
	1977	43	2,125	2,023.5
	1978	29	2,111	1,373.8
	Total	395	24,075	1,640.7
Fort Bend County, TX (48157)	1968	329	47,609	691.0
	1969	322	50,150	642.1
	1970	341	52,221	653.0
	1971	383	56,289	680.4
	1972	392	61,379	638.7
	1973	443	69,881	633.9
	1974	416	73,479	566.1
	1975	477	80,469	592.8
	1976	432	86,396	500.0
	1977	480	96,309	498.4
	1978	539	106,903	504.2
	Total	4,554	781,085	583.0
Franklin County, TX (48159)	1968	68	5,059	1,344.1
	1969	58	5,182	1,119.3
	1970	63	5,283	1,192.5
	1971	65	5,455	1,191.6
	1972	80	5,717	1,399.3
	1973	76	5,535	1,373.1
	1974	97	5,624	1,724.8
	1975	84	5,969	1,407.3
	1976	97	6,008	1,614.5
	1977	82	6,227	1,316.8
	1978	90	6,376	1,411.5
	Total	860	62,435	1,377.4
Freestone County, TX (48161)	1968	196	10,501	1,866.5
	1969	185	10,818	1,710.1
	1970	191	11,118	1,717.9
	1971	187	11,694	1,599.1
	1972	204	12,185	1,674.2
	1973	203	12,558	1,616.5
	1974	198	12,803	1,546.5
	1975	202	13,214	1,528.7
	1976	209	13,104	1,594.9
	1977	181	13,519	1,338.9
	1978	186	13,862	1,341.8
	Total	2,142	135,376	1,582.3
Frio County, TX (48163)	1968	98	11,101	882.8
	1969	98	11,134	880.2
	1970	93	11,191	831.0
	1971	83	11,256	737.4
	1972	102	11,342	899.3
	1973	102	11,653	875.3
	1974	106	11,846	894.8
	1975	96	13,601	705.8
	1976	82	13,540	605.6
	1977	99	14,022	706.0
	1978	99	13,878	713.4
	Total	1,058	134,564	786.2
Gaines County, TX (48165)	1968	84	11,645	721.3
	1969	94	11,576	812.0
	1970	91	11,599	784.6
	1971	73	11,627	627.8
	1972	94	11,339	829.0
	1973	92	11,475	801.7
	1974	82	11,637	704.6
	1975	83	12,098	686.1
	1976	72	12,249	587.8
	1977	77	12,215	630.4
	1978	87	12,414	700.8
	Total	929	129,874	715.3
Galveston County, TX (48167)	1968	1,432	165,784	863.8
	1969	1,447	168,075	860.9
	1970	1,448	169,975	851.9
	1971	1,510	173,141	872.1
	1972	1,414	175,035	807.8
	1973	1,489	175,044	850.6
	1974	1,438	176,099	816.6
	1975	1,549	178,922	865.7
	1976	1,545	185,186	834.3
	1977	1,528	189,718	805.4
	1978	1,638	191,924	853.5
	Total	16,438	1,948,903	843.4
Garza County, TX (48169)	1968	61	5,446	1,120.1
	1969	56	5,376	1,041.7
	1970	58	5,309	1,092.5
	1971	51	5,195	981.7
	1972	42	5,292	793.7
	1973	47	5,443	863.5
	1974	69	5,273	1,308.6
	1975	63	5,364	1,174.5
	1976	43	5,313	809.3
	1977	47	5,378	873.9
	1978	49	5,328	919.7
	Total	586	58,717	998.0
Gillespie County, TX (48171)	1968	150	10,065	1,490.3
	1969	133	10,326	1,288.0
	1970	128	10,551	1,213.2
	1971	144	10,968	1,312.9
	1972	140	11,597	1,207.2
	1973	162	11,321	1,431.0
	1974	169	11,577	1,459.8
	1975	163	11,843	1,376.3
	1976	166	12,280	1,351.8
	1977	156	12,319	1,266.3
	1978	166	12,682	1,308.9
	Total	1,677	125,529	1,335.9
Glasscock County, TX (48173)	1968	7	1,238	565.4 (Unreliable)
	1969	3	1,187	252.7 (Unreliable)
	1970	8	1,151	695.0 (Unreliable)
	1971	4	1,111	360.0 (Unreliable)
	1972	6	1,132	530.0 (Unreliable)
	1973	4	1,106	361.7 (Unreliable)
	1974	7	1,102	635.2 (Unreliable)
	1975	6	1,086	552.5 (Unreliable)
	1976	15	1,075	1,395.3 (Unreliable)
	1977	6	1,054	569.3 (Unreliable)
	1978	4	1,124	355.9 (Unreliable)
	Total	70	12,366	566.1
Goliad County, TX (48175)	1968	76	4,638	1,638.6
	1969	57	4,749	1,200.3
	1970	65	4,863	1,336.6
	1971	56	5,049	1,109.1
	1972	54	5,018	1,076.1
	1973	67	4,975	1,346.7
	1974	68	4,838	1,405.5
	1975	65	4,786	1,358.1
	1976	71	4,813	1,475.2
	1977	57	4,844	1,176.7
	1978	62	4,839	1,281.3
	Total	698	53,412	1,306.8
Gonzales County, TX (48177)	1968	192	15,818	1,213.8
	1969	214	16,147	1,325.3
	1970	225	16,427	1,369.7
	1971	207	16,882	1,226.2
	1972	216	16,802	1,285.6
	1973	231	16,768	1,377.6
	1974	232	16,604	1,397.3
	1975	215	16,778	1,281.4
	1976	195	16,731	1,165.5
	1977	204	16,666	1,224.0
	1978	201	16,447	1,222.1
	Total	2,332	182,070	1,280.8
Gray County, TX (48179)	1968	239	27,257	876.8
	1969	244	27,079	901.1
	1970	247	26,975	915.7
	1971	249	26,762	930.4
	1972	256	25,721	995.3
	1973	307	25,058	1,225.2
	1974	286	24,944	1,146.6
	1975	267	25,305	1,055.1
	1976	280	25,389	1,102.8
	1977	275	25,296	1,087.1
	1978	280	25,143	1,113.6
	Total	2,930	284,929	1,028.3
Grayson County, TX (48181)	1968	877	87,076	1,007.2
	1969	978	84,863	1,152.4
	1970	934	83,375	1,120.2
	1971	928	80,848	1,147.8
	1972	976	77,046	1,266.8
	1973	986	77,202	1,277.2
	1974	981	79,184	1,238.9
	1975	974	82,218	1,184.7
	1976	975	84,010	1,160.6
	1977	928	84,170	1,102.5
	1978	993	84,843	1,170.4
	Total	10,530	904,835	1,163.7
Gregg County, TX (48183)	1968	757	75,788	998.8
	1969	760	75,917	1,001.1
	1970	757	76,084	995.0
	1971	755	76,475	987.3
	1972	860	78,372	1,097.3
	1973	863	80,813	1,067.9
	1974	881	81,759	1,077.6
	1975	820	84,940	965.4
	1976	851	87,069	977.4
	1977	808	90,187	895.9
	1978	831	92,752	895.9
	Total	8,943	900,156	993.5
Grimes County, TX (48185)	1968	189	11,574	1,633.0
	1969	210	11,748	1,787.5
	1970	186	11,883	1,565.3
	1971	195	12,139	1,606.4
	1972	182	12,446	1,462.3
	1973	174	12,238	1,421.8
	1974	205	12,359	1,658.7
	1975	182	12,354	1,473.2
	1976	182	12,330	1,476.1
	1977	169	12,541	1,347.6
	1978	182	12,798	1,422.1
	Total	2,056	134,410	1,529.6
Guadalupe County, TX (48187)	1968	315	31,790	990.9
	1969	292	32,787	890.6
	1970	285	33,676	846.3
	1971	308	35,076	878.1
	1972	350	37,013	945.6
	1973	319	39,193	813.9
	1974	344	40,720	844.8
	1975	303	41,621	728.0
	1976	373	42,766	872.2
	1977	339	43,679	776.1
	1978	337	44,891	750.7
	Total	3,565	423,212	842.4
Hale County, TX (48189)	1968	290	33,162	874.5
	1969	323	33,652	959.8
	1970	308	34,201	900.6
	1971	296	35,079	843.8
	1972	298	36,163	824.0
	1973	321	36,132	888.4
	1974	315	36,139	871.6
	1975	298	36,713	811.7
	1976	313	36,646	854.1
	1977	304	36,909	823.6
	1978	322	37,102	867.9
	Total	3,388	391,898	864.5
Hall County, TX (48191)	1968	84	6,390	1,314.6
	1969	81	6,186	1,309.4
	1970	92	6,034	1,524.7
	1971	87	5,803	1,499.2
	1972	82	5,830	1,406.5
	1973	84	6,235	1,347.2
	1974	71	6,113	1,161.5
	1975	98	6,078	1,612.4
	1976	81	5,980	1,354.5
	1977	84	5,847	1,436.6
	1978	101	5,815	1,736.9
	Total	945	66,311	1,425.1
Hamilton County, TX (48193)	1968	146	6,630	2,202.1
	1969	120	6,925	1,732.9
	1970	116	7,199	1,611.3
	1971	135	7,671	1,759.9
	1972	128	7,838	1,633.1
	1973	156	7,671	2,033.6
	1974	136	7,742	1,756.7
	1975	139	7,741	1,795.6
	1976	146	7,661	1,905.8
	1977	152	7,760	1,958.8
	1978	150	7,917	1,894.7
	Total	1,524	82,755	1,841.6
Hansford County, TX (48195)	1968	40	6,423	622.8
	1969	55	6,353	865.7
	1970	39	6,395	609.9
	1971	45	6,296	714.7
	1972	62	6,296	984.8
	1973	52	6,133	847.9
	1974	48	6,255	767.4
	1975	38	6,176	615.3
	1976	32	6,253	511.8
	1977	45	6,260	718.8
	1978	44	6,141	716.5
	Total	500	68,981	724.8
Hardeman County, TX (48197)	1968	98	6,697	1,463.3
	1969	84	6,747	1,245.0
	1970	118	6,798	1,735.8
	1971	90	6,842	1,315.4
	1972	84	6,470	1,298.3
	1973	120	6,422	1,868.6
	1974	84	6,343	1,324.3
	1975	114	6,472	1,761.4
	1976	103	6,447	1,597.6
	1977	105	6,346	1,654.6
	1978	111	6,210	1,787.4
	Total	1,111	71,794	1,547.5
Hardin County, TX (48199)	1968	295	29,137	1,012.5
	1969	244	29,574	825.0
	1970	276	30,045	918.6
	1971	250	30,717	813.9
	1972	288	31,908	902.6
	1973	321	32,797	978.7
	1974	296	33,794	875.9
	1975	317	34,029	931.6
	1976	304	35,472	857.0
	1977	287	36,926	777.2
	1978	300	38,197	785.4
	Total	3,178	362,596	876.5
Harris County, TX (48201)	1968	11,748	1,671,608	702.8
	1969	11,985	1,712,102	700.0
	1970	12,074	1,745,925	691.6
	1971	12,173	1,802,602	675.3
	1972	12,624	1,837,375	687.1
	1973	13,176	1,880,848	700.5
	1974	12,862	1,946,812	660.7
	1975	12,849	2,030,023	632.9
	1976	13,436	2,114,275	635.5
	1977	13,281	2,184,245	608.0
	1978	13,769	2,263,929	608.2
	Total	139,977	21,189,744	660.6
Harrison County, TX (48203)	1968	503	43,847	1,147.2
	1969	490	44,376	1,104.2
	1970	509	44,850	1,134.9
	1971	504	45,646	1,104.1
	1972	522	45,627	1,144.1
	1973	543	45,262	1,199.7
	1974	552	45,903	1,202.5
	1975	474	47,327	1,001.5
	1976	526	48,058	1,094.5
	1977	505	48,522	1,040.8
	1978	566	49,697	1,138.9
	Total	5,694	509,115	1,118.4
Hartley County, TX (48205)	1968	30	2,461	1,219.0
	1969	35	2,632	1,329.8
	1970	30	2,771	1,082.6
	1971	30	3,054	982.3
	1972	36	3,039	1,184.6
	1973	35	2,903	1,205.6
	1974	24	3,252	738.0
	1975	33	3,468	951.6
	1976	24	3,654	656.8
	1977	21	3,808	551.5
	1978	20	3,805	525.6
	Total	318	34,847	912.6
Haskell County, TX (48207)	1968	133	8,877	1,498.3
	1969	131	8,661	1,512.5
	1970	111	8,515	1,303.6
	1971	131	8,307	1,577.0
	1972	138	8,335	1,655.7
	1973	133	7,877	1,688.5
	1974	109	7,800	1,397.4
	1975	123	7,833	1,570.3
	1976	128	7,864	1,627.7
	1977	126	7,664	1,644.1
	1978	94	7,635	1,231.2
	Total	1,357	89,368	1,518.4
Hays County, TX (48209)	1968	196	25,596	765.7
	1969	196	26,781	731.9
	1970	196	27,812	704.7
	1971	210	29,529	711.2
	1972	202	32,367	624.1
	1973	214	34,416	621.8
	1974	235	35,900	654.6
	1975	203	34,138	594.6
	1976	210	34,562	607.6
	1977	203	35,868	566.0
	1978	205	37,681	544.0
	Total	2,270	354,650	640.1
Hemphill County, TX (48211)	1968	44	2,697	1,631.4
	1969	39	2,915	1,337.9
	1970	34	3,079	1,104.3
	1971	43	3,442	1,249.3
	1972	32	3,428	933.5
	1973	42	3,547	1,184.1
	1974	34	3,787	897.8
	1975	36	4,276	841.9
	1976	41	4,468	917.6
	1977	29	4,657	622.7
	1978	40	4,806	832.3
	Total	414	41,102	1,007.3
Henderson County, TX (48213)	1968	309	24,236	1,275.0
	1969	296	25,443	1,163.4
	1970	317	26,481	1,197.1
	1971	328	28,302	1,158.9
	1972	364	29,877	1,218.3
	1973	365	31,950	1,142.4
	1974	415	32,891	1,261.7
	1975	359	33,787	1,062.5
	1976	392	34,927	1,122.3
	1977	407	36,939	1,101.8
	1978	424	39,010	1,086.9
	Total	3,976	343,843	1,156.3
Hidalgo County, TX (48215)	1968	1,184	168,769	701.6
	1969	1,203	177,385	678.2
	1970	1,319	183,311	719.5
	1971	1,249	194,847	641.0
	1972	1,308	205,993	635.0
	1973	1,421	218,008	651.8
	1974	1,414	224,926	628.7
	1975	1,470	239,849	612.9
	1976	1,404	250,284	561.0
	1977	1,414	259,813	544.2
	1978	1,446	267,192	541.2
	Total	14,832	2,390,377	620.5
Hill County, TX (48217)	1968	385	22,253	1,730.1
	1969	400	22,456	1,781.3
	1970	369	22,634	1,630.3
	1971	375	22,911	1,636.8
	1972	354	23,105	1,532.1
	1973	394	23,645	1,666.3
	1974	386	23,675	1,630.4
	1975	331	23,668	1,398.5
	1976	386	23,768	1,624.0
	1977	384	23,779	1,614.9
	1978	371	23,975	1,547.4
	Total	4,135	255,869	1,616.1
Hockley County, TX (48219)	1968	155	19,518	794.1
	1969	140	20,014	699.5
	1970	157	20,402	769.5
	1971	166	21,166	784.3
	1972	146	21,167	689.8
	1973	174	21,013	828.1
	1974	142	20,642	687.9
	1975	164	21,146	775.6
	1976	146	21,237	687.5
	1977	122	21,446	568.9
	1978	174	22,104	787.2
	Total	1,686	229,855	733.5
Hood County, TX (48221)	1968	94	5,127	1,833.4
	1969	69	5,789	1,191.9
	1970	98	6,395	1,532.4
	1971	96	7,558	1,270.2
	1972	124	8,161	1,519.4
	1973	116	9,093	1,275.7
	1974	114	10,270	1,110.0
	1975	135	10,745	1,256.4
	1976	121	11,627	1,040.7
	1977	119	13,140	905.6
	1978	143	14,854	962.7
	Total	1,229	102,759	1,196.0
Hopkins County, TX (48223)	1968	285	19,982	1,426.3
	1969	275	20,386	1,349.0
	1970	273	20,744	1,316.0
	1971	251	21,351	1,175.6
	1972	316	22,378	1,412.1
	1973	311	22,524	1,380.7
	1974	293	22,494	1,302.6
	1975	296	22,726	1,302.5
	1976	279	23,291	1,197.9
	1977	293	23,766	1,232.9
	1978	321	24,185	1,327.3
	Total	3,193	243,827	1,309.5
Houston County, TX (48225)	1968	227	16,965	1,338.0
	1969	264	17,423	1,515.2
	1970	263	17,828	1,475.2
	1971	263	18,614	1,412.9
	1972	270	19,170	1,408.5
	1973	285	18,839	1,512.8
	1974	220	18,663	1,178.8
	1975	245	18,851	1,299.7
	1976	250	19,271	1,297.3
	1977	260	19,889	1,307.3
	1978	253	20,679	1,223.5
	Total	2,800	206,192	1,358.0
Howard County, TX (48227)	1968	278	36,525	761.1
	1969	262	37,336	701.7
	1970	311	37,970	819.1
	1971	304	39,123	777.0
	1972	342	39,724	860.9
	1973	314	38,425	817.2
	1974	314	38,261	820.7
	1975	316	38,124	828.9
	1976	361	37,953	951.2
	1977	341	37,021	921.1
	1978	317	33,772	938.6
	Total	3,460	414,234	835.3
Hudspeth County, TX (48229)	1968	16	2,445	654.4 (Unreliable)
	1969	18	2,416	745.0 (Unreliable)
	1970	19	2,380	798.3 (Unreliable)
	1971	13	2,377	546.9 (Unreliable)
	1972	8	2,424	330.0 (Unreliable)
	1973	20	2,536	788.6
	1974	15	2,638	568.6 (Unreliable)
	1975	15	2,721	551.3 (Unreliable)
	1976	15	2,702	555.1 (Unreliable)
	1977	12	2,640	454.5 (Unreliable)
	1978	13	2,512	517.5 (Unreliable)
	Total	164	27,791	590.1
Hunt County, TX (48231)	1968	513	46,732	1,097.7
	1969	518	47,467	1,091.3
	1970	497	48,052	1,034.3
	1971	550	48,920	1,124.3
	1972	514	47,892	1,073.2
	1973	560	48,980	1,143.3
	1974	560	50,499	1,108.9
	1975	581	51,692	1,124.0
	1976	522	52,557	993.2
	1977	538	52,378	1,027.1
	1978	578	53,013	1,090.3
	Total	5,931	548,182	1,081.9
Hutchinson County, TX (48233)	1968	200	23,659	845.3
	1969	167	24,089	693.3
	1970	209	24,473	854.0
	1971	208	25,139	827.4
	1972	246	25,663	958.6
	1973	226	23,993	941.9
	1974	231	23,627	977.7
	1975	226	24,414	925.7
	1976	249	24,574	1,013.3
	1977	219	24,826	882.1
	1978	253	24,954	1,013.9
	Total	2,434	269,411	903.5
Irion County, TX (48235)	1968	12	927	1,294.5 (Unreliable)
	1969	15	1,000	1,500.0 (Unreliable)
	1970	17	1,074	1,582.9 (Unreliable)
	1971	12	1,202	998.3 (Unreliable)
	1972	20	1,094	1,828.2
	1973	11	1,097	1,002.7 (Unreliable)
	1974	13	1,105	1,176.5 (Unreliable)
	1975	15	1,116	1,344.1 (Unreliable)
	1976	9	1,124	800.7 (Unreliable)
	1977	11	1,135	969.2 (Unreliable)
	1978	11	1,310	839.7 (Unreliable)
	Total	146	12,184	1,198.3
Jack County, TX (48237)	1968	72	7,013	1,026.7
	1969	94	6,853	1,371.7
	1970	73	6,709	1,088.1
	1971	72	6,508	1,106.3
	1972	68	6,239	1,089.9
	1973	93	6,290	1,478.5
	1974	99	6,342	1,561.0
	1975	95	6,495	1,462.7
	1976	90	6,609	1,361.8
	1977	114	6,799	1,676.7
	1978	118	6,996	1,686.7
	Total	988	72,853	1,356.2
Jackson County, TX (48239)	1968	121	13,010	930.1
	1969	133	12,995	1,023.5
	1970	122	12,968	940.8
	1971	124	12,951	957.5
	1972	140	13,077	1,070.6
	1973	117	12,735	918.7
	1974	129	12,657	1,019.2
	1975	103	12,616	816.4
	1976	132	12,722	1,037.6
	1977	125	12,787	977.6
	1978	119	12,939	919.7
	Total	1,365	141,457	965.0
Jasper County, TX (48241)	1968	265	24,499	1,081.7
	1969	261	24,537	1,063.7
	1970	263	24,657	1,066.6
	1971	236	24,873	948.8
	1972	264	25,438	1,037.8
	1973	247	25,898	953.7
	1974	253	25,995	973.3
	1975	292	26,936	1,084.1
	1976	279	27,476	1,015.4
	1977	272	28,426	956.9
	1978	285	29,100	979.4
	Total	2,917	287,835	1,013.4
Jeff Davis County, TX (48243)	1968	8	1,649	485.1 (Unreliable)
	1969	13	1,578	823.8 (Unreliable)
	1970	18	1,524	1,181.1 (Unreliable)
	1971	14	1,451	964.9 (Unreliable)
	1972	10	1,484	673.9 (Unreliable)
	1973	9	1,508	596.8 (Unreliable)
	1974	16	1,497	1,068.8 (Unreliable)
	1975	15	1,488	1,008.1 (Unreliable)
	1976	16	1,483	1,078.9 (Unreliable)
	1977	11	1,551	709.2 (Unreliable)
	1978	26	1,583	1,642.5
	Total	156	16,796	928.8
Jefferson County, TX (48245)	1968	2,237	247,022	905.6
	1969	2,139	246,535	867.6
	1970	2,175	246,628	881.9
	1971	2,105	247,028	852.1
	1972	2,194	245,517	893.6
	1973	2,320	239,860	967.2
	1974	2,173	238,579	910.8
	1975	2,262	242,189	934.0
	1976	2,325	244,656	950.3
	1977	2,276	246,816	922.1
	1978	2,279	246,326	925.2
	Total	24,485	2,691,156	909.8
Jim Hogg County, TX (48247)	1968	41	4,591	893.1
	1969	39	4,602	847.5
	1970	47	4,655	1,009.7
	1971	32	4,715	678.7
	1972	42	4,573	918.4
	1973	44	4,762	924.0
	1974	61	4,681	1,303.1
	1975	36	4,784	752.5
	1976	38	4,662	815.1
	1977	27	4,745	569.0
	1978	43	4,825	891.2
	Total	450	51,595	872.2
Jim Wells County, TX (48249)	1968	253	32,133	787.4
	1969	251	32,649	768.8
	1970	262	33,149	790.4
	1971	228	33,858	673.4
	1972	258	33,911	760.8
	1973	303	33,680	899.6
	1974	279	33,563	831.3
	1975	244	34,031	717.0
	1976	234	34,289	682.4
	1977	280	34,546	810.5
	1978	279	34,959	798.1
	Total	2,871	370,768	774.3
Johnson County, TX (48251)	1968	492	42,551	1,156.3
	1969	462	44,377	1,041.1
	1970	493	45,821	1,075.9
	1971	483	48,375	998.4
	1972	546	50,376	1,083.8
	1973	534	53,011	1,007.3
	1974	515	55,841	922.3
	1975	517	56,056	922.3
	1976	551	58,084	948.6
	1977	553	60,814	909.3
	1978	599	62,830	953.4
	Total	5,745	578,136	993.7
Jones County, TX (48253)	1968	260	15,431	1,684.9
	1969	227	15,793	1,437.3
	1970	228	16,107	1,415.5
	1971	258	16,642	1,550.3
	1972	238	16,411	1,450.2
	1973	225	15,971	1,408.8
	1974	228	16,179	1,409.2
	1975	249	16,418	1,516.6
	1976	249	16,718	1,489.4
	1977	239	16,943	1,410.6
	1978	204	17,026	1,198.2
	Total	2,605	179,639	1,450.1
Karnes County, TX (48255)	1968	166	13,376	1,241.0
	1969	166	13,412	1,237.7
	1970	183	13,470	1,358.6
	1971	148	13,564	1,091.1
	1972	170	13,010	1,306.7
	1973	186	13,006	1,430.1
	1974	163	12,918	1,261.8
	1975	129	13,089	985.6
	1976	162	12,778	1,267.8
	1977	127	12,852	988.2
	1978	160	12,976	1,233.0
	Total	1,760	144,451	1,218.4
Kaufman County, TX (48257)	1968	402	31,220	1,287.6
	1969	398	31,820	1,250.8
	1970	386	32,385	1,191.9
	1971	403	33,319	1,209.5
	1972	418	34,757	1,202.6
	1973	378	35,585	1,062.2
	1974	426	36,356	1,171.7
	1975	398	35,324	1,126.7
	1976	411	34,812	1,180.6
	1977	443	35,253	1,256.6
	1978	440	36,136	1,217.6
	Total	4,503	376,967	1,194.5
Kendall County, TX (48259)	1968	86	6,509	1,321.2
	1969	82	6,769	1,211.4
	1970	84	6,992	1,201.4
	1971	85	7,338	1,158.4
	1972	86	7,805	1,101.9
	1973	111	8,404	1,320.8
	1974	104	8,695	1,196.1
	1975	102	8,780	1,161.7
	1976	94	9,090	1,034.1
	1977	125	9,488	1,317.5
	1978	117	9,729	1,202.6
	Total	1,076	89,599	1,200.9
Kenedy County, TX (48261)	1968	2	841	237.8 (Unreliable)
	1969	6	746	804.3 (Unreliable)
	1970	4	683	585.7 (Unreliable)
	1971	3	584	513.7 (Unreliable)
	1972	2	528	378.8 (Unreliable)
	1973	1	643	155.5 (Unreliable)
	1974	1	631	158.5 (Unreliable)
	1975	3	607	494.2 (Unreliable)
	1976	2	601	332.8 (Unreliable)
	1977	5	589	848.9 (Unreliable)
	1978	3	600	500.0 (Unreliable)
	Total	32	7,053	453.7
Kent County, TX (48263)	1968	10	1,478	676.6 (Unreliable)
	1969	23	1,453	1,582.9
	1970	15	1,431	1,048.2 (Unreliable)
	1971	21	1,414	1,485.1
	1972	12	1,536	781.2 (Unreliable)
	1973	17	1,358	1,251.8 (Unreliable)
	1974	8	1,326	603.3 (Unreliable)
	1975	11	1,280	859.4 (Unreliable)
	1976	20	1,255	1,593.6
	1977	15	1,274	1,177.4 (Unreliable)
	1978	7	1,322	529.5 (Unreliable)
	Total	159	15,127	1,051.1
Kerr County, TX (48265)	1968	243	18,975	1,280.6
	1969	305	19,222	1,586.7
	1970	269	19,517	1,378.3
	1971	254	19,935	1,274.1
	1972	294	20,698	1,420.4
	1973	343	22,356	1,534.3
	1974	310	23,030	1,346.1
	1975	289	23,643	1,222.3
	1976	327	24,421	1,339.0
	1977	355	25,513	1,391.4
	1978	334	26,561	1,257.5
	Total	3,323	243,871	1,362.6
Kimble County, TX (48267)	1968	57	3,952	1,442.3
	1969	51	3,922	1,300.4
	1970	43	3,899	1,102.8
	1971	57	3,865	1,474.8
	1972	42	3,819	1,099.8
	1973	66	3,890	1,696.7
	1974	67	3,952	1,695.3
	1975	48	4,069	1,179.7
	1976	44	4,002	1,099.5
	1977	57	3,971	1,435.4
	1978	52	3,924	1,325.2
	Total	584	43,265	1,349.8
King County, TX (48269)	1968	4	690	579.7 (Unreliable)
	1969	4	547	731.3 (Unreliable)
	1970	5	459	1,089.3 (Unreliable)
	1971	2	350	571.4 (Unreliable)
	1972	4	365	1,095.9 (Unreliable)
	1973	1	431	232.0 (Unreliable)
	1974	1	415	241.0 (Unreliable)
	1975	2	410	487.8 (Unreliable)
	1976	3	408	735.3 (Unreliable)
	1977	3	413	726.4 (Unreliable)
	1978	3	378	793.7 (Unreliable)
	Total	32	4,866	657.6
Kinney County, TX (48271)	1968	20	2,112	947.0
	1969	25	2,055	1,216.5
	1970	23	2,007	1,146.0
	1971	27	1,964	1,374.7
	1972	20	2,034	983.3
	1973	26	2,023	1,285.2
	1974	26	2,145	1,212.1
	1975	26	2,193	1,185.6
	1976	21	2,168	968.6
	1977	18	2,249	800.4 (Unreliable)
	1978	25	2,182	1,145.7
	Total	257	23,132	1,111.0
Kleberg County, TX (48273)	1968	177	32,583	543.2
	1969	206	32,995	624.3
	1970	187	33,432	559.3
	1971	175	34,129	512.8
	1972	194	34,446	563.2
	1973	217	35,073	618.7
	1974	231	33,822	683.0
	1975	181	32,991	548.6
	1976	181	33,201	545.2
	1977	189	33,020	572.4
	1978	196	33,042	593.2
	Total	2,134	368,734	578.7
Knox County, TX (48275)	1968	93	6,025	1,543.6
	1969	73	5,987	1,219.3
	1970	90	5,960	1,510.1
	1971	88	5,933	1,483.2
	1972	74	5,866	1,261.5
	1973	93	5,781	1,608.7
	1974	101	5,662	1,783.8
	1975	75	5,692	1,317.6
	1976	80	5,602	1,428.1
	1977	68	5,636	1,206.5
	1978	79	5,469	1,444.5
	Total	914	63,613	1,436.8
Lamar County, TX (48277)	1968	528	34,727	1,520.4
	1969	483	35,479	1,361.4
	1970	522	36,150	1,444.0
	1971	490	37,211	1,316.8
	1972	490	37,514	1,306.2
	1973	437	38,593	1,132.3
	1974	505	38,469	1,312.7
	1975	448	39,283	1,140.4
	1976	536	40,197	1,333.4
	1977	467	40,533	1,152.1
	1978	509	40,531	1,255.8
	Total	5,415	418,687	1,293.3
Lamb County, TX (48279)	1968	172	17,958	957.8
	1969	168	17,811	943.2
	1970	194	17,751	1,092.9
	1971	192	17,698	1,084.9
	1972	198	17,608	1,124.5
	1973	218	17,443	1,249.8
	1974	189	17,011	1,111.0
	1975	180	17,346	1,037.7
	1976	184	17,588	1,046.2
	1977	169	18,059	935.8
	1978	187	18,315	1,021.0
	Total	2,051	194,588	1,054.0
Lampasas County, TX (48281)	1968	122	8,718	1,399.4
	1969	135	9,071	1,488.3
	1970	123	9,348	1,315.8
	1971	120	9,918	1,209.9
	1972	134	11,137	1,203.2
	1973	142	12,900	1,100.8
	1974	137	12,685	1,080.0
	1975	121	12,817	944.1
	1976	125	12,715	983.1
	1977	145	12,786	1,134.1
	1978	125	13,065	956.8
	Total	1,429	125,160	1,141.7
La Salle County, TX (48283)	1968	45	4,803	936.9
	1969	51	4,921	1,036.4
	1970	48	5,009	958.3
	1971	61	5,210	1,170.8
	1972	60	5,421	1,106.8
	1973	44	5,161	852.5
	1974	61	5,103	1,195.4
	1975	50	5,381	929.2
	1976	49	5,502	890.6
	1977	53	5,753	921.3
	1978	59	5,683	1,038.2
	Total	581	57,947	1,002.6
Lavaca County, TX (48285)	1968	262	18,200	1,439.6
	1969	285	18,003	1,583.1
	1970	227	17,900	1,268.2
	1971	297	17,737	1,674.5
	1972	290	18,305	1,584.3
	1973	282	17,919	1,573.7
	1974	280	18,062	1,550.2
	1975	248	18,061	1,373.1
	1976	283	18,318	1,544.9
	1977	283	18,553	1,525.4
	1978	282	18,672	1,510.3
	Total	3,019	199,730	1,511.5
Lee County, TX (48287)	1968	114	7,791	1,463.2
	1969	110	7,964	1,381.2
	1970	119	8,044	1,479.4
	1971	125	8,275	1,510.6
	1972	120	8,418	1,425.5
	1973	133	8,709	1,527.2
	1974	104	8,647	1,202.7
	1975	139	9,045	1,536.8
	1976	107	8,992	1,189.9
	1977	124	9,054	1,369.6
	1978	134	9,427	1,421.4
	Total	1,329	94,366	1,408.3
Leon County, TX (48289)	1968	132	9,174	1,438.8
	1969	142	8,911	1,593.5
	1970	141	8,743	1,612.7
	1971	118	8,497	1,388.7
	1972	106	8,416	1,259.5
	1973	179	8,566	2,089.7
	1974	141	8,712	1,618.5
	1975	149	8,739	1,705.0
	1976	140	8,595	1,628.9
	1977	142	8,745	1,623.8
	1978	133	8,881	1,497.6
	Total	1,523	95,979	1,586.8
Liberty County, TX (48291)	1968	353	30,293	1,165.3
	1969	365	31,814	1,147.3
	1970	391	33,145	1,179.7
	1971	402	35,412	1,135.2
	1972	416	37,018	1,123.8
	1973	380	38,092	997.6
	1974	395	37,278	1,059.6
	1975	407	38,569	1,055.3
	1976	403	40,005	1,007.4
	1977	445	42,074	1,057.7
	1978	494	43,780	1,128.4
	Total	4,451	407,480	1,092.3
Limestone County, TX (48293)	1968	289	16,945	1,705.5
	1969	263	17,584	1,495.7
	1970	305	18,105	1,684.6
	1971	290	19,082	1,519.8
	1972	306	19,842	1,542.2
	1973	335	18,941	1,768.7
	1974	265	19,305	1,372.7
	1975	270	19,660	1,373.3
	1976	242	19,737	1,226.1
	1977	261	19,910	1,310.9
	1978	250	19,918	1,255.1
	Total	3,076	209,029	1,471.6
Lipscomb County, TX (48295)	1968	35	3,359	1,042.0
	1969	37	3,425	1,080.3
	1970	38	3,472	1,094.5
	1971	51	3,563	1,431.4
	1972	36	3,524	1,021.6
	1973	41	3,292	1,245.4
	1974	37	3,229	1,145.9
	1975	34	3,221	1,055.6
	1976	35	3,352	1,044.2
	1977	28	3,339	838.6
	1978	27	3,287	821.4
	Total	399	37,063	1,076.5
Live Oak County, TX (48297)	1968	62	6,946	892.6
	1969	74	6,791	1,089.7
	1970	73	6,716	1,087.0
	1971	67	6,509	1,029.3
	1972	98	6,581	1,489.1
	1973	62	6,849	905.2
	1974	69	6,905	999.3
	1975	66	7,115	927.6
	1976	63	7,289	864.3
	1977	75	7,579	989.6
	1978	69	8,108	851.0
	Total	778	77,388	1,005.3
Llano County, TX (48299)	1968	112	6,580	1,702.1
	1969	106	6,803	1,558.1
	1970	128	6,980	1,833.8
	1971	105	7,322	1,434.0
	1972	132	7,592	1,738.7
	1973	120	8,463	1,417.9
	1974	132	8,934	1,477.5
	1975	135	9,011	1,498.2
	1976	136	9,084	1,497.1
	1977	128	9,641	1,327.7
	1978	130	9,728	1,336.3
	Total	1,364	90,138	1,513.2
Loving County, TX (48301)	1968	4	312	1,282.1 (Unreliable)
	1971	3	119	2,521.0 (Unreliable)
	1973	1	126	793.7 (Unreliable)
	1974	1	113	885.0 (Unreliable)
	1975	1	101	990.1 (Unreliable)
	1976	1	95	1,052.6 (Unreliable)
	1978	2	97	2,061.9 (Unreliable)
	Total	13	1,548	839.8 (Unreliable)
Lubbock County, TX (48303)	1968	1,179	172,075	685.2
	1969	1,151	176,275	653.0
	1970	1,177	179,896	654.3
	1971	1,236	186,200	663.8
	1972	1,244	192,115	647.5
	1973	1,284	192,103	668.4
	1974	1,314	196,079	670.1
	1975	1,223	198,636	615.7
	1976	1,276	200,919	635.1
	1977	1,290	204,310	631.4
	1978	1,326	207,817	638.1
	Total	13,700	2,106,425	650.4
Lynn County, TX (48305)	1968	88	9,720	905.3
	1969	87	9,363	929.2
	1970	83	9,115	910.6
	1971	73	8,677	841.3
	1972	96	8,962	1,071.2
	1973	85	9,092	934.9
	1974	79	8,788	899.0
	1975	80	8,627	927.3
	1976	86	8,780	979.5
	1977	75	8,767	855.5
	1978	70	8,759	799.2
	Total	902	98,650	914.3
McCulloch County, TX (48307)	1968	153	8,633	1,772.3
	1969	143	8,573	1,668.0
	1970	143	8,573	1,668.0
	1971	119	8,528	1,395.4
	1972	154	8,328	1,849.2
	1973	145	8,343	1,738.0
	1974	143	8,594	1,664.0
	1975	136	8,724	1,558.9
	1976	163	8,658	1,882.7
	1977	130	8,630	1,506.4
	1978	134	8,628	1,553.1
	Total	1,563	94,212	1,659.0
McLennan County, TX (48309)	1968	1,569	145,153	1,080.9
	1969	1,692	146,512	1,154.9
	1970	1,639	147,861	1,108.5
	1971	1,588	150,089	1,058.0
	1972	1,732	153,023	1,131.9
	1973	1,649	156,291	1,055.1
	1974	1,722	159,465	1,079.9
	1975	1,633	158,852	1,028.0
	1976	1,639	162,516	1,008.5
	1977	1,649	164,451	1,002.7
	1978	1,574	166,566	945.0
	Total	18,086	1,710,779	1,057.2
McMullen County, TX (48311)	1968	10	1,258	794.9 (Unreliable)
	1969	11	1,166	943.4 (Unreliable)
	1970	6	1,086	552.5 (Unreliable)
	1971	16	1,000	1,600.0 (Unreliable)
	1972	20	1,047	1,910.2
	1973	13	949	1,369.9 (Unreliable)
	1974	10	901	1,109.9 (Unreliable)
	1975	8	857	933.5 (Unreliable)
	1976	9	795	1,132.1 (Unreliable)
	1977	7	788	888.3 (Unreliable)
	1978	8	841	951.2 (Unreliable)
	Total	118	10,688	1,104.0
Madison County, TX (48313)	1968	105	7,744	1,355.9
	1969	101	7,718	1,308.6
	1970	118	7,694	1,533.7
	1971	100	7,752	1,290.0
	1972	112	7,590	1,475.6
	1973	113	8,013	1,410.2
	1974	116	8,368	1,386.2
	1975	108	8,619	1,253.0
	1976	97	8,934	1,085.7
	1977	105	9,033	1,162.4
	1978	102	9,605	1,061.9
	Total	1,177	91,070	1,292.4
Marion County, TX (48315)	1968	114	9,422	1,209.9
	1969	121	8,904	1,358.9
	1970	117	8,515	1,374.0
	1971	112	7,947	1,409.3
	1972	120	8,046	1,491.4
	1973	134	8,509	1,574.8
	1974	125	8,887	1,406.5
	1975	128	9,042	1,415.6
	1976	126	9,264	1,360.1
	1977	103	9,483	1,086.2
	1978	131	9,811	1,335.2
	Total	1,331	97,830	1,360.5
Martin County, TX (48317)	1968	52	4,611	1,127.7
	1969	34	4,688	725.3
	1970	40	4,769	838.8
	1971	40	4,883	819.2
	1972	34	4,927	690.1
	1973	34	5,039	674.7
	1974	31	4,934	628.3
	1975	35	4,955	706.4
	1976	38	5,088	746.9
	1977	37	5,088	727.2
	1978	41	4,730	866.8
	Total	416	53,712	774.5
Mason County, TX (48319)	1968	53	3,431	1,544.7
	1969	51	3,396	1,501.8
	1970	64	3,357	1,906.5
	1971	58	3,344	1,734.4
	1972	64	3,448	1,856.1
	1973	53	3,397	1,560.2
	1974	56	3,434	1,630.8
	1975	58	3,499	1,657.6
	1976	60	3,504	1,712.3
	1977	59	3,518	1,677.1
	1978	50	3,502	1,427.8
	Total	626	37,830	1,654.8
Matagorda County, TX (48321)	1968	254	27,448	925.4
	1969	245	27,708	884.2
	1970	202	27,897	724.1
	1971	265	28,371	934.1
	1972	296	29,361	1,008.1
	1973	269	28,050	959.0
	1974	276	28,641	963.7
	1975	281	29,049	967.3
	1976	302	30,082	1,003.9
	1977	301	32,160	935.9
	1978	325	34,199	950.3
	Total	3,016	322,966	933.8
Maverick County, TX (48323)	1968	110	17,323	635.0
	1969	113	17,836	633.6
	1970	104	18,155	572.8
	1971	105	19,089	550.1
	1972	94	19,974	470.6
	1973	100	21,409	467.1
	1974	133	21,718	612.4
	1975	149	23,422	636.2
	1976	121	25,389	476.6
	1977	153	27,011	566.4
	1978	128	28,308	452.2
	Total	1,310	239,634	546.7
Medina County, TX (48325)	1968	210	19,863	1,057.2
	1969	194	20,105	964.9
	1970	182	20,270	897.9
	1971	183	20,621	887.4
	1972	182	20,876	871.8
	1973	190	21,827	870.5
	1974	198	22,192	892.2
	1975	196	22,220	882.1
	1976	189	22,437	842.4
	1977	198	22,645	874.4
	1978	209	22,667	922.0
	Total	2,131	235,723	904.0
Menard County, TX (48327)	1968	40	2,438	1,640.7
	1969	42	2,555	1,643.8
	1970	39	2,642	1,476.2
	1971	40	2,810	1,423.5
	1972	50	2,837	1,762.4
	1973	43	2,661	1,615.9
	1974	49	2,615	1,873.8
	1975	34	2,516	1,351.4
	1976	45	2,476	1,817.4
	1977	37	2,438	1,517.6
	1978	56	2,394	2,339.2
	Total	475	28,382	1,673.6
Midland County, TX (48329)	1968	379	64,467	587.9
	1969	373	64,886	574.9
	1970	404	65,441	617.3
	1971	396	66,403	596.4
	1972	418	66,545	628.1
	1973	422	66,099	638.4
	1974	442	68,389	646.3
	1975	506	70,721	715.5
	1976	468	73,058	640.6
	1977	450	74,235	606.2
	1978	475	76,445	621.4
	Total	4,733	756,689	625.5
Milam County, TX (48331)	1968	318	19,458	1,634.3
	1969	294	19,768	1,487.3
	1970	274	20,030	1,367.9
	1971	270	20,513	1,316.2
	1972	296	20,780	1,424.4
	1973	268	20,335	1,317.9
	1974	292	20,649	1,414.1
	1975	308	20,841	1,477.9
	1976	309	20,758	1,488.6
	1977	260	20,999	1,238.2
	1978	293	21,420	1,367.9
	Total	3,182	225,551	1,410.8
Mills County, TX (48333)	1968	92	3,950	2,329.1
	1969	86	4,072	2,112.0
	1970	57	4,205	1,355.5
	1971	90	4,411	2,040.4
	1972	68	4,411	1,541.6
	1973	92	4,284	2,147.5
	1974	83	4,295	1,932.5
	1975	86	4,457	1,929.5
	1976	84	4,358	1,927.5
	1977	82	4,371	1,876.0
	1978	67	4,294	1,560.3
	Total	887	47,108	1,882.9
Mitchell County, TX (48335)	1968	128	9,663	1,324.6
	1969	139	9,324	1,490.8
	1970	148	9,108	1,624.9
	1971	117	8,753	1,336.7
	1972	120	8,682	1,382.2
	1973	118	9,043	1,304.9
	1974	118	9,068	1,301.3
	1975	116	9,068	1,279.2
	1976	115	8,989	1,279.3
	1977	124	9,097	1,363.1
	1978	134	9,122	1,469.0
	Total	1,377	99,917	1,378.1
Montague County, TX (48337)	1968	226	14,659	1,541.7
	1969	232	15,013	1,545.3
	1970	243	15,366	1,581.4
	1971	224	15,880	1,410.6
	1972	244	15,871	1,537.4
	1973	255	16,041	1,589.7
	1974	242	16,234	1,490.7
	1975	232	16,623	1,395.7
	1976	254	16,690	1,521.9
	1977	251	16,785	1,495.4
	1978	278	16,877	1,647.2
	Total	2,681	176,039	1,523.0
Montgomery County, TX (48339)	1968	364	40,937	889.2
	1969	339	45,526	744.6
	1970	430	49,536	868.1
	1971	441	57,250	770.3
	1972	568	65,396	868.6
	1973	532	75,303	706.5
	1974	502	77,420	648.4
	1975	562	84,539	664.8
	1976	608	89,942	676.0
	1977	545	100,433	542.7
	1978	671	110,856	605.3
	Total	5,562	797,138	697.7
Moore County, TX (48341)	1968	105	13,652	769.1
	1969	86	13,872	620.0
	1970	100	14,086	709.9
	1971	103	14,418	714.4
	1972	88	13,631	645.6
	1973	94	13,437	699.6
	1974	88	13,656	644.4
	1975	109	14,329	760.7
	1976	99	14,981	660.8
	1977	88	15,404	571.3
	1978	85	15,603	544.8
	Total	1,045	157,069	665.3
Morris County, TX (48343)	1968	124	11,651	1,064.3
	1969	129	12,018	1,073.4
	1970	134	12,314	1,088.2
	1971	134	12,864	1,041.7
	1972	174	13,230	1,315.2
	1973	166	12,903	1,286.5
	1974	172	13,171	1,305.9
	1975	144	13,719	1,049.6
	1976	144	13,791	1,044.2
	1977	150	14,100	1,063.8
	1978	136	14,141	961.7
	Total	1,607	143,902	1,116.7
Motley County, TX (48345)	1968	30	2,243	1,337.5
	1969	38	2,183	1,740.7
	1970	37	2,184	1,694.1
	1971	20	2,141	934.1
	1972	40	2,076	1,926.8
	1973	34	1,927	1,764.4
	1974	27	1,873	1,441.5
	1975	26	1,869	1,391.1
	1976	32	1,991	1,607.2
	1977	28	1,935	1,447.0
	1978	28	1,875	1,493.3
	Total	340	22,297	1,524.9
Nacogdoches County, TX (48347)	1968	345	33,902	1,017.6
	1969	368	35,310	1,042.2
	1970	331	36,492	907.0
	1971	386	38,514	1,002.2
	1972	380	40,631	935.2
	1973	380	42,075	903.1
	1974	409	43,042	950.2
	1975	383	43,464	881.2
	1976	392	44,163	887.6
	1977	429	44,322	967.9
	1978	410	44,490	921.6
	Total	4,213	446,405	943.8
Navarro County, TX (48349)	1968	455	30,886	1,473.2
	1969	481	31,064	1,548.4
	1970	495	31,178	1,587.7
	1971	463	31,430	1,473.1
	1972	476	32,306	1,473.4
	1973	483	32,893	1,468.4
	1974	490	32,757	1,495.9
	1975	457	33,238	1,374.9
	1976	489	33,178	1,473.9
	1977	455	33,573	1,355.3
	1978	479	33,793	1,417.5
	Total	5,223	356,296	1,465.9
Newton County, TX (48351)	1968	119	12,078	985.3
	1969	130	11,807	1,101.0
	1970	105	11,620	903.6
	1971	116	11,335	1,023.4
	1972	106	11,346	934.2
	1973	99	11,502	860.7
	1974	89	11,931	746.0
	1975	103	11,854	868.9
	1976	78	11,984	650.9
	1977	61	12,215	499.4
	1978	74	12,528	590.7
	Total	1,080	130,200	829.5
Nolan County, TX (48353)	1968	202	16,047	1,258.8
	1969	205	16,140	1,270.1
	1970	184	16,255	1,132.0
	1971	197	16,403	1,201.0
	1972	224	17,177	1,304.1
	1973	210	16,459	1,275.9
	1974	183	16,215	1,128.6
	1975	197	16,361	1,204.1
	1976	237	16,636	1,424.6
	1977	196	17,052	1,149.4
	1978	192	17,242	1,113.6
	Total	2,227	181,987	1,223.7
Nueces County, TX (48355)	1968	1,564	227,375	687.9
	1969	1,649	233,428	706.4
	1970	1,695	238,483	710.7
	1971	1,748	247,270	706.9
	1972	1,720	253,070	679.7
	1973	1,762	250,677	702.9
	1974	1,708	250,019	683.1
	1975	1,640	255,116	642.8
	1976	1,802	259,808	693.6
	1977	1,788	260,020	687.6
	1978	1,775	261,044	680.0
	Total	18,851	2,736,310	688.9
Ochiltree County, TX (48357)	1968	66	9,946	663.6
	1969	76	9,792	776.1
	1970	66	9,695	680.8
	1971	68	9,505	715.4
	1972	72	8,921	807.1
	1973	86	8,724	985.8
	1974	70	8,833	792.5
	1975	69	8,990	767.5
	1976	67	9,012	743.5
	1977	73	8,989	812.1
	1978	59	9,058	651.4
	Total	772	101,465	760.9
Oldham County, TX (48359)	1968	12	1,915	626.6 (Unreliable)
	1969	10	2,106	474.8 (Unreliable)
	1970	22	2,259	973.9
	1971	16	2,579	620.4 (Unreliable)
	1972	12	2,649	453.0 (Unreliable)
	1973	21	2,499	840.3
	1974	23	2,495	921.8
	1975	12	2,500	480.0 (Unreliable)
	1976	12	2,471	485.6 (Unreliable)
	1977	14	2,451	571.2 (Unreliable)
	1978	11	2,358	466.5 (Unreliable)
	Total	165	26,282	627.8
Orange County, TX (48361)	1968	498	69,582	715.7
	1969	473	70,424	671.6
	1970	503	71,175	706.7
	1971	477	72,481	658.1
	1972	478	73,615	649.3
	1973	526	72,831	722.2
	1974	528	73,833	715.1
	1975	571	75,420	757.1
	1976	493	77,280	637.9
	1977	518	80,004	647.5
	1978	491	80,748	608.1
	Total	5,556	817,393	679.7
Palo Pinto County, TX (48363)	1968	273	31,502	866.6
	1969	321	30,112	1,066.0
	1970	280	29,140	960.9
	1971	306	27,828	1,099.6
	1972	270	24,028	1,123.7
	1973	275	22,482	1,223.2
	1974	270	20,979	1,287.0
	1975	251	21,746	1,154.2
	1976	315	23,183	1,358.8
	1977	280	23,214	1,206.2
	1978	274	23,129	1,184.7
	Total	3,115	277,343	1,123.2
Panola County, TX (48365)	1968	191	14,918	1,280.3
	1969	184	15,476	1,188.9
	1970	184	15,888	1,158.1
	1971	200	16,689	1,198.4
	1972	220	17,231	1,276.8
	1973	226	16,768	1,347.8
	1974	245	17,274	1,418.3
	1975	179	17,406	1,028.4
	1976	230	17,817	1,290.9
	1977	221	18,715	1,180.9
	1978	242	19,188	1,261.2
	Total	2,322	187,370	1,239.3
Parker County, TX (48367)	1968	308	34,568	891.0
	1969	313	34,102	917.8
	1970	318	33,980	935.8
	1971	287	33,628	853.5
	1972	332	32,208	1,030.8
	1973	319	33,296	958.1
	1974	278	35,108	791.8
	1975	330	34,985	943.3
	1976	298	36,368	819.4
	1977	361	37,614	959.7
	1978	323	39,586	815.9
	Total	3,467	385,443	899.5
Parmer County, TX (48369)	1968	66	9,910	666.0
	1969	62	10,215	607.0
	1970	64	10,531	607.7
	1971	71	11,002	645.3
	1972	66	11,150	591.9
	1973	74	10,689	692.3
	1974	70	10,741	651.7
	1975	55	10,834	507.7
	1976	73	10,793	676.4
	1977	77	10,766	715.2
	1978	68	10,674	637.1
	Total	746	117,305	635.9
Pecos County, TX (48371)	1968	67	14,159	473.2
	1969	83	13,960	594.6
	1970	93	13,720	677.8
	1971	101	13,497	748.3
	1972	78	13,462	579.4
	1973	108	13,052	827.5
	1974	83	13,097	633.7
	1975	99	13,514	732.6
	1976	97	13,602	713.1
	1977	92	13,770	668.1
	1978	102	13,962	730.6
	Total	1,003	149,795	669.6
Polk County, TX (48373)	1968	170	13,354	1,273.0
	1969	191	13,952	1,369.0
	1970	206	14,460	1,424.6
	1971	188	15,432	1,218.2
	1972	178	16,615	1,071.3
	1973	233	17,828	1,306.9
	1974	222	18,461	1,202.5
	1975	229	19,452	1,177.3
	1976	231	20,155	1,146.1
	1977	244	21,138	1,154.3
	1978	271	22,409	1,209.3
	Total	2,363	193,256	1,222.7
Potter County, TX (48375)	1968	925	89,183	1,037.2
	1969	915	90,021	1,016.4
	1970	928	90,927	1,020.6
	1971	893	92,340	967.1
	1972	976	92,816	1,051.5
	1973	947	91,923	1,030.2
	1974	942	91,546	1,029.0
	1975	915	93,680	976.7
	1976	962	95,583	1,006.5
	1977	934	96,239	970.5
	1978	890	95,842	928.6
	Total	10,227	1,020,100	1,002.5
Presidio County, TX (48377)	1968	56	4,610	1,214.8
	1969	45	4,786	940.2
	1970	51	4,879	1,045.3
	1971	47	5,100	921.6
	1972	46	5,133	896.2
	1973	42	5,056	830.7
	1974	45	4,983	903.1
	1975	38	4,987	762.0
	1976	43	5,124	839.2
	1977	40	5,071	788.8
	1978	46	4,988	922.2
	Total	499	54,717	912.0
Rains County, TX (48379)	1968	71	3,473	2,044.3
	1969	53	3,629	1,460.5
	1970	47	3,761	1,249.7
	1971	58	3,962	1,463.9
	1972	76	4,219	1,801.4
	1973	69	4,420	1,561.1
	1974	63	4,321	1,458.0
	1975	37	4,375	845.7
	1976	63	4,484	1,405.0
	1977	53	4,592	1,154.2
	1978	48	4,594	1,044.8
	Total	638	45,830	1,392.1
Randall County, TX (48381)	1968	246	51,875	474.2
	1969	253	52,876	478.5
	1970	248	53,836	460.7
	1971	284	55,309	513.5
	1972	270	57,107	472.8
	1973	257	58,953	435.9
	1974	293	61,576	475.8
	1975	327	61,950	527.8
	1976	347	63,406	547.3
	1977	339	66,498	509.8
	1978	363	69,510	522.2
	Total	3,227	652,896	494.3
Reagan County, TX (48383)	1968	33	3,112	1,060.4
	1969	15	3,180	471.7 (Unreliable)
	1970	18	3,243	555.0 (Unreliable)
	1971	29	3,356	864.1
	1972	14	3,151	444.3 (Unreliable)
	1973	19	2,972	639.3 (Unreliable)
	1974	17	3,132	542.8 (Unreliable)
	1975	15	3,435	436.7 (Unreliable)
	1976	19	3,510	541.3 (Unreliable)
	1977	27	3,592	751.7
	1978	32	3,692	866.7
	Total	238	36,375	654.3
Real County, TX (48385)	1968	18	1,966	915.6 (Unreliable)
	1969	27	1,993	1,354.7
	1970	18	2,021	890.6 (Unreliable)
	1971	27	2,032	1,328.7
	1972	26	2,104	1,235.7
	1973	29	2,230	1,300.4
	1974	24	2,081	1,153.3
	1975	29	2,150	1,348.8
	1976	27	2,178	1,239.7
	1977	20	2,183	916.2
	1978	19	2,246	845.9 (Unreliable)
	Total	264	23,184	1,138.7
Red River County, TX (48387)	1968	224	13,598	1,647.3
	1969	246	13,976	1,760.2
	1970	221	14,348	1,540.3
	1971	230	14,902	1,543.4
	1972	232	15,361	1,510.3
	1973	222	15,398	1,441.7
	1974	232	15,387	1,507.8
	1975	229	15,556	1,472.1
	1976	197	15,559	1,266.1
	1977	203	15,741	1,289.6
	1978	232	15,778	1,470.4
	Total	2,468	165,604	1,490.3
Reeves County, TX (48389)	1968	118	16,561	712.5
	1969	111	16,584	669.3
	1970	111	16,544	670.9
	1971	121	16,605	728.7
	1972	142	16,409	865.4
	1973	99	16,018	618.1
	1974	108	16,378	659.4
	1975	121	16,575	730.0
	1976	119	16,408	725.3
	1977	103	15,889	648.2
	1978	111	15,575	712.7
	Total	1,264	179,546	704.0
Refugio County, TX (48391)	1968	95	9,394	1,011.3
	1969	91	9,429	965.1
	1970	61	9,428	647.0
	1971	35	9,512	368.0
	1972	30	9,366	320.3
	1973	50	9,023	554.1
	1974	47	8,569	548.5
	1975	88	8,698	1,011.7
	1976	101	8,762	1,152.7
	1977	99	8,760	1,130.1
	1978	76	8,746	869.0
	Total	773	99,687	775.4
Roberts County, TX (48393)	1968	15	882	1,700.7 (Unreliable)
	1969	8	928	862.1 (Unreliable)
	1970	11	968	1,136.4 (Unreliable)
	1971	8	1,010	792.1 (Unreliable)
	1972	8	949	843.0 (Unreliable)
	1973	13	1,015	1,280.8 (Unreliable)
	1974	11	1,026	1,072.1 (Unreliable)
	1975	6	1,039	577.5 (Unreliable)
	1976	15	1,035	1,449.3 (Unreliable)
	1977	8	1,055	758.3 (Unreliable)
	1978	9	1,150	782.6 (Unreliable)
	Total	112	11,057	1,012.9
Robertson County, TX (48395)	1968	232	14,256	1,627.4
	1969	224	14,304	1,566.0
	1970	202	14,377	1,405.0
	1971	223	14,544	1,533.3
	1972	242	14,899	1,624.3
	1973	217	14,691	1,477.1
	1974	198	14,543	1,361.5
	1975	211	14,646	1,440.7
	1976	201	14,435	1,392.4
	1977	214	14,490	1,476.9
	1978	204	14,428	1,413.9
	Total	2,368	159,613	1,483.6
Rockwall County, TX (48397)	1968	53	6,629	799.5
	1969	66	6,821	967.6
	1970	77	7,020	1,096.9
	1971	57	7,368	773.6
	1972	62	7,734	801.7
	1973	63	8,866	710.6
	1974	56	9,548	586.5
	1975	64	9,661	662.5
	1976	98	10,163	964.3
	1977	89	10,909	815.8
	1978	77	11,964	643.6
	Total	762	96,683	788.1
Runnels County, TX (48399)	1968	175	12,343	1,417.8
	1969	187	12,178	1,535.6
	1970	172	12,101	1,421.4
	1971	169	11,973	1,411.5
	1972	188	12,238	1,536.2
	1973	166	11,767	1,410.7
	1974	142	11,724	1,211.2
	1975	177	11,665	1,517.4
	1976	166	11,618	1,428.8
	1977	155	11,608	1,335.3
	1978	160	11,622	1,376.7
	Total	1,857	130,837	1,419.3
Rusk County, TX (48401)	1968	468	33,387	1,401.7
	1969	456	33,738	1,351.6
	1970	451	34,189	1,319.1
	1971	396	34,747	1,139.7
	1972	426	35,862	1,187.9
	1973	502	36,365	1,380.4
	1974	448	37,264	1,202.2
	1975	482	37,699	1,278.5
	1976	495	38,342	1,291.0
	1977	463	39,566	1,170.2
	1978	475	40,447	1,174.4
	Total	5,062	401,606	1,260.4
Sabine County, TX (48403)	1968	123	7,172	1,715.0
	1969	108	7,189	1,502.3
	1970	116	7,193	1,612.7
	1971	93	7,243	1,284.0
	1972	98	7,499	1,306.8
	1973	113	7,719	1,463.9
	1974	93	7,661	1,213.9
	1975	110	7,823	1,406.1
	1976	118	7,900	1,493.7
	1977	95	8,036	1,182.2
	1978	89	8,264	1,077.0
	Total	1,156	83,699	1,381.1
San Augustine County, TX (48405)	1968	92	7,639	1,204.3
	1969	85	7,729	1,099.8
	1970	92	7,873	1,168.6
	1971	89	8,020	1,109.7
	1972	102	8,164	1,249.4
	1973	90	8,124	1,107.8
	1974	102	8,189	1,245.6
	1975	113	8,286	1,363.7
	1976	123	8,401	1,464.1
	1977	97	8,701	1,114.8
	1978	118	8,668	1,361.3
	Total	1,103	89,794	1,228.4
San Jacinto County, TX (48407)	1968	84	6,462	1,299.9
	1969	91	6,549	1,389.5
	1970	56	6,664	840.3
	1971	100	6,900	1,449.3
	1972	72	7,752	928.8
	1973	89	8,171	1,089.2
	1974	76	8,204	926.4
	1975	93	8,371	1,111.0
	1976	84	8,222	1,021.6
	1977	68	9,105	746.8
	1978	96	9,803	979.3
	Total	909	86,203	1,054.5
San Patricio County, TX (48409)	1968	366	46,668	784.3
	1969	316	47,057	671.5
	1970	332	47,357	701.1
	1971	355	47,910	741.0
	1972	374	49,654	753.2
	1973	373	50,758	734.9
	1974	378	50,103	754.4
	1975	393	50,716	774.9
	1976	379	51,885	730.5
	1977	375	53,125	705.9
	1978	391	54,003	724.0
	Total	4,032	549,236	734.1
San Saba County, TX (48411)	1968	88	5,569	1,580.2
	1969	96	5,544	1,731.6
	1970	86	5,561	1,546.5
	1971	99	5,542	1,786.4
	1972	106	5,809	1,824.8
	1973	76	5,665	1,341.6
	1974	104	5,631	1,846.9
	1975	104	5,653	1,839.7
	1976	83	5,520	1,503.6
	1977	87	5,431	1,601.9
	1978	106	5,427	1,953.2
	Total	1,035	61,352	1,687.0
Schleicher County, TX (48413)	1968	30	2,345	1,279.3
	1969	27	2,298	1,174.9
	1970	31	2,273	1,363.8
	1971	26	2,221	1,170.6
	1972	36	2,216	1,624.5
	1973	20	2,469	810.0
	1974	26	2,364	1,099.8
	1975	18	2,473	727.9 (Unreliable)
	1976	33	2,570	1,284.0
	1977	21	2,592	810.2
	1978	33	2,660	1,240.6
	Total	301	26,481	1,136.7
Scurry County, TX (48415)	1968	138	14,945	923.4
	1969	160	15,396	1,039.2
	1970	143	15,750	907.9
	1971	151	16,459	917.4
	1972	168	17,719	948.1
	1973	179	17,131	1,044.9
	1974	147	17,189	855.2
	1975	174	17,688	983.7
	1976	177	18,091	978.4
	1977	176	18,063	974.4
	1978	174	18,267	952.5
	Total	1,787	186,698	957.2
Shackelford County, TX (48417)	1968	53	3,156	1,679.3
	1969	60	3,243	1,850.1
	1970	45	3,332	1,350.5
	1971	45	3,473	1,295.7
	1972	38	3,306	1,149.4
	1973	53	3,435	1,542.9
	1974	61	3,441	1,772.7
	1975	48	3,555	1,350.2
	1976	42	3,531	1,189.5
	1977	52	3,575	1,454.5
	1978	50	3,643	1,372.5
	Total	547	37,690	1,451.3
Shelby County, TX (48419)	1968	267	18,902	1,412.5
	1969	282	19,371	1,455.8
	1970	286	19,731	1,449.5
	1971	256	20,309	1,260.5
	1972	280	20,504	1,365.6
	1973	305	21,199	1,438.7
	1974	306	21,395	1,430.2
	1975	281	21,715	1,294.0
	1976	313	21,675	1,444.1
	1977	309	22,043	1,401.8
	1978	311	22,308	1,394.1
	Total	3,196	229,152	1,394.7
Sherman County, TX (48421)	1968	28	3,813	734.3
	1969	31	3,712	835.1
	1970	19	3,644	521.4 (Unreliable)
	1971	16	3,534	452.7 (Unreliable)
	1972	20	3,294	607.2
	1973	28	3,303	847.7
	1974	21	3,451	608.5
	1975	22	3,453	637.1
	1976	35	3,503	999.1
	1977	24	3,448	696.1
	1978	23	3,330	690.7
	Total	267	38,485	693.8
Smith County, TX (48423)	1968	949	93,827	1,011.4
	1969	897	95,728	937.0
	1970	945	97,317	971.1
	1971	965	99,987	965.1
	1972	1,008	103,933	969.9
	1973	1,070	105,794	1,011.4
	1974	1,035	108,724	952.0
	1975	1,052	111,606	942.6
	1976	1,013	114,194	887.1
	1977	1,094	117,201	933.4
	1978	1,111	120,763	920.0
	Total	11,139	1,169,074	952.8
Somervell County, TX (48425)	1968	46	2,724	1,688.7
	1969	33	2,761	1,195.2
	1970	45	2,788	1,614.1
	1971	45	2,844	1,582.3
	1972	34	2,854	1,191.3
	1973	48	2,918	1,645.0
	1974	53	3,064	1,729.8
	1975	41	3,140	1,305.7
	1976	46	3,427	1,342.3
	1977	45	3,758	1,197.4
	1978	39	3,757	1,038.1
	Total	475	34,035	1,395.6
Starr County, TX (48427)	1968	113	16,858	670.3
	1969	119	17,502	679.9
	1970	118	17,855	660.9
	1971	100	18,633	536.7
	1972	134	19,456	688.7
	1973	114	20,692	550.9
	1974	132	20,854	633.0
	1975	137	22,220	616.6
	1976	139	23,587	589.3
	1977	119	24,325	489.2
	1978	144	25,142	572.7
	Total	1,369	227,124	602.8
Stephens County, TX (48429)	1968	116	8,122	1,428.2
	1969	117	8,282	1,412.7
	1970	131	8,448	1,550.7
	1971	133	8,662	1,535.4
	1972	130	8,729	1,489.3
	1973	139	8,200	1,695.1
	1974	139	8,423	1,650.2
	1975	152	8,569	1,773.8
	1976	158	8,969	1,761.6
	1977	158	9,112	1,734.0
	1978	140	9,379	1,492.7
	Total	1,513	94,895	1,594.4
Sterling County, TX (48431)	1968	18	958	1,878.9 (Unreliable)
	1969	7	1,010	693.1 (Unreliable)
	1970	10	1,056	947.0 (Unreliable)
	1971	12	1,155	1,039.0 (Unreliable)
	1972	8	1,094	731.3 (Unreliable)
	1973	12	1,042	1,151.6 (Unreliable)
	1974	12	1,031	1,163.9 (Unreliable)
	1975	11	1,033	1,064.9 (Unreliable)
	1976	14	1,020	1,372.5 (Unreliable)
	1977	15	1,061	1,413.8 (Unreliable)
	1978	13	1,131	1,149.4 (Unreliable)
	Total	132	11,591	1,138.8
Stonewall County, TX (48433)	1968	39	2,281	1,709.8
	1969	30	2,347	1,278.2
	1970	33	2,401	1,374.4
	1971	38	2,496	1,522.4
	1972	20	2,345	852.9
	1973	36	2,292	1,570.7
	1974	36	2,340	1,538.5
	1975	31	2,250	1,377.8
	1976	35	2,250	1,555.6
	1977	36	2,232	1,612.9
	1978	32	2,269	1,410.3
	Total	366	25,503	1,435.1
Sutton County, TX (48435)	1968	24	3,210	747.7
	1969	37	3,180	1,163.5
	1970	36	3,183	1,131.0
	1971	31	3,176	976.1
	1972	44	3,085	1,426.3
	1973	34	3,390	1,002.9
	1974	45	3,829	1,175.2
	1975	40	4,289	932.6
	1976	35	4,718	741.8
	1977	33	4,978	662.9
	1978	35	4,739	738.6
	Total	394	41,777	943.1
Swisher County, TX (48437)	1968	78	10,195	765.1
	1969	89	10,267	866.9
	1970	103	10,401	990.3
	1971	96	10,546	910.3
	1972	84	10,526	798.0
	1973	96	10,577	907.6
	1974	108	10,340	1,044.5
	1975	92	10,379	886.4
	1976	111	10,406	1,066.7
	1977	90	10,164	885.5
	1978	100	10,114	988.7
	Total	1,047	113,915	919.1
Tarrant County, TX (48439)	1968	5,364	702,546	763.5
	1969	5,412	710,180	762.1
	1970	5,487	717,745	764.5
	1971	5,569	727,051	766.0
	1972	5,736	721,534	795.0
	1973	5,852	726,619	805.4
	1974	5,715	746,089	766.0
	1975	5,676	758,972	747.9
	1976	5,629	781,232	720.5
	1977	5,761	794,616	725.0
	1978	5,995	810,759	739.4
	Total	62,196	8,197,343	758.7
Taylor County, TX (48441)	1968	720	95,790	751.6
	1969	811	97,107	835.2
	1970	751	98,131	765.3
	1971	811	99,943	811.5
	1972	832	103,411	804.6
	1973	813	102,464	793.4
	1974	787	103,616	759.5
	1975	806	105,552	763.6
	1976	871	107,109	813.2
	1977	835	106,510	784.0
	1978	856	107,385	797.1
	Total	8,893	1,127,018	789.1
Terrell County, TX (48443)	1968	25	2,076	1,204.2
	1969	14	1,971	710.3 (Unreliable)
	1970	9	1,939	464.2 (Unreliable)
	1971	11	1,834	599.8 (Unreliable)
	1972	26	1,998	1,301.3
	1973	17	1,850	918.9 (Unreliable)
	1974	17	1,856	915.9 (Unreliable)
	1975	21	1,811	1,159.6
	1976	10	1,719	581.7 (Unreliable)
	1977	17	1,648	1,031.6 (Unreliable)
	1978	14	1,622	863.1 (Unreliable)
	Total	181	20,324	890.6
Terry County, TX (48445)	1968	119	13,702	868.5
	1969	120	13,929	861.5
	1970	118	14,164	833.1
	1971	110	14,574	754.8
	1972	128	14,720	869.6
	1973	124	14,485	856.1
	1974	114	14,127	807.0
	1975	118	14,521	812.6
	1976	117	14,154	826.6
	1977	112	14,472	773.9
	1978	124	14,550	852.2
	Total	1,304	157,398	828.5
Throckmorton County, TX (48447)	1968	37	2,008	1,842.6
	1969	28	2,122	1,319.5
	1970	42	2,211	1,899.6
	1971	32	2,375	1,347.4
	1972	46	2,302	1,998.3
	1973	40	2,331	1,716.0
	1974	39	2,159	1,806.4
	1975	45	2,089	2,154.1
	1976	31	2,079	1,491.1
	1977	41	2,014	2,035.7
	1978	31	2,027	1,529.4
	Total	412	23,717	1,737.2
Titus County, TX (48449)	1968	213	15,794	1,348.6
	1969	219	16,281	1,345.1
	1970	212	16,751	1,265.6
	1971	224	17,477	1,281.7
	1972	220	17,674	1,244.8
	1973	241	18,253	1,320.3
	1974	214	18,650	1,147.5
	1975	223	19,158	1,164.0
	1976	242	19,573	1,236.4
	1977	225	20,050	1,122.2
	1978	237	20,503	1,155.9
	Total	2,470	200,164	1,234.0
Tom Green County, TX (48451)	1968	667	68,776	969.8
	1969	693	70,047	989.3
	1970	729	71,255	1,023.1
	1971	720	73,250	982.9
	1972	728	72,590	1,002.9
	1973	753	74,813	1,006.5
	1974	771	75,756	1,017.7
	1975	729	77,536	940.2
	1976	782	78,835	991.9
	1977	723	79,548	908.9
	1978	747	80,803	924.5
	Total	8,042	823,209	976.9
Travis County, TX (48453)	1968	1,843	278,429	661.9
	1969	1,873	288,401	649.4
	1970	1,841	296,677	620.5
	1971	1,933	311,001	621.5
	1972	2,102	332,607	632.0
	1973	2,126	349,401	608.5
	1974	2,153	358,787	600.1
	1975	2,013	369,585	544.7
	1976	2,075	386,043	537.5
	1977	2,138	393,905	542.8
	1978	2,218	391,348	566.8
	Total	22,315	3,756,184	594.1
Trinity County, TX (48455)	1968	107	7,292	1,467.4
	1969	100	7,483	1,336.4
	1970	123	7,669	1,603.9
	1971	103	7,940	1,297.2
	1972	108	7,933	1,361.4
	1973	126	8,226	1,531.7
	1974	146	8,368	1,744.7
	1975	127	8,286	1,532.7
	1976	122	8,555	1,426.1
	1977	125	8,681	1,439.9
	1978	144	8,713	1,652.7
	Total	1,331	89,146	1,493.1
Tyler County, TX (48457)	1968	163	12,277	1,327.7
	1969	167	12,347	1,352.6
	1970	167	12,412	1,345.5
	1971	147	12,608	1,165.9
	1972	192	13,064	1,469.7
	1973	176	13,762	1,278.9
	1974	182	13,722	1,326.3
	1975	176	13,812	1,274.3
	1976	191	14,211	1,344.0
	1977	167	14,822	1,126.7
	1978	177	15,296	1,157.2
	Total	1,905	148,333	1,284.3
Upshur County, TX (48459)	1968	263	19,076	1,378.7
	1969	231	20,126	1,147.8
	1970	229	21,006	1,090.2
	1971	303	22,509	1,346.1
	1972	274	23,457	1,168.1
	1973	293	22,871	1,281.1
	1974	254	23,887	1,063.3
	1975	248	24,302	1,020.5
	1976	312	24,815	1,257.3
	1977	284	25,841	1,099.0
	1978	291	26,779	1,086.7
	Total	2,982	254,669	1,170.9
Upton County, TX (48461)	1968	31	4,731	655.3
	1969	36	4,695	766.8
	1970	37	4,698	787.6
	1971	22	4,687	469.4
	1972	32	4,539	705.0
	1973	31	4,406	703.6
	1974	43	4,376	982.6
	1975	31	4,639	668.2
	1976	38	4,697	809.0
	1977	33	4,635	712.0
	1978	36	4,541	792.8
	Total	370	50,644	730.6
Uvalde County, TX (48463)	1968	174	16,969	1,025.4
	1969	178	17,180	1,036.1
	1970	184	17,403	1,057.3
	1971	162	17,806	909.8
	1972	182	18,275	995.9
	1973	169	19,113	884.2
	1974	164	19,451	843.1
	1975	159	20,118	790.3
	1976	182	20,725	878.2
	1977	177	21,085	839.5
	1978	171	21,707	787.8
	Total	1,902	209,832	906.4
Val Verde County, TX (48465)	1968	196	26,523	739.0
	1969	204	27,315	746.8
	1970	182	27,753	655.8
	1971	210	28,874	727.3
	1972	186	29,859	622.9
	1973	211	30,673	687.9
	1974	205	31,472	651.4
	1975	211	32,354	652.2
	1976	209	33,346	626.8
	1977	201	33,684	596.7
	1978	213	33,988	626.7
	Total	2,228	335,841	663.4
Van Zandt County, TX (48467)	1968	257	19,359	1,327.5
	1969	277	20,919	1,324.2
	1970	306	22,163	1,380.7
	1971	336	24,462	1,373.6
	1972	390	26,248	1,485.8
	1973	351	26,982	1,300.9
	1974	355	27,933	1,270.9
	1975	338	27,979	1,208.0
	1976	375	28,370	1,321.8
	1977	346	29,305	1,180.7
	1978	343	29,792	1,151.3
	Total	3,674	283,512	1,295.9
Victoria County, TX (48469)	1968	402	52,779	761.7
	1969	421	53,367	788.9
	1970	441	53,825	819.3
	1971	429	54,678	784.6
	1972	412	55,017	748.9
	1973	415	56,513	734.3
	1974	465	57,535	808.2
	1975	456	59,333	768.5
	1976	438	60,716	721.4
	1977	450	61,904	726.9
	1978	495	64,198	771.1
	Total	4,824	629,865	765.9
Walker County, TX (48471)	1968	212	25,229	840.3
	1969	186	26,629	698.5
	1970	197	27,792	708.8
	1971	171	29,885	572.2
	1972	210	33,508	626.7
	1973	200	35,620	561.5
	1974	200	36,956	541.2
	1975	201	35,533	565.7
	1976	211	36,074	584.9
	1977	214	36,703	583.1
	1978	196	38,480	509.4
	Total	2,198	362,409	606.5
Waller County, TX (48473)	1968	147	13,611	1,080.0
	1969	134	14,006	956.7
	1970	139	14,301	972.0
	1971	128	14,833	862.9
	1972	142	15,208	933.7
	1973	141	15,757	894.8
	1974	118	16,057	734.9
	1975	132	16,468	801.6
	1976	151	16,895	893.8
	1977	166	17,223	963.8
	1978	138	17,989	767.1
	Total	1,536	172,348	891.2
Ward County, TX (48475)	1968	98	13,058	750.5
	1969	99	13,009	761.0
	1970	91	13,028	698.5
	1971	105	13,006	807.3
	1972	100	12,439	803.9
	1973	110	12,683	867.3
	1974	95	12,355	768.9
	1975	90	12,612	713.6
	1976	114	12,693	898.1
	1977	99	12,625	784.2
	1978	111	12,801	867.1
	Total	1,112	140,309	792.5
Washington County, TX (48477)	1968	270	18,953	1,424.6
	1969	311	18,875	1,647.7
	1970	241	18,873	1,277.0
	1971	279	18,895	1,476.6
	1972	252	19,278	1,307.2
	1973	268	19,937	1,344.2
	1974	293	20,121	1,456.2
	1975	260	20,084	1,294.6
	1976	296	20,583	1,438.1
	1977	250	20,618	1,212.5
	1978	310	20,992	1,476.8
	Total	3,030	217,209	1,395.0
Webb County, TX (48479)	1968	575	68,596	838.2
	1969	517	71,970	718.4
	1970	508	73,624	690.0
	1971	519	78,224	663.5
	1972	538	81,467	660.4
	1973	570	83,196	685.1
	1974	548	77,738	704.9
	1975	493	83,375	591.3
	1976	579	88,843	651.7
	1977	566	92,006	615.2
	1978	546	94,177	579.8
	Total	5,959	893,216	667.1
Wharton County, TX (48481)	1968	376	36,288	1,036.2
	1969	394	36,456	1,080.8
	1970	324	36,733	882.0
	1971	392	37,175	1,054.5
	1972	442	37,467	1,179.7
	1973	373	36,907	1,010.6
	1974	325	36,261	896.3
	1975	380	37,045	1,025.8
	1976	408	37,364	1,092.0
	1977	396	38,222	1,036.1
	1978	394	38,597	1,020.8
	Total	4,204	408,515	1,029.1
Wheeler County, TX (48483)	1968	90	6,423	1,401.2
	1969	103	6,425	1,603.1
	1970	104	6,439	1,615.2
	1971	98	6,455	1,518.2
	1972	98	6,256	1,566.5
	1973	105	6,250	1,680.0
	1974	97	6,270	1,547.0
	1975	109	6,435	1,693.9
	1976	88	6,406	1,373.7
	1977	98	6,507	1,506.1
	1978	69	6,653	1,037.1
	Total	1,059	70,519	1,501.7
Wichita County, TX (48485)	1968	1,042	119,676	870.7
	1969	1,037	120,412	861.2
	1970	1,015	121,040	838.6
	1971	1,061	122,137	868.7
	1972	1,066	120,114	887.5
	1973	1,004	119,700	838.8
	1974	1,082	121,478	890.7
	1975	1,033	121,435	850.7
	1976	945	124,415	759.6
	1977	916	123,122	744.0
	1978	1,040	121,800	853.9
	Total	11,241	1,335,329	841.8
Wilbarger County, TX (48487)	1968	214	14,974	1,429.1
	1969	203	15,216	1,334.1
	1970	180	15,354	1,172.3
	1971	228	15,660	1,455.9
	1972	238	16,323	1,458.1
	1973	217	15,418	1,407.4
	1974	196	15,534	1,261.7
	1975	196	15,904	1,232.4
	1976	202	15,630	1,292.4
	1977	177	15,723	1,125.7
	1978	206	15,743	1,308.5
	Total	2,257	171,479	1,316.2
Willacy County, TX (48489)	1968	135	15,110	893.4
	1969	114	15,378	741.3
	1970	112	15,646	715.8
	1971	117	16,125	725.6
	1972	118	16,178	729.4
	1973	115	16,393	701.5
	1974	144	16,492	873.2
	1975	131	17,260	759.0
	1976	130	17,540	741.2
	1977	130	17,423	746.1
	1978	126	17,402	724.1
	Total	1,372	180,947	758.2
Williamson County, TX (48491)	1968	460	34,810	1,321.5
	1969	415	36,208	1,146.2
	1970	447	37,382	1,195.8
	1971	445	39,590	1,124.0
	1972	510	42,465	1,201.0
	1973	511	46,870	1,090.2
	1974	479	48,124	995.3
	1975	471	50,277	936.8
	1976	459	53,022	865.7
	1977	439	58,099	755.6
	1978	512	64,961	788.2
	Total	5,148	511,808	1,005.8
Wilson County, TX (48493)	1968	124	12,776	970.6
	1969	160	12,909	1,239.4
	1970	117	13,020	898.6
	1971	149	13,251	1,124.4
	1972	140	13,723	1,020.2
	1973	141	14,186	993.9
	1974	149	14,397	1,034.9
	1975	146	14,632	997.8
	1976	115	14,656	784.7
	1977	139	14,975	928.2
	1978	126	15,330	821.9
	Total	1,506	153,855	978.8
Winkler County, TX (48495)	1968	93	10,026	927.6
	1969	79	9,806	805.6
	1970	70	9,648	725.5
	1971	66	9,420	700.6
	1972	86	9,242	930.5
	1973	60	9,033	664.2
	1974	72	8,848	813.7
	1975	89	9,348	952.1
	1976	84	9,480	886.1
	1977	87	9,597	906.5
	1978	83	9,580	866.4
	Total	869	104,028	835.4
Wise County, TX (48497)	1968	256	18,964	1,349.9
	1969	257	19,362	1,327.3
	1970	248	19,716	1,257.9
	1971	223	20,255	1,101.0
	1972	232	20,720	1,119.7
	1973	258	21,862	1,180.1
	1974	239	22,362	1,068.8
	1975	226	22,712	995.1
	1976	242	23,186	1,043.7
	1977	227	23,795	954.0
	1978	222	24,750	897.0
	Total	2,630	237,684	1,106.5
Wood County, TX (48499)	1968	271	16,770	1,616.0
	1969	247	17,789	1,388.5
	1970	290	18,600	1,559.1
	1971	311	20,120	1,545.7
	1972	276	20,657	1,336.1
	1973	338	20,861	1,620.2
	1974	331	21,268	1,556.3
	1975	267	21,720	1,229.3
	1976	311	22,010	1,413.0
	1977	316	22,998	1,374.0
	1978	339	23,272	1,456.7
	Total	3,297	226,065	1,458.4
Yoakum County, TX (48501)	1968	47	7,247	648.5
	1969	39	7,310	533.5
	1970	47	7,350	639.5
	1971	38	7,439	510.8
	1972	50	7,573	660.2
	1973	43	7,540	570.3
	1974	48	7,697	623.6
	1975	50	7,803	640.8
	1976	46	7,853	585.8
	1977	59	7,690	767.2
	1978	58	7,956	729.0
	Total	525	83,458	629.1
Young County, TX (48503)	1968	204	14,940	1,365.5
	1969	188	15,121	1,243.3
	1970	201	15,356	1,308.9
	1971	227	15,752	1,441.1
	1972	198	15,496	1,277.7
	1973	196	15,066	1,300.9
	1974	243	15,507	1,567.0
	1975	233	15,972	1,458.8
	1976	236	16,179	1,458.7
	1977	248	16,858	1,471.1
	1978	253	17,321	1,460.7
	Total	2,427	173,568	1,398.3
Zapata County, TX (48505)	1968	42	4,109	1,022.1
	1969	58	4,261	1,361.2
	1970	42	4,343	967.1
	1971	53	4,546	1,165.9
	1972	44	4,625	951.4
	1973	49	4,719	1,038.4
	1974	44	4,815	913.8
	1975	42	5,058	830.4
	1976	45	5,396	834.0
	1977	44	5,692	773.0
	1978	54	6,043	893.6
	Total	517	53,607	964.4
Zavala County, TX (48507)	1968	86	10,994	782.2
	1969	93	11,196	830.7
	1970	90	11,478	784.1
	1971	91	11,808	770.7
	1972	58	11,695	495.9
	1973	70	11,539	606.6
	1974	94	10,990	855.3
	1975	81	11,698	692.4
	1976	68	11,798	576.4
	1977	89	11,808	753.7
	1978	88	11,706	751.8
	Total	908	126,710	716.6
Total		1,080,180	132,943,143	812.5
