
                        
                      	Year	
                        
                      	
                        
                      	
                        
                      
Allen County, KS (20001)	1999	195	14,444	1,350.0
	2000	169	14,385	1,174.8
	2001	192	14,171	1,354.9
	2002	168	14,110	1,190.6
	2003	211	13,940	1,513.6
	2004	176	13,923	1,264.1
	2005	169	13,733	1,230.6
	2006	181	13,639	1,327.1
	2007	174	13,545	1,284.6
	2008	164	13,422	1,221.9
	2009	175	13,407	1,305.3
	2010	182	13,371	1,361.2
	2011	194	13,350	1,453.2
	2012	182	13,349	1,363.4
Anderson County, KS (20003)	1999	92	8,144	1,129.7
	2000	104	8,110	1,282.4
	2001	99	8,195	1,208.1
	2002	109	8,143	1,338.6
	2003	104	8,190	1,269.8
	2004	97	8,101	1,197.4
	2005	103	8,087	1,273.6
	2006	100	8,023	1,246.4
	2007	75	8,040	932.8
	2008	96	8,158	1,176.8
	2009	107	8,101	1,320.8
	2010	95	8,102	1,172.5
	2011	106	8,065	1,314.3
	2012	96	7,942	1,208.8
Atchison County, KS (20005)	1999	190	16,823	1,129.4
	2000	184	16,774	1,096.9
	2001	175	16,868	1,037.5
	2002	208	16,823	1,236.4
	2003	176	16,875	1,043.0
	2004	191	16,937	1,127.7
	2005	177	16,865	1,049.5
	2006	191	16,902	1,130.0
	2007	191	16,864	1,132.6
	2008	183	16,820	1,088.0
	2009	180	16,965	1,061.0
	2010	190	16,924	1,122.7
	2011	187	16,788	1,113.9
	2012	163	16,821	969.0
Barber County, KS (20007)	1999	73	5,331	1,369.3
	2000	73	5,307	1,375.5
	2001	66	5,158	1,279.6
	2002	77	5,088	1,513.4
	2003	56	5,049	1,109.1
	2004	76	5,004	1,518.8
	2005	66	4,984	1,324.2
	2006	65	5,003	1,299.2
	2007	82	4,927	1,664.3
	2008	67	4,844	1,383.2
	2009	61	4,882	1,249.5
	2010	52	4,861	1,069.7
	2011	54	4,933	1,094.7
	2012	67	4,881	1,372.7
Barton County, KS (20009)	1999	351	28,501	1,231.5
	2000	351	28,205	1,244.5
	2001	315	27,771	1,134.3
	2002	293	27,684	1,058.4
	2003	304	27,581	1,102.2
	2004	320	27,390	1,168.3
	2005	270	27,536	980.5
	2006	314	27,460	1,143.5
	2007	285	27,492	1,036.7
	2008	349	27,314	1,277.7
	2009	305	27,526	1,108.0
	2010	296	27,674	1,069.6
	2011	330	27,709	1,190.9
	2012	307	27,577	1,113.2
Bourbon County, KS (20011)	1999	197	15,316	1,286.2
	2000	222	15,379	1,443.5
	2001	187	15,368	1,216.8
	2002	225	15,200	1,480.3
	2003	181	15,187	1,191.8
	2004	194	15,110	1,283.9
	2005	186	15,002	1,239.8
	2006	207	14,990	1,380.9
	2007	169	15,038	1,123.8
	2008	199	15,127	1,315.5
	2009	166	15,157	1,095.2
	2010	178	15,173	1,173.1
	2011	179	14,953	1,197.1
	2012	179	14,894	1,201.8
Brown County, KS (20013)	1999	134	10,802	1,240.5
	2000	135	10,724	1,258.9
	2001	130	10,555	1,231.6
	2002	149	10,373	1,436.4
	2003	130	10,271	1,265.7
	2004	142	10,253	1,385.0
	2005	150	10,087	1,487.1
	2006	175	10,111	1,730.8
	2007	143	10,036	1,424.9
	2008	121	9,988	1,211.5
	2009	139	9,972	1,393.9
	2010	104	9,984	1,041.7
	2011	139	9,987	1,391.8
	2012	128	9,909	1,291.8
Butler County, KS (20015)	1999	513	59,186	866.8
	2000	581	59,482	976.8
	2001	494	59,894	824.8
	2002	533	60,473	881.4
	2003	533	61,056	873.0
	2004	551	61,849	890.9
	2005	546	62,547	872.9
	2006	540	63,571	849.4
	2007	578	64,213	900.1
	2008	549	64,941	845.4
	2009	573	65,617	873.2
	2010	615	65,880	933.5
	2011	588	65,861	892.8
	2012	624	65,730	949.3
Chase County, KS (20017)	1999	53	3,003	1,764.9
	2000	37	3,030	1,221.1
	2001	40	2,966	1,348.6
	2002	41	3,008	1,363.0
	2003	44	2,942	1,495.6
	2004	22	2,996	734.3
	2005	28	2,962	945.3
	2006	47	2,949	1,593.8
	2007	30	2,840	1,056.3
	2008	36	2,810	1,281.1
	2009	25	2,779	899.6
	2010	41	2,790	1,469.5
	2011	34	2,795	1,216.5
	2012	30	2,752	1,090.1
Chautauqua County, KS (20019)	1999	58	4,366	1,328.4
	2000	65	4,359	1,491.2
	2001	76	4,240	1,792.5
	2002	88	4,183	2,103.8
	2003	69	4,143	1,665.5
	2004	63	4,139	1,522.1
	2005	73	3,989	1,830.0
	2006	63	3,836	1,642.3
	2007	60	3,757	1,597.0
	2008	70	3,735	1,874.2
	2009	53	3,691	1,435.9
	2010	52	3,669	1,417.3
	2011	64	3,611	1,772.4
	2012	51	3,571	1,428.2
Cherokee County, KS (20021)	1999	258	22,678	1,137.7
	2000	277	22,605	1,225.4
	2001	261	22,338	1,168.4
	2002	254	22,185	1,144.9
	2003	255	22,138	1,151.9
	2004	262	22,124	1,184.2
	2005	305	21,750	1,402.3
	2006	269	21,855	1,230.8
	2007	289	21,896	1,319.9
	2008	291	21,720	1,339.8
	2009	264	21,658	1,218.9
	2010	278	21,603	1,286.9
	2011	277	21,392	1,294.9
	2012	273	21,213	1,286.9
Cheyenne County, KS (20023)	1999	33	3,214	1,026.8
	2000	43	3,165	1,358.6
	2001	42	3,083	1,362.3
	2002	40	3,033	1,318.8
	2003	40	2,957	1,352.7
	2004	36	2,922	1,232.0
	2005	49	2,880	1,701.4
	2006	46	2,866	1,605.0
	2007	48	2,810	1,708.2
	2008	37	2,778	1,331.9
	2009	52	2,743	1,895.7
	2010	39	2,726	1,430.7
	2011	39	2,702	1,443.4
	2012	43	2,683	1,602.7
Clark County, KS (20025)	1999	37	2,413	1,533.4
	2000	28	2,390	1,171.5
	2001	23	2,393	961.1
	2002	38	2,372	1,602.0
	2003	22	2,364	930.6
	2004	33	2,358	1,399.5
	2005	37	2,298	1,610.1
	2006	30	2,252	1,332.1
	2007	28	2,200	1,272.7
	2008	30	2,225	1,348.3
	2009	33	2,242	1,471.9
	2010	30	2,215	1,354.4
	2011	38	2,129	1,784.9
	2012	30	2,175	1,379.3
Clay County, KS (20027)	1999	117	8,829	1,325.2
	2000	107	8,822	1,212.9
	2001	99	8,730	1,134.0
	2002	126	8,607	1,463.9
	2003	84	8,493	989.0
	2004	106	8,447	1,254.9
	2005	120	8,444	1,421.1
	2006	110	8,458	1,300.5
	2007	119	8,527	1,395.6
	2008	123	8,618	1,427.2
	2009	111	8,500	1,305.9
	2010	108	8,535	1,265.4
	2011	104	8,523	1,220.2
	2012	89	8,523	1,044.2
Cloud County, KS (20029)	1999	150	10,375	1,445.8
	2000	175	10,268	1,704.3
	2001	154	10,090	1,526.3
	2002	159	9,948	1,598.3
	2003	170	9,886	1,719.6
	2004	153	9,739	1,571.0
	2005	138	9,741	1,416.7
	2006	150	9,560	1,569.0
	2007	161	9,525	1,690.3
	2008	148	9,541	1,551.2
	2009	155	9,545	1,623.9
	2010	132	9,533	1,384.7
	2011	130	9,376	1,386.5
	2012	131	9,361	1,399.4
Coffey County, KS (20031)	1999	86	8,839	973.0
	2000	95	8,865	1,071.6
	2001	129	8,828	1,461.3
	2002	111	8,784	1,263.7
	2003	109	8,795	1,239.3
	2004	101	8,694	1,161.7
	2005	128	8,622	1,484.6
	2006	112	8,652	1,294.5
	2007	94	8,542	1,100.4
	2008	105	8,563	1,226.2
	2009	83	8,566	968.9
	2010	112	8,601	1,302.2
	2011	107	8,524	1,255.3
	2012	103	8,490	1,213.2
Comanche County, KS (20033)	1999	40	2,008	1,992.0
	2000	31	1,967	1,576.0
	2001	25	1,984	1,260.1
	2002	47	1,956	2,402.9
	2003	34	1,910	1,780.1
	2004	31	1,905	1,627.3
	2005	34	1,931	1,760.7
	2006	39	1,842	2,117.3
	2007	44	1,841	2,390.0
	2008	28	1,902	1,472.1
	2009	27	1,878	1,437.7
	2010	39	1,891	2,062.4
	2011	29	1,885	1,538.5
	2012	23	1,921	1,197.3
Cowley County, KS (20035)	1999	475	36,443	1,303.4
	2000	440	36,291	1,212.4
	2001	437	36,103	1,210.4
	2002	443	36,680	1,207.7
	2003	435	36,300	1,198.3
	2004	417	36,317	1,148.2
	2005	431	35,928	1,199.6
	2006	398	35,787	1,112.1
	2007	422	36,148	1,167.4
	2008	409	36,284	1,127.2
	2009	418	36,195	1,154.9
	2010	415	36,311	1,142.9
	2011	453	36,216	1,250.8
	2012	406	36,244	1,120.2
Crawford County, KS (20037)	1999	460	38,195	1,204.3
	2000	484	38,242	1,265.6
	2001	447	38,434	1,163.0
	2002	444	38,330	1,158.4
	2003	480	38,631	1,242.5
	2004	424	38,656	1,096.9
	2005	461	38,638	1,193.1
	2006	438	38,855	1,127.3
	2007	476	38,922	1,223.0
	2008	424	38,997	1,087.3
	2009	367	38,966	941.8
	2010	439	39,134	1,121.8
	2011	430	39,159	1,098.1
	2012	414	39,314	1,053.1
Decatur County, KS (20039)	1999	49	3,504	1,398.4
	2000	47	3,472	1,353.7
	2001	59	3,450	1,710.1
	2002	56	3,381	1,656.3
	2003	50	3,302	1,514.2
	2004	43	3,239	1,327.6
	2005	60	3,128	1,918.2
	2006	60	3,107	1,931.1
	2007	40	3,043	1,314.5
	2008	61	2,992	2,038.8
	2009	44	2,980	1,476.5
	2010	48	2,961	1,621.1
	2011	68	2,920	2,328.8
	2012	59	2,890	2,041.5
Dickinson County, KS (20041)	1999	276	19,323	1,428.3
	2000	228	19,344	1,178.7
	2001	224	19,138	1,170.4
	2002	287	19,121	1,501.0
	2003	236	19,238	1,226.7
	2004	212	19,189	1,104.8
	2005	232	19,285	1,203.0
	2006	207	19,429	1,065.4
	2007	228	19,454	1,172.0
	2008	234	19,862	1,178.1
	2009	212	19,730	1,074.5
	2010	234	19,754	1,184.6
	2011	245	19,725	1,242.1
	2012	261	19,806	1,317.8
Doniphan County, KS (20043)	1999	83	8,201	1,012.1
	2000	108	8,249	1,309.2
	2001	89	8,219	1,082.9
	2002	71	8,186	867.3
	2003	90	8,144	1,105.1
	2004	78	8,013	973.4
	2005	90	7,868	1,143.9
	2006	67	7,936	844.3
	2007	76	7,988	951.4
	2008	79	8,003	987.1
	2009	80	7,907	1,011.8
	2010	79	7,945	994.3
	2011	82	7,944	1,032.2
	2012	73	7,869	927.7
Douglas County, KS (20045)	1999	496	99,490	498.5
	2000	540	99,962	540.2
	2001	552	101,269	545.1
	2002	558	102,552	544.1
	2003	530	103,570	511.7
	2004	528	104,826	503.7
	2005	603	105,681	570.6
	2006	598	107,187	557.9
	2007	570	107,892	528.3
	2008	552	109,010	506.4
	2009	589	110,039	535.3
	2010	627	110,826	565.8
	2011	595	112,372	529.5
	2012	647	113,043	572.3
Edwards County, KS (20047)	1999	55	3,498	1,572.3
	2000	45	3,449	1,304.7
	2001	40	3,376	1,184.8
	2002	48	3,309	1,450.6
	2003	46	3,223	1,427.2
	2004	49	3,231	1,516.6
	2005	42	3,194	1,315.0
	2006	36	3,078	1,169.6
	2007	37	3,068	1,206.0
	2008	40	3,058	1,308.0
	2009	44	3,008	1,462.8
	2010	34	3,037	1,119.5
	2011	44	3,016	1,458.9
	2012	44	2,972	1,480.5
Elk County, KS (20049)	1999	65	3,333	1,950.2
	2000	72	3,261	2,207.9
	2001	56	3,147	1,779.5
	2002	51	3,148	1,620.1
	2003	54	3,087	1,749.3
	2004	51	3,073	1,659.6
	2005	47	3,041	1,545.5
	2006	49	2,971	1,649.3
	2007	49	2,939	1,667.2
	2008	42	2,954	1,421.8
	2009	41	2,914	1,407.0
	2010	48	2,882	1,665.5
	2011	38	2,797	1,358.6
	2012	42	2,674	1,570.7
Ellis County, KS (20051)	1999	242	27,641	875.5
	2000	229	27,507	832.5
	2001	249	27,591	902.5
	2002	262	27,532	951.6
	2003	247	27,507	898.0
	2004	240	27,457	874.1
	2005	241	27,429	878.6
	2006	219	27,653	792.0
	2007	252	27,710	909.4
	2008	271	28,010	967.5
	2009	243	28,353	857.1
	2010	225	28,452	790.8
	2011	233	28,768	809.9
	2012	261	29,101	896.9
Ellsworth County, KS (20053)	1999	70	6,487	1,079.1
	2000	103	6,525	1,578.5
	2001	93	6,477	1,435.8
	2002	94	6,419	1,464.4
	2003	69	6,440	1,071.4
	2004	78	6,437	1,211.7
	2005	88	6,404	1,374.1
	2006	76	6,465	1,175.6
	2007	72	6,503	1,107.2
	2008	86	6,471	1,329.0
	2009	80	6,432	1,243.8
	2010	100	6,497	1,539.2
	2011	81	6,457	1,254.5
	2012	69	6,472	1,066.1
Finney County, KS (20055)	1999	193	39,863	484.2
	2000	226	40,523	557.7
	2001	208	39,730	523.5
	2002	212	38,499	550.7
	2003	208	37,701	551.7
	2004	176	37,462	469.8
	2005	188	36,754	511.5
	2006	198	36,259	546.1
	2007	174	35,663	487.9
	2008	200	35,461	564.0
	2009	199	36,300	548.2
	2010	190	36,776	516.6
	2011	188	37,097	506.8
	2012	201	37,161	540.9
Ford County, KS (20057)	1999	277	31,992	865.8
	2000	265	32,458	816.4
	2001	295	32,182	916.7
	2002	282	31,981	881.8
	2003	251	32,285	777.5
	2004	254	32,265	787.2
	2005	224	32,354	692.3
	2006	211	32,029	658.8
	2007	226	32,168	702.6
	2008	235	32,187	730.1
	2009	226	33,158	681.6
	2010	266	33,848	785.9
	2011	233	34,378	677.8
	2012	218	34,675	628.7
Franklin County, KS (20059)	1999	231	24,626	938.0
	2000	245	24,784	988.5
	2001	237	25,000	948.0
	2002	238	25,218	943.8
	2003	229	25,312	904.7
	2004	231	25,525	905.0
	2005	224	25,527	877.5
	2006	245	25,716	952.7
	2007	251	25,734	975.4
	2008	246	25,851	951.6
	2009	242	25,870	935.4
	2010	245	25,992	942.6
	2011	233	25,898	899.7
	2012	252	25,835	975.4
Geary County, KS (20061)	1999	230	28,162	816.7
	2000	196	27,947	701.3
	2001	204	27,821	733.3
	2002	209	27,679	755.1
	2003	198	27,532	719.2
	2004	182	27,149	670.4
	2005	186	27,099	686.4
	2006	197	27,708	711.0
	2007	170	27,951	608.2
	2008	210	30,276	693.6
	2009	217	31,537	688.1
	2010	203	34,362	590.8
	2011	195	35,433	550.3
	2012	206	38,257	538.5
Gove County, KS (20063)	1999	48	3,091	1,552.9
	2000	32	3,068	1,043.0
	2001	41	3,044	1,346.9
	2002	38	3,018	1,259.1
	2003	48	2,947	1,628.8
	2004	31	2,896	1,070.4
	2005	34	2,840	1,197.2
	2006	40	2,824	1,416.4
	2007	41	2,757	1,487.1
	2008	39	2,646	1,473.9
	2009	51	2,689	1,896.6
	2010	26	2,695	964.7
	2011	39	2,687	1,451.4
	2012	34	2,722	1,249.1
Graham County, KS (20065)	1999	38	3,001	1,266.2
	2000	43	2,946	1,459.6
	2001	38	2,896	1,312.2
	2002	42	2,886	1,455.3
	2003	36	2,842	1,266.7
	2004	38	2,786	1,364.0
	2005	44	2,762	1,593.0
	2006	34	2,751	1,235.9
	2007	39	2,707	1,440.7
	2008	43	2,669	1,611.1
	2009	36	2,592	1,388.9
	2010	39	2,597	1,501.7
	2011	31	2,641	1,173.8
	2012	39	2,583	1,509.9
Grant County, KS (20067)	1999	53	7,968	665.2
	2000	64	7,909	809.2
	2001	43	7,789	552.1
	2002	53	7,901	670.8
	2003	55	7,770	707.9
	2004	53	7,722	686.4
	2005	48	7,687	624.4
	2006	60	7,707	778.5
	2007	58	7,756	747.8
	2008	51	7,674	664.6
	2009	40	7,731	517.4
	2010	58	7,829	740.8
	2011	45	7,912	568.8
	2012	70	7,904	885.6
Gray County, KS (20069)	1999	34	5,844	581.8
	2000	56	5,904	948.5
	2001	49	5,921	827.6
	2002	70	5,973	1,171.9
	2003	59	5,981	986.5
	2004	45	5,951	756.2
	2005	62	5,882	1,054.1
	2006	52	5,838	890.7
	2007	53	5,735	924.1
	2008	51	5,821	876.1
	2009	49	5,920	827.7
	2010	54	6,006	899.1
	2011	43	6,106	704.2
	2012	47	6,000	783.3
Greeley County, KS (20071)	1999	13	1,539	844.7 (Unreliable)
	2000	19	1,534	1,238.6 (Unreliable)
	2001	15	1,524	984.3 (Unreliable)
	2002	23	1,422	1,617.4
	2003	19	1,377	1,379.8 (Unreliable)
	2004	27	1,366	1,976.6
	2005	17	1,299	1,308.7 (Unreliable)
	2006	10	1,262	792.4 (Unreliable)
	2007	13	1,275	1,019.6 (Unreliable)
	2009	15	1,210	1,239.7 (Unreliable)
	2010	14	1,247	1,122.7 (Unreliable)
	2011	15	1,250	1,200.0 (Unreliable)
	2012	19	1,271	1,494.9 (Unreliable)
Greenwood County, KS (20073)	1999	136	7,702	1,765.8
	2000	114	7,673	1,485.7
	2001	136	7,653	1,777.1
	2002	136	7,567	1,797.3
	2003	127	7,493	1,694.9
	2004	109	7,415	1,470.0
	2005	114	7,222	1,578.5
	2006	117	6,944	1,684.9
	2007	105	6,957	1,509.3
	2008	104	6,817	1,525.6
	2009	80	6,724	1,189.8
	2010	95	6,689	1,420.2
	2011	86	6,614	1,300.3
	2012	111	6,464	1,717.2
Hamilton County, KS (20075)	1999	33	2,672	1,235.0
	2000	31	2,670	1,161.0
	2001	32	2,675	1,196.3
	2002	31	2,676	1,158.4
	2003	24	2,694	890.9
	2004	26	2,642	984.1
	2005	37	2,590	1,428.6
	2006	29	2,583	1,122.7
	2007	29	2,633	1,101.4
	2008	32	2,638	1,213.0
	2009	31	2,669	1,161.5
	2010	28	2,690	1,040.9
	2011	34	2,625	1,295.2
	2012	32	2,622	1,220.4
Harper County, KS (20077)	1999	108	6,589	1,639.1
	2000	107	6,536	1,637.1
	2001	98	6,436	1,522.7
	2002	106	6,307	1,680.7
	2003	106	6,308	1,680.4
	2004	105	6,261	1,677.0
	2005	107	6,166	1,735.3
	2006	112	6,049	1,851.5
	2007	96	5,998	1,600.5
	2008	93	6,063	1,533.9
	2009	108	6,025	1,792.5
	2010	101	6,034	1,673.8
	2011	96	5,946	1,614.5
	2012	82	5,888	1,392.7
Harvey County, KS (20079)	1999	354	32,981	1,073.3
	2000	368	32,869	1,119.6
	2001	324	32,961	983.0
	2002	347	33,254	1,043.5
	2003	368	33,422	1,101.1
	2004	368	33,549	1,096.9
	2005	321	33,566	956.3
	2006	376	33,659	1,117.1
	2007	387	33,823	1,144.2
	2008	349	33,994	1,026.7
	2009	335	34,547	969.7
	2010	399	34,684	1,150.4
	2011	378	34,725	1,088.6
	2012	391	34,817	1,123.0
Haskell County, KS (20081)	1999	40	4,257	939.6
	2000	30	4,307	696.5
	2001	36	4,246	847.9
	2002	27	4,194	643.8
	2003	26	4,214	617.0
	2004	35	4,238	825.9
	2005	27	4,250	635.3
	2006	34	4,182	813.0
	2007	32	4,184	764.8
	2008	32	4,153	770.5
	2009	25	4,188	596.9
	2010	28	4,256	657.9
	2011	29	4,242	683.6
	2012	19	4,232	449.0 (Unreliable)
Hodgeman County, KS (20083)	1999	26	2,096	1,240.5
	2000	14	2,085	671.5 (Unreliable)
	2001	26	2,118	1,227.6
	2002	31	2,139	1,449.3
	2003	17	2,122	801.1 (Unreliable)
	2004	35	2,089	1,675.4
	2005	22	2,038	1,079.5
	2006	26	2,027	1,282.7
	2007	22	1,959	1,123.0
	2008	18	1,949	923.6 (Unreliable)
	2009	26	1,929	1,347.8
	2010	17	1,916	887.3 (Unreliable)
	2011	17	1,983	857.3 (Unreliable)
	2012	11	1,958	561.8 (Unreliable)
Jackson County, KS (20085)	1999	144	12,528	1,149.4
	2000	130	12,657	1,027.1
	2001	139	12,672	1,096.9
	2002	130	12,826	1,013.6
	2003	122	12,983	939.7
	2004	103	13,069	788.1
	2005	140	13,362	1,047.7
	2006	146	13,356	1,093.1
	2007	113	13,348	846.6
	2008	154	13,235	1,163.6
	2009	137	13,369	1,024.8
	2010	120	13,462	891.4
	2011	136	13,472	1,009.5
	2012	123	13,454	914.2
Jefferson County, KS (20087)	1999	167	18,291	913.0
	2000	160	18,426	868.3
	2001	151	18,640	810.1
	2002	165	18,741	880.4
	2003	150	18,835	796.4
	2004	161	19,042	845.5
	2005	180	19,159	939.5
	2006	184	19,005	968.2
	2007	181	19,049	950.2
	2008	161	19,072	844.2
	2009	138	19,037	724.9
	2010	183	19,126	956.8
	2011	182	18,981	958.9
	2012	190	18,904	1,005.1
Jewell County, KS (20089)	1999	67	3,842	1,743.9
	2000	67	3,791	1,767.3
	2001	56	3,603	1,554.3
	2002	51	3,491	1,460.9
	2003	55	3,421	1,607.7
	2004	50	3,349	1,493.0
	2005	43	3,271	1,314.6
	2006	52	3,264	1,593.1
	2007	48	3,200	1,500.0
	2008	45	3,137	1,434.5
	2009	41	3,077	1,332.5
	2010	41	3,077	1,332.5
	2011	46	3,088	1,489.6
	2012	40	3,029	1,320.6
Johnson County, KS (20091)	1999	2,685	443,434	605.5
	2000	2,663	451,086	590.4
	2001	2,861	463,554	617.2
	2002	2,867	475,239	603.3
	2003	2,863	485,689	589.5
	2004	2,834	495,396	572.1
	2005	3,105	504,441	615.5
	2006	3,162	514,813	614.2
	2007	3,096	523,879	591.0
	2008	3,365	532,175	632.3
	2009	3,241	539,396	600.9
	2010	3,317	544,179	609.5
	2011	3,454	552,874	624.7
	2012	3,558	559,836	635.5
Kearny County, KS (20093)	1999	48	4,521	1,061.7
	2000	38	4,531	838.7
	2001	28	4,489	623.7
	2002	51	4,371	1,166.8
	2003	39	4,249	917.9
	2004	25	4,231	590.9
	2005	34	4,147	819.9
	2006	39	4,052	962.5
	2007	36	3,928	916.5
	2008	39	3,909	997.7
	2009	38	3,941	964.2
	2010	34	3,977	854.9
	2011	49	3,959	1,237.7
	2012	45	3,969	1,133.8
Kingman County, KS (20095)	1999	122	8,631	1,413.5
	2000	100	8,673	1,153.0
	2001	114	8,597	1,326.0
	2002	122	8,472	1,440.0
	2003	111	8,544	1,299.2
	2004	121	8,439	1,433.8
	2005	112	8,249	1,357.7
	2006	95	8,119	1,170.1
	2007	120	8,011	1,497.9
	2008	89	7,892	1,127.7
	2009	105	7,885	1,331.6
	2010	81	7,858	1,030.8
	2011	90	7,896	1,139.8
	2012	107	7,835	1,365.7
Kiowa County, KS (20097)	1999	45	3,355	1,341.3
	2000	42	3,278	1,281.3
	2001	48	3,160	1,519.0
	2002	25	3,150	793.7
	2003	35	3,175	1,102.4
	2004	31	3,130	990.4
	2005	26	3,088	842.0
	2006	33	3,039	1,085.9
	2007	33	2,837	1,163.2
	2008	34	2,418	1,406.1
	2009	29	2,490	1,164.7
	2010	23	2,553	900.9
	2011	29	2,557	1,134.1
	2012	29	2,506	1,157.2
Labette County, KS (20099)	1999	280	23,027	1,216.0
	2000	328	22,835	1,436.4
	2001	303	22,436	1,350.5
	2002	303	22,214	1,364.0
	2003	300	22,100	1,357.5
	2004	306	21,911	1,396.6
	2005	273	21,913	1,245.8
	2006	283	21,929	1,290.5
	2007	277	21,928	1,263.2
	2008	293	21,786	1,344.9
	2009	254	21,759	1,167.3
	2010	250	21,607	1,157.0
	2011	269	21,425	1,255.5
	2012	280	21,196	1,321.0
Lane County, KS (20101)	1999	35	2,180	1,605.5
	2000	20	2,155	928.1
	2001	18	2,104	855.5 (Unreliable)
	2002	39	1,981	1,968.7
	2003	39	1,956	1,993.9
	2004	26	1,916	1,357.0
	2005	24	1,848	1,298.7
	2006	26	1,780	1,460.7
	2007	28	1,763	1,588.2
	2008	30	1,756	1,708.4
	2009	25	1,779	1,405.3
	2010	16	1,750	914.3 (Unreliable)
	2011	34	1,764	1,927.4
	2012	23	1,706	1,348.2
Leavenworth County, KS (20103)	1999	524	68,368	766.4
	2000	443	68,691	644.9
	2001	563	69,906	805.4
	2002	524	70,793	740.2
	2003	553	70,939	779.5
	2004	524	71,373	734.2
	2005	544	71,788	757.8
	2006	525	72,741	721.7
	2007	496	73,791	672.2
	2008	529	74,560	709.5
	2009	523	75,461	693.1
	2010	553	76,227	725.5
	2011	565	77,109	732.7
	2012	553	77,710	711.6
Lincoln County, KS (20105)	1999	48	3,580	1,340.8
	2000	53	3,578	1,481.3
	2001	73	3,560	2,050.6
	2002	49	3,513	1,394.8
	2003	66	3,536	1,866.5
	2004	39	3,414	1,142.4
	2005	56	3,443	1,626.5
	2006	39	3,360	1,160.7
	2007	59	3,365	1,753.3
	2008	46	3,333	1,380.1
	2009	44	3,249	1,354.3
	2010	39	3,241	1,203.3
	2011	52	3,203	1,623.5
	2012	34	3,162	1,075.3
Linn County, KS (20107)	1999	132	9,442	1,398.0
	2000	114	9,570	1,191.2
	2001	130	9,734	1,335.5
	2002	107	9,724	1,100.4
	2003	96	9,775	982.1
	2004	86	9,830	874.9
	2005	94	10,032	937.0
	2006	116	10,013	1,158.5
	2007	105	9,858	1,065.1
	2008	132	9,731	1,356.5
	2009	114	9,669	1,179.0
	2010	108	9,656	1,118.5
	2011	106	9,603	1,103.8
	2012	128	9,476	1,350.8
Logan County, KS (20109)	1999	37	3,038	1,217.9
	2000	50	3,046	1,641.5
	2001	44	2,992	1,470.6
	2002	37	2,984	1,239.9
	2003	32	2,925	1,094.0
	2004	32	2,905	1,101.5
	2005	26	2,881	902.5
	2006	40	2,808	1,424.5
	2007	41	2,798	1,465.3
	2008	39	2,779	1,403.4
	2009	30	2,729	1,099.3
	2010	29	2,756	1,052.2
	2011	34	2,770	1,227.4
	2012	35	2,805	1,247.8
Lyon County, KS (20111)	1999	282	35,773	788.3
	2000	325	35,935	904.4
	2001	280	36,049	776.7
	2002	291	35,826	812.3
	2003	281	35,868	783.4
	2004	292	36,034	810.3
	2005	322	35,936	896.0
	2006	289	35,832	806.5
	2007	313	36,018	869.0
	2008	258	35,591	724.9
	2009	275	33,777	814.2
	2010	266	33,690	789.6
	2011	330	33,646	980.8
	2012	256	33,554	762.9
McPherson County, KS (20113)	1999	336	29,449	1,141.0
	2000	344	29,554	1,164.0
	2001	336	29,489	1,139.4
	2002	380	29,237	1,299.7
	2003	325	29,239	1,111.5
	2004	329	29,276	1,123.8
	2005	362	29,375	1,232.3
	2006	375	29,174	1,285.4
	2007	346	29,250	1,182.9
	2008	378	29,095	1,299.2
	2009	357	29,222	1,221.7
	2010	345	29,180	1,182.3
	2011	374	29,202	1,280.7
	2012	365	29,351	1,243.6
Marion County, KS (20115)	1999	188	13,357	1,407.5
	2000	210	13,361	1,571.7
	2001	136	13,377	1,016.7
	2002	211	13,289	1,587.8
	2003	167	13,240	1,261.3
	2004	181	13,066	1,385.3
	2005	192	13,012	1,475.6
	2006	164	12,804	1,280.8
	2007	172	12,707	1,353.6
	2008	180	12,639	1,424.2
	2009	152	12,654	1,201.2
	2010	141	12,660	1,113.7
	2011	183	12,542	1,459.1
	2012	156	12,376	1,260.5
Marshall County, KS (20117)	1999	156	11,005	1,417.5
	2000	140	10,965	1,276.8
	2001	147	10,791	1,362.2
	2002	134	10,585	1,265.9
	2003	166	10,451	1,588.4
	2004	136	10,312	1,318.9
	2005	145	10,270	1,411.9
	2006	142	10,171	1,396.1
	2007	127	10,150	1,251.2
	2008	110	10,174	1,081.2
	2009	122	10,121	1,205.4
	2010	137	10,117	1,354.2
	2011	130	10,007	1,299.1
	2012	140	10,053	1,392.6
Meade County, KS (20119)	1999	54	4,577	1,179.8
	2000	52	4,631	1,122.9
	2001	38	4,669	813.9
	2002	49	4,663	1,050.8
	2003	60	4,595	1,305.8
	2004	45	4,570	984.7
	2005	44	4,586	959.4
	2006	45	4,531	993.2
	2007	50	4,490	1,113.6
	2008	50	4,497	1,111.9
	2009	49	4,502	1,088.4
	2010	51	4,575	1,114.8
	2011	54	4,542	1,188.9
	2012	43	4,436	969.3
Miami County, KS (20121)	1999	231	27,875	828.7
	2000	265	28,351	934.7
	2001	253	28,770	879.4
	2002	253	29,072	870.3
	2003	257	29,437	873.1
	2004	239	30,158	792.5
	2005	239	30,758	777.0
	2006	228	31,180	731.2
	2007	242	31,962	757.1
	2008	271	32,131	843.4
	2009	245	32,445	755.1
	2010	290	32,787	884.5
	2011	260	32,669	795.9
	2012	233	32,600	714.7
Mitchell County, KS (20123)	1999	102	6,982	1,460.9
	2000	111	6,932	1,601.3
	2001	82	6,772	1,210.9
	2002	91	6,706	1,357.0
	2003	100	6,688	1,495.2
	2004	97	6,539	1,483.4
	2005	95	6,443	1,474.5
	2006	99	6,382	1,551.2
	2007	88	6,389	1,377.4
	2008	102	6,370	1,601.3
	2009	104	6,420	1,619.9
	2010	99	6,373	1,553.4
	2011	77	6,312	1,219.9
	2012	100	6,374	1,568.9
Montgomery County, KS (20125)	1999	473	36,506	1,295.7
	2000	490	36,252	1,351.6
	2001	475	35,935	1,321.8
	2002	490	35,490	1,380.7
	2003	495	35,152	1,408.2
	2004	478	35,150	1,359.9
	2005	491	35,034	1,401.5
	2006	487	35,246	1,381.7
	2007	446	35,504	1,256.2
	2008	478	35,538	1,345.0
	2009	418	35,589	1,174.5
	2010	457	35,471	1,288.4
	2011	464	34,738	1,335.7
	2012	437	34,362	1,271.8
Morris County, KS (20127)	1999	75	6,096	1,230.3
	2000	83	6,104	1,359.8
	2001	77	6,061	1,270.4
	2002	73	5,981	1,220.5
	2003	88	5,922	1,486.0
	2004	69	5,904	1,168.7
	2005	70	5,947	1,177.1
	2006	69	5,929	1,163.8
	2007	74	5,931	1,247.7
	2008	78	5,999	1,300.2
	2009	78	5,958	1,309.2
	2010	71	5,923	1,198.7
	2011	88	5,865	1,500.4
	2012	80	5,870	1,362.9
Morton County, KS (20129)	1999	24	3,537	678.5
	2000	33	3,496	943.9
	2001	27	3,393	795.8
	2002	33	3,387	974.3
	2003	31	3,403	911.0
	2004	43	3,326	1,292.8
	2005	40	3,300	1,212.1
	2006	33	3,285	1,004.6
	2007	39	3,256	1,197.8
	2008	38	3,227	1,177.6
	2009	36	3,226	1,115.9
	2010	36	3,233	1,113.5
	2011	50	3,173	1,575.8
	2012	27	3,141	859.6
Nemaha County, KS (20131)	1999	138	10,700	1,289.7
	2000	159	10,717	1,483.6
	2001	169	10,494	1,610.4
	2002	135	10,501	1,285.6
	2003	141	10,490	1,344.1
	2004	153	10,397	1,471.6
	2005	143	10,367	1,379.4
	2006	147	10,345	1,421.0
	2007	143	10,325	1,385.0
	2008	139	10,259	1,354.9
	2009	104	10,165	1,023.1
	2010	134	10,178	1,316.6
	2011	141	10,127	1,392.3
	2012	131	10,129	1,293.3
Neosho County, KS (20133)	1999	206	17,088	1,205.5
	2000	208	16,997	1,223.7
	2001	194	16,884	1,149.0
	2002	193	16,719	1,154.4
	2003	227	16,615	1,366.2
	2004	192	16,664	1,152.2
	2005	197	16,591	1,187.4
	2006	208	16,479	1,262.2
	2007	204	16,578	1,230.5
	2008	210	16,587	1,266.1
	2009	182	16,568	1,098.5
	2010	197	16,512	1,193.1
	2011	220	16,460	1,336.6
	2012	187	16,445	1,137.1
Ness County, KS (20135)	1999	39	3,485	1,119.1
	2000	61	3,454	1,766.1
	2001	42	3,391	1,238.6
	2002	47	3,352	1,402.1
	2003	54	3,274	1,649.4
	2004	41	3,219	1,273.7
	2005	63	3,177	1,983.0
	2006	51	3,135	1,626.8
	2007	51	3,150	1,619.0
	2008	46	3,127	1,471.1
	2009	45	3,085	1,458.7
	2010	37	3,107	1,190.9
	2011	44	3,128	1,406.6
	2012	38	3,082	1,233.0
Norton County, KS (20137)	1999	85	5,940	1,431.0
	2000	81	5,953	1,360.7
	2001	65	5,863	1,108.6
	2002	64	5,845	1,095.0
	2003	70	5,852	1,196.2
	2004	86	5,789	1,485.6
	2005	58	5,765	1,006.1
	2006	72	5,748	1,252.6
	2007	72	5,698	1,263.6
	2008	75	5,702	1,315.3
	2009	66	5,640	1,170.2
	2010	66	5,671	1,163.8
	2011	51	5,671	899.3
	2012	57	5,609	1,016.2
Osage County, KS (20139)	1999	185	16,590	1,115.1
	2000	172	16,712	1,029.2
	2001	191	16,657	1,146.7
	2002	184	16,689	1,102.5
	2003	184	16,722	1,100.3
	2004	184	16,843	1,092.4
	2005	200	16,869	1,185.6
	2006	173	16,633	1,040.1
	2007	175	16,468	1,062.7
	2008	183	16,439	1,113.2
	2009	200	16,297	1,227.2
	2010	162	16,295	994.2
	2011	175	16,360	1,069.7
	2012	167	16,202	1,030.7
Osborne County, KS (20141)	1999	79	4,493	1,758.3
	2000	74	4,452	1,662.2
	2001	70	4,342	1,612.2
	2002	70	4,283	1,634.4
	2003	78	4,149	1,880.0
	2004	74	4,094	1,807.5
	2005	57	4,035	1,412.6
	2006	61	3,998	1,525.8
	2007	75	3,916	1,915.2
	2008	63	3,867	1,629.2
	2009	49	3,913	1,252.2
	2010	46	3,858	1,192.3
	2011	63	3,843	1,639.3
	2012	62	3,821	1,622.6
Ottawa County, KS (20143)	1999	95	6,106	1,555.8
	2000	68	6,163	1,103.4
	2001	88	6,142	1,432.8
	2002	77	6,188	1,244.3
	2003	91	6,153	1,479.0
	2004	68	6,112	1,112.6
	2005	66	6,097	1,082.5
	2006	81	6,108	1,326.1
	2007	67	6,101	1,098.2
	2008	72	6,137	1,173.2
	2009	66	6,114	1,079.5
	2010	73	6,091	1,198.5
	2011	68	6,083	1,117.9
	2012	67	6,057	1,106.2
Pawnee County, KS (20145)	1999	86	7,267	1,183.4
	2000	102	7,233	1,410.2
	2001	89	7,068	1,259.2
	2002	93	6,996	1,329.3
	2003	86	6,964	1,234.9
	2004	82	6,975	1,175.6
	2005	66	7,027	939.2
	2006	85	6,889	1,233.9
	2007	73	6,930	1,053.4
	2008	83	6,859	1,210.1
	2009	79	6,927	1,140.5
	2010	72	6,973	1,032.6
	2011	73	7,041	1,036.8
	2012	77	6,930	1,111.1
Phillips County, KS (20147)	1999	84	6,046	1,389.3
	2000	84	6,001	1,399.8
	2001	85	5,903	1,439.9
	2002	119	5,833	2,040.1
	2003	95	5,748	1,652.7
	2004	63	5,749	1,095.8
	2005	79	5,642	1,400.2
	2006	75	5,573	1,345.8
	2007	80	5,588	1,431.6
	2008	78	5,586	1,396.3
	2009	70	5,620	1,245.6
	2010	77	5,642	1,364.8
	2011	94	5,547	1,694.6
	2012	66	5,520	1,195.7
Pottawatomie County, KS (20149)	1999	177	18,041	981.1
	2000	174	18,209	955.6
	2001	168	18,412	912.4
	2002	162	18,580	871.9
	2003	172	18,925	908.9
	2004	171	19,193	890.9
	2005	167	19,444	858.9
	2006	177	19,720	897.6
	2007	176	20,395	863.0
	2008	154	20,884	737.4
	2009	170	21,206	801.7
	2010	147	21,604	680.4
	2011	136	22,044	616.9
	2012	164	22,369	733.2
Pratt County, KS (20151)	1999	116	9,650	1,202.1
	2000	128	9,647	1,326.8
	2001	130	9,579	1,357.1
	2002	122	9,669	1,261.8
	2003	110	9,575	1,148.8
	2004	128	9,492	1,348.5
	2005	117	9,618	1,216.5
	2006	94	9,658	973.3
	2007	153	9,698	1,577.6
	2008	116	9,684	1,197.9
	2009	96	9,669	992.9
	2010	121	9,656	1,253.1
	2011	128	9,654	1,325.9
	2012	114	9,804	1,162.8
Rawlins County, KS (20153)	1999	42	2,983	1,408.0
	2000	49	2,966	1,652.1
	2001	41	2,917	1,405.6
	2002	34	2,903	1,171.2
	2003	40	2,836	1,410.4
	2004	49	2,776	1,765.1
	2005	41	2,697	1,520.2
	2006	49	2,663	1,840.0
	2007	34	2,655	1,280.6
	2008	50	2,592	1,929.0
	2009	31	2,558	1,211.9
	2010	34	2,519	1,349.7
	2011	32	2,544	1,257.9
	2012	34	2,534	1,341.8
Reno County, KS (20155)	1999	698	64,920	1,075.2
	2000	700	64,790	1,080.4
	2001	703	64,584	1,088.5
	2002	703	64,163	1,095.6
	2003	643	63,990	1,004.8
	2004	600	63,779	940.7
	2005	716	63,778	1,122.6
	2006	700	63,822	1,096.8
	2007	723	63,683	1,135.3
	2008	693	63,974	1,083.3
	2009	692	64,196	1,077.9
	2010	686	64,511	1,063.4
	2011	732	64,400	1,136.6
	2012	763	64,245	1,187.6
Republic County, KS (20157)	1999	107	5,900	1,813.6
	2000	109	5,835	1,868.0
	2001	111	5,685	1,952.5
	2002	104	5,485	1,896.1
	2003	93	5,395	1,723.8
	2004	83	5,285	1,570.5
	2005	78	5,238	1,489.1
	2006	72	5,159	1,395.6
	2007	72	5,124	1,405.2
	2008	68	5,067	1,342.0
	2009	82	5,045	1,625.4
	2010	85	4,980	1,706.8
	2011	95	4,914	1,933.3
	2012	92	4,861	1,892.6
Rice County, KS (20159)	1999	133	10,788	1,232.9
	2000	135	10,761	1,254.5
	2001	131	10,609	1,234.8
	2002	123	10,526	1,168.5
	2003	129	10,465	1,232.7
	2004	140	10,498	1,333.6
	2005	134	10,396	1,289.0
	2006	135	10,224	1,320.4
	2007	110	10,103	1,088.8
	2008	141	10,175	1,385.7
	2009	118	10,047	1,174.5
	2010	121	10,083	1,200.0
	2011	129	10,092	1,278.2
	2012	139	10,013	1,388.2
Riley County, KS (20161)	1999	325	62,920	516.5
	2000	297	62,843	472.6
	2001	333	62,962	528.9
	2002	331	62,625	528.5
	2003	279	62,922	443.4
	2004	317	64,218	493.6
	2005	295	64,751	455.6
	2006	284	66,928	424.3
	2007	288	67,329	427.8
	2008	320	69,444	460.8
	2009	330	69,995	471.5
	2010	311	71,115	437.3
	2011	332	73,254	453.2
	2012	316	76,030	415.6
Rooks County, KS (20163)	1999	84	5,708	1,471.6
	2000	71	5,685	1,248.9
	2001	80	5,560	1,438.8
	2002	73	5,482	1,331.6
	2003	70	5,430	1,289.1
	2004	75	5,400	1,388.9
	2005	64	5,352	1,195.8
	2006	73	5,322	1,371.7
	2007	59	5,275	1,118.5
	2008	75	5,254	1,427.5
	2009	73	5,179	1,409.5
	2010	57	5,181	1,100.2
	2011	63	5,191	1,213.6
	2012	66	5,211	1,266.6
Rush County, KS (20165)	1999	60	3,593	1,669.9
	2000	54	3,551	1,520.7
	2001	61	3,511	1,737.4
	2002	67	3,454	1,939.8
	2003	47	3,439	1,366.7
	2004	50	3,442	1,452.6
	2005	56	3,384	1,654.8
	2006	51	3,294	1,548.3
	2007	52	3,273	1,588.8
	2008	48	3,310	1,450.2
	2009	35	3,253	1,075.9
	2010	46	3,307	1,391.0
	2011	50	3,201	1,562.0
	2012	55	3,209	1,713.9
Russell County, KS (20167)	1999	114	7,427	1,534.9
	2000	106	7,370	1,438.3
	2001	99	7,179	1,379.0
	2002	94	7,066	1,330.3
	2003	103	7,032	1,464.7
	2004	110	7,085	1,552.6
	2005	134	6,930	1,933.6
	2006	90	6,894	1,305.5
	2007	110	6,943	1,584.3
	2008	96	6,869	1,397.6
	2009	86	6,880	1,250.0
	2010	106	6,970	1,520.8
	2011	91	6,962	1,307.1
	2012	103	6,965	1,478.8
Saline County, KS (20169)	1999	483	53,485	903.1
	2000	493	53,597	919.8
	2001	510	53,952	945.3
	2002	467	54,157	862.3
	2003	502	54,018	929.3
	2004	495	54,178	913.7
	2005	479	54,361	881.1
	2006	528	54,478	969.2
	2007	600	54,723	1,096.4
	2008	585	54,811	1,067.3
	2009	461	55,164	835.7
	2010	517	55,606	929.8
	2011	530	55,698	951.6
	2012	536	55,815	960.3
Scott County, KS (20171)	1999	56	5,139	1,089.7
	2000	58	5,120	1,132.8
	2001	48	5,110	939.3
	2002	65	4,960	1,310.5
	2003	53	4,865	1,089.4
	2004	39	4,713	827.5
	2005	52	4,771	1,089.9
	2006	58	4,738	1,224.1
	2007	68	4,707	1,444.7
	2008	47	4,729	993.9
	2009	65	4,823	1,347.7
	2010	56	4,936	1,134.5
	2011	66	4,913	1,343.4
	2012	68	4,927	1,380.2
Sedgwick County, KS (20173)	1999	3,492	451,808	772.9
	2000	3,629	452,869	801.3
	2001	3,688	456,887	807.2
	2002	3,858	461,020	836.8
	2003	3,856	462,442	833.8
	2004	3,702	464,021	797.8
	2005	3,957	467,113	847.1
	2006	3,761	471,659	797.4
	2007	3,898	478,479	814.7
	2008	3,849	486,077	791.8
	2009	3,904	495,006	788.7
	2010	3,943	498,365	791.2
	2011	4,034	500,715	805.6
	2012	4,049	503,438	804.3
Seward County, KS (20175)	1999	125	22,206	562.9
	2000	161	22,510	715.2
	2001	152	22,544	674.2
	2002	127	22,687	559.8
	2003	148	22,647	653.5
	2004	139	22,538	616.7
	2005	148	22,334	662.7
	2006	135	22,246	606.9
	2007	132	22,409	589.0
	2008	135	22,522	599.4
	2009	146	22,729	642.4
	2010	134	22,952	583.8
	2011	124	23,204	534.4
	2012	137	23,409	585.2
Shawnee County, KS (20177)	1999	1,729	169,499	1,020.1
	2000	1,758	169,871	1,034.9
	2001	1,786	170,320	1,048.6
	2002	1,704	170,349	1,000.3
	2003	1,740	170,854	1,018.4
	2004	1,564	171,378	912.6
	2005	1,604	171,893	933.1
	2006	1,647	172,986	952.1
	2007	1,658	174,162	952.0
	2008	1,756	175,449	1,000.9
	2009	1,660	176,786	939.0
	2010	1,643	177,934	923.4
	2011	1,685	178,936	941.7
	2012	1,753	179,060	979.0
Sheridan County, KS (20179)	1999	41	2,836	1,445.7
	2000	27	2,813	959.8
	2001	46	2,728	1,686.2
	2002	35	2,675	1,308.4
	2003	34	2,659	1,278.7
	2004	27	2,594	1,040.9
	2005	34	2,618	1,298.7
	2006	32	2,585	1,237.9
	2007	23	2,578	892.2
	2008	33	2,605	1,266.8
	2009	31	2,575	1,203.9
	2010	34	2,556	1,330.2
	2011	32	2,545	1,257.4
	2012	32	2,543	1,258.4
Sherman County, KS (20181)	1999	77	6,790	1,134.0
	2000	73	6,760	1,079.9
	2001	67	6,606	1,014.2
	2002	79	6,396	1,235.1
	2003	66	6,293	1,048.8
	2004	78	6,186	1,260.9
	2005	72	6,155	1,169.8
	2006	75	5,979	1,254.4
	2007	78	6,004	1,299.1
	2008	74	6,017	1,229.8
	2009	84	6,004	1,399.1
	2010	62	6,010	1,031.6
	2011	77	6,050	1,272.7
	2012	65	6,137	1,059.1
Smith County, KS (20183)	1999	81	4,584	1,767.0
	2000	76	4,536	1,675.5
	2001	79	4,416	1,788.9
	2002	60	4,311	1,391.8
	2003	78	4,246	1,837.0
	2004	65	4,190	1,551.3
	2005	75	4,128	1,816.9
	2006	45	4,052	1,110.6
	2007	70	4,008	1,746.5
	2008	75	3,909	1,918.6
	2009	53	3,849	1,377.0
	2010	62	3,853	1,609.1
	2011	60	3,789	1,583.5
	2012	62	3,747	1,654.7
Stafford County, KS (20185)	1999	70	4,865	1,438.8
	2000	74	4,789	1,545.2
	2001	70	4,723	1,482.1
	2002	80	4,646	1,721.9
	2003	46	4,559	1,009.0
	2004	63	4,468	1,410.0
	2005	57	4,473	1,274.3
	2006	64	4,440	1,441.4
	2007	71	4,460	1,591.9
	2008	56	4,404	1,271.6
	2009	53	4,422	1,198.6
	2010	67	4,437	1,510.0
	2011	65	4,396	1,478.6
	2012	57	4,355	1,308.8
Stanton County, KS (20187)	1999	18	2,400	750.0 (Unreliable)
	2000	26	2,406	1,080.6
	2001	16	2,410	663.9 (Unreliable)
	2002	22	2,421	908.7
	2003	19	2,366	803.0 (Unreliable)
	2004	25	2,354	1,062.0
	2005	15	2,252	666.1 (Unreliable)
	2006	24	2,212	1,085.0
	2007	13	2,176	597.4 (Unreliable)
	2008	19	2,169	876.0 (Unreliable)
	2009	19	2,174	874.0 (Unreliable)
	2010	17	2,235	760.6 (Unreliable)
	2011	16	2,237	715.2 (Unreliable)
	2012	21	2,188	959.8
Stevens County, KS (20189)	1999	38	5,423	700.7
	2000	52	5,463	951.9
	2001	63	5,428	1,160.6
	2002	39	5,442	716.6
	2003	50	5,473	913.6
	2004	47	5,626	835.4
	2005	50	5,592	894.1
	2006	43	5,481	784.5
	2007	53	5,397	982.0
	2008	45	5,440	827.2
	2009	41	5,592	733.2
	2010	52	5,724	908.5
	2011	43	5,646	761.6
	2012	47	5,762	815.7
Sumner County, KS (20191)	1999	291	25,974	1,120.4
	2000	309	25,946	1,190.9
	2001	247	25,704	960.9
	2002	271	25,500	1,062.7
	2003	294	25,248	1,164.4
	2004	277	25,146	1,101.6
	2005	283	24,795	1,141.4
	2006	296	24,493	1,208.5
	2007	261	24,290	1,074.5
	2008	271	24,238	1,118.1
	2009	260	24,160	1,076.2
	2010	279	24,132	1,156.1
	2011	288	23,860	1,207.0
	2012	272	23,698	1,147.8
Thomas County, KS (20193)	1999	82	8,177	1,002.8
	2000	79	8,180	965.8
	2001	75	8,164	918.7
	2002	77	8,119	948.4
	2003	62	8,040	771.1
	2004	96	7,919	1,212.3
	2005	89	7,768	1,145.7
	2006	69	7,726	893.1
	2007	70	7,681	911.3
	2008	94	7,685	1,223.2
	2009	69	7,753	890.0
	2010	88	7,900	1,113.9
	2011	63	7,943	793.2
	2012	65	7,922	820.5
Trego County, KS (20195)	1999	60	3,400	1,764.7
	2000	49	3,319	1,476.3
	2001	45	3,225	1,395.3
	2002	46	3,137	1,466.4
	2003	37	3,097	1,194.7
	2004	54	3,120	1,730.8
	2005	45	3,025	1,487.6
	2006	56	2,991	1,872.3
	2007	44	2,971	1,481.0
	2008	41	2,943	1,393.1
	2009	49	2,985	1,641.5
	2010	47	3,001	1,566.1
	2011	49	2,981	1,643.7
	2012	47	2,970	1,582.5
Wabaunsee County, KS (20197)	1999	81	6,864	1,180.1
	2000	75	6,885	1,089.3
	2001	77	6,801	1,132.2
	2002	55	6,750	814.8
	2003	65	6,759	961.7
	2004	60	6,823	879.4
	2005	64	6,925	924.2
	2006	78	6,845	1,139.5
	2007	68	6,998	971.7
	2008	58	7,077	819.6
	2009	51	7,059	722.5
	2010	76	7,053	1,077.6
	2011	75	7,047	1,064.3
	2012	73	7,048	1,035.8
Wallace County, KS (20199)	1999	20	1,787	1,119.2
	2000	19	1,749	1,086.3 (Unreliable)
	2001	21	1,695	1,238.9
	2002	21	1,671	1,256.7
	2003	26	1,623	1,602.0
	2005	23	1,531	1,502.3
	2006	17	1,527	1,113.3 (Unreliable)
	2007	17	1,481	1,147.9 (Unreliable)
	2008	18	1,447	1,244.0 (Unreliable)
	2009	16	1,469	1,089.2 (Unreliable)
	2010	21	1,485	1,414.1
	2011	16	1,526	1,048.5 (Unreliable)
	2012	17	1,530	1,111.1 (Unreliable)
Washington County, KS (20201)	1999	98	6,505	1,506.5
	2000	100	6,483	1,542.5
	2001	110	6,281	1,751.3
	2002	96	6,201	1,548.1
	2003	94	6,156	1,527.0
	2004	92	6,072	1,515.2
	2005	77	6,022	1,278.6
	2006	95	5,950	1,596.6
	2007	85	5,880	1,445.6
	2008	76	5,848	1,299.6
	2009	87	5,779	1,505.5
	2010	77	5,799	1,327.8
	2011	70	5,859	1,194.7
	2012	71	5,749	1,235.0
Wichita County, KS (20203)	1999	21	2,533	829.1
	2000	26	2,531	1,027.3
	2001	24	2,511	955.8
	2002	29	2,453	1,182.2
	2003	20	2,431	822.7
	2004	35	2,347	1,491.3
	2005	22	2,361	931.8
	2006	28	2,287	1,224.3
	2007	15	2,264	662.5 (Unreliable)
	2008	21	2,222	945.1
	2009	29	2,211	1,311.6
	2010	22	2,234	984.8
	2011	26	2,261	1,149.9
	2012	26	2,240	1,160.7
Wilson County, KS (20205)	1999	152	10,406	1,460.7
	2000	169	10,332	1,635.7
	2001	138	10,216	1,350.8
	2002	135	10,104	1,336.1
	2003	147	10,063	1,460.8
	2004	132	9,784	1,349.1
	2005	125	9,772	1,279.2
	2006	132	9,747	1,354.3
	2007	162	9,783	1,655.9
	2008	135	9,592	1,407.4
	2009	139	9,485	1,465.5
	2010	130	9,409	1,381.7
	2011	114	9,240	1,233.8
	2012	137	9,123	1,501.7
Woodson County, KS (20207)	1999	58	3,868	1,499.5
	2000	55	3,788	1,452.0
	2001	65	3,742	1,737.0
	2002	69	3,602	1,915.6
	2003	61	3,572	1,707.7
	2004	59	3,485	1,693.0
	2005	63	3,523	1,788.2
	2006	58	3,440	1,686.0
	2007	49	3,363	1,457.0
	2008	66	3,347	1,971.9
	2009	60	3,309	1,813.2
	2010	48	3,309	1,450.6
	2011	50	3,305	1,512.9
	2012	51	3,255	1,566.8
Wyandotte County, KS (20209)	1999	1,629	157,980	1,031.1
	2000	1,533	157,882	971.0
	2001	1,556	158,372	982.5
	2002	1,591	157,498	1,010.2
	2003	1,522	156,276	973.9
	2004	1,458	154,874	941.4
	2005	1,431	154,356	927.1
	2006	1,435	153,689	933.7
	2007	1,321	154,267	856.3
	2008	1,406	155,092	906.6
	2009	1,311	156,416	838.1
	2010	1,307	157,505	829.8
	2011	1,330	157,990	841.8
	2012	1,352	159,175	849.4
