
                        
                      	Year	
                        
                      	
                        
                      	
                        
                      
Adair County, KY (21001)	1999	183	17,054	1,073.1
	2000	179	17,244	1,038.0
	2001	163	17,584	927.0
	2002	183	17,762	1,030.3
	2003	185	17,924	1,032.1
	2004	168	17,994	933.6
	2005	167	18,128	921.2
	2006	165	18,335	899.9
	2007	145	18,493	784.1
	2008	198	18,541	1,067.9
	2009	213	18,729	1,137.3
	2010	177	18,656	948.8
	2011	185	18,722	988.1
	2012	200	18,672	1,071.1
	Total	2,511	253,838	989.2
Allen County, KY (21003)	1999	191	17,658	1,081.7
	2000	181	17,800	1,016.9
	2001	187	17,947	1,042.0
	2002	201	18,219	1,103.2
	2003	228	18,434	1,236.8
	2004	187	18,699	1,000.1
	2005	202	18,910	1,068.2
	2006	179	19,272	928.8
	2007	179	19,540	916.1
	2008	200	19,838	1,008.2
	2009	228	19,811	1,150.9
	2010	178	19,956	892.0
	2011	220	20,191	1,089.6
	2012	201	20,259	992.2
	Total	2,762	266,534	1,036.3
Anderson County, KY (21005)	1999	165	18,864	874.7
	2000	154	19,111	805.8
	2001	164	19,382	846.1
	2002	176	19,315	911.2
	2003	168	19,504	861.4
	2004	156	19,714	791.3
	2005	170	19,987	850.6
	2006	174	20,519	848.0
	2007	179	20,999	852.4
	2008	153	21,088	725.5
	2009	172	21,328	806.5
	2010	199	21,421	929.0
	2011	194	21,578	899.1
	2012	168	21,704	774.1
	Total	2,392	284,514	840.7
Ballard County, KY (21007)	1999	115	8,225	1,398.2
	2000	121	8,286	1,460.3
	2001	101	8,225	1,228.0
	2002	116	8,164	1,420.9
	2003	100	8,254	1,211.5
	2004	89	8,242	1,079.8
	2005	103	8,269	1,245.6
	2006	125	8,204	1,523.6
	2007	101	8,190	1,233.2
	2008	93	8,265	1,125.2
	2009	109	8,204	1,328.6
	2010	114	8,249	1,382.0
	2011	100	8,289	1,206.4
	2012	108	8,328	1,296.8
	Total	1,495	115,394	1,295.6
Barren County, KY (21009)	1999	378	37,687	1,003.0
	2000	422	38,033	1,109.6
	2001	430	38,517	1,116.4
	2002	424	38,704	1,095.5
	2003	435	39,164	1,110.7
	2004	406	39,601	1,025.2
	2005	448	40,320	1,111.1
	2006	416	40,857	1,018.2
	2007	451	41,435	1,088.5
	2008	448	41,797	1,071.8
	2009	473	42,171	1,121.6
	2010	422	42,173	1,000.6
	2011	445	42,444	1,048.4
	2012	455	42,697	1,065.6
	Total	6,053	565,600	1,070.2
Bath County, KY (21011)	1999	122	10,911	1,118.1
	2000	133	11,085	1,199.8
	2001	128	11,280	1,134.8
	2002	120	11,403	1,052.4
	2003	145	11,428	1,268.8
	2004	122	11,447	1,065.8
	2005	127	11,538	1,100.7
	2006	133	11,558	1,150.7
	2007	140	11,470	1,220.6
	2008	142	11,647	1,219.2
	2009	144	11,544	1,247.4
	2010	149	11,591	1,285.5
	2011	136	11,725	1,159.9
	2012	137	11,803	1,160.7
	Total	1,878	160,430	1,170.6
Bell County, KY (21013)	1999	341	30,026	1,135.7
	2000	354	30,060	1,177.6
	2001	362	29,561	1,224.6
	2002	394	29,691	1,327.0
	2003	399	29,478	1,353.6
	2004	335	29,275	1,144.3
	2005	380	29,130	1,304.5
	2006	373	28,960	1,288.0
	2007	379	28,794	1,316.2
	2008	359	28,836	1,245.0
	2009	366	28,667	1,276.7
	2010	392	28,691	1,366.3
	2011	363	28,635	1,267.7
	2012	400	28,158	1,420.6
	Total	5,197	407,962	1,273.9
Boone County, KY (21015)	1999	521	83,349	625.1
	2000	505	85,991	587.3
	2001	539	90,277	597.1
	2002	585	93,323	626.9
	2003	560	96,680	579.2
	2004	563	100,822	558.4
	2005	642	105,456	608.8
	2006	630	109,295	576.4
	2007	645	112,308	574.3
	2008	713	115,262	618.6
	2009	752	117,461	640.2
	2010	695	118,811	585.0
	2011	691	121,635	568.1
	2012	759	123,232	615.9
	Total	8,800	1,473,902	597.1
Bourbon County, KY (21017)	1999	221	19,340	1,142.7
	2000	202	19,360	1,043.4
	2001	202	19,443	1,038.9
	2002	199	19,452	1,023.0
	2003	213	19,563	1,088.8
	2004	202	19,733	1,023.7
	2005	208	19,908	1,044.8
	2006	199	19,809	1,004.6
	2007	180	19,891	904.9
	2008	191	20,046	952.8
	2009	222	20,027	1,108.5
	2010	209	19,985	1,045.8
	2011	197	19,988	985.6
	2012	203	20,014	1,014.3
	Total	2,848	276,559	1,029.8
Boyd County, KY (21019)	1999	603	49,816	1,210.5
	2000	632	49,752	1,270.3
	2001	594	49,595	1,197.7
	2002	618	49,578	1,246.5
	2003	590	49,754	1,185.8
	2004	621	49,542	1,253.5
	2005	619	49,403	1,253.0
	2006	561	49,312	1,137.7
	2007	577	49,154	1,173.9
	2008	642	49,244	1,303.7
	2009	568	49,362	1,150.7
	2010	589	49,542	1,188.9
	2011	567	49,440	1,146.8
	2012	594	49,198	1,207.4
	Total	8,375	692,692	1,209.1
Boyle County, KY (21021)	1999	326	27,662	1,178.5
	2000	285	27,697	1,029.0
	2001	339	27,472	1,234.0
	2002	304	27,455	1,107.3
	2003	295	27,451	1,074.6
	2004	299	27,832	1,074.3
	2005	324	27,922	1,160.4
	2006	299	28,031	1,066.7
	2007	288	28,112	1,024.5
	2008	293	28,288	1,035.8
	2009	296	28,297	1,046.0
	2010	314	28,432	1,104.4
	2011	348	28,679	1,213.4
	2012	278	28,924	961.1
	Total	4,288	392,254	1,093.2
Bracken County, KY (21023)	1999	102	8,291	1,230.2
	2000	92	8,279	1,111.2
	2001	91	8,334	1,091.9
	2002	82	8,408	975.3
	2003	78	8,387	930.0
	2004	83	8,592	966.0
	2005	85	8,533	996.1
	2006	77	8,484	907.6
	2007	96	8,468	1,133.7
	2008	90	8,471	1,062.4
	2009	100	8,473	1,180.2
	2010	76	8,488	895.4
	2011	87	8,501	1,023.4
	2012	88	8,478	1,038.0
	Total	1,227	118,187	1,038.2
Breathitt County, KY (21025)	1999	175	16,087	1,087.8
	2000	165	16,100	1,024.8
	2001	184	15,664	1,174.7
	2002	203	15,346	1,322.8
	2003	179	15,098	1,185.6
	2004	174	14,975	1,161.9
	2005	207	14,792	1,399.4
	2006	176	14,549	1,209.7
	2007	166	14,327	1,158.7
	2008	190	14,249	1,333.4
	2009	184	14,009	1,313.4
	2010	183	13,878	1,318.6
	2011	163	13,840	1,177.7
	2012	189	13,627	1,387.0
	Total	2,538	206,541	1,228.8
Breckinridge County, KY (21027)	1999	216	18,422	1,172.5
	2000	195	18,648	1,045.7
	2001	191	18,837	1,014.0
	2002	222	19,030	1,166.6
	2003	207	19,209	1,077.6
	2004	226	19,326	1,169.4
	2005	203	19,579	1,036.8
	2006	211	19,590	1,077.1
	2007	202	19,819	1,019.2
	2008	241	20,018	1,203.9
	2009	196	19,979	981.0
	2010	200	20,059	997.1
	2011	237	20,172	1,174.9
	2012	238	20,050	1,187.0
	Total	2,985	272,738	1,094.5
Bullitt County, KY (21029)	1999	381	60,074	634.2
	2000	350	61,236	571.6
	2001	373	62,596	595.9
	2002	388	63,775	608.4
	2003	396	65,074	608.5
	2004	350	66,937	522.9
	2005	422	68,620	615.0
	2006	405	70,042	578.2
	2007	444	71,577	620.3
	2008	451	72,738	620.0
	2009	470	73,743	637.3
	2010	477	74,319	641.8
	2011	466	75,289	618.9
	2012	517	75,869	681.4
	Total	5,890	961,889	612.3
Butler County, KY (21031)	1999	148	12,937	1,144.0
	2000	134	13,010	1,030.0
	2001	122	13,015	937.4
	2002	137	12,952	1,057.8
	2003	123	12,957	949.3
	2004	133	13,044	1,019.6
	2005	132	12,900	1,023.3
	2006	133	12,925	1,029.0
	2007	125	12,759	979.7
	2008	157	12,745	1,231.9
	2009	119	12,670	939.2
	2010	136	12,690	1,071.7
	2011	158	12,761	1,238.1
	2012	135	12,791	1,055.4
	Total	1,892	180,156	1,050.2
Caldwell County, KY (21033)	1999	170	13,155	1,292.3
	2000	154	13,060	1,179.2
	2001	192	12,843	1,495.0
	2002	173	12,798	1,351.8
	2003	165	12,802	1,288.9
	2004	171	12,774	1,338.7
	2005	180	12,816	1,404.5
	2006	148	12,828	1,153.7
	2007	160	12,882	1,242.0
	2008	165	12,985	1,270.7
	2009	173	12,996	1,331.2
	2010	171	12,984	1,317.0
	2011	158	12,992	1,216.1
	2012	188	12,937	1,453.2
	Total	2,368	180,852	1,309.4
Calloway County, KY (21035)	1999	329	34,147	963.5
	2000	367	34,177	1,073.8
	2001	366	34,439	1,062.7
	2002	348	34,499	1,008.7
	2003	369	34,896	1,057.4
	2004	297	35,327	840.7
	2005	332	35,788	927.7
	2006	339	36,375	932.0
	2007	327	36,585	893.8
	2008	373	36,686	1,016.7
	2009	391	36,886	1,060.0
	2010	377	37,191	1,013.7
	2011	400	37,482	1,067.2
	2012	371	37,628	986.0
	Total	4,986	502,106	993.0
Campbell County, KY (21037)	1999	891	88,545	1,006.3
	2000	831	88,616	937.8
	2001	859	88,843	966.9
	2002	883	88,596	996.7
	2003	878	88,259	994.8
	2004	829	87,982	942.2
	2005	835	88,047	948.4
	2006	835	88,036	948.5
	2007	773	88,302	875.4
	2008	805	88,548	909.1
	2009	824	89,664	919.0
	2010	790	90,336	874.5
	2011	810	90,946	890.6
	2012	874	90,884	961.7
	Total	11,717	1,245,604	940.7
Carlisle County, KY (21039)	1999	77	5,355	1,437.9
	2000	76	5,351	1,420.3
	2001	77	5,305	1,451.5
	2002	51	5,299	962.4
	2003	72	5,255	1,370.1
	2004	63	5,261	1,197.5
	2005	61	5,215	1,169.7
	2006	62	5,212	1,189.6
	2007	82	5,109	1,605.0
	2008	76	5,093	1,492.2
	2009	62	5,113	1,212.6
	2010	74	5,104	1,449.8
	2011	60	5,056	1,186.7
	2012	66	5,053	1,306.2
	Total	959	72,781	1,317.7
Carroll County, KY (21041)	1999	99	10,048	985.3
	2000	137	10,155	1,349.1
	2001	115	10,193	1,128.2
	2002	103	10,312	998.8
	2003	125	10,372	1,205.2
	2004	100	10,379	963.5
	2005	131	10,511	1,246.3
	2006	118	10,528	1,120.8
	2007	95	10,595	896.6
	2008	105	10,744	977.3
	2009	119	10,852	1,096.6
	2010	109	10,811	1,008.2
	2011	132	10,973	1,203.0
	2012	133	10,924	1,217.5
	Total	1,621	147,397	1,099.8
Carter County, KY (21043)	1999	294	26,879	1,093.8
	2000	298	26,889	1,108.3
	2001	308	26,991	1,141.1
	2002	284	27,262	1,041.7
	2003	283	27,504	1,028.9
	2004	299	27,528	1,086.2
	2005	294	27,767	1,058.8
	2006	293	27,921	1,049.4
	2007	290	27,971	1,036.8
	2008	278	27,752	1,001.7
	2009	326	27,785	1,173.3
	2010	301	27,720	1,085.9
	2011	319	27,393	1,164.5
	2012	288	27,353	1,052.9
	Total	4,155	384,715	1,080.0
Casey County, KY (21045)	1999	196	15,311	1,280.1
	2000	167	15,447	1,081.1
	2001	184	15,563	1,182.3
	2002	183	15,679	1,167.2
	2003	195	15,690	1,242.8
	2004	175	15,784	1,108.7
	2005	197	15,845	1,243.3
	2006	185	15,900	1,163.5
	2007	170	15,908	1,068.6
	2008	190	15,970	1,189.7
	2009	196	15,946	1,229.1
	2010	205	15,955	1,284.9
	2011	189	15,980	1,182.7
	2012	187	16,069	1,163.7
	Total	2,619	221,047	1,184.8
Christian County, KY (21047)	1999	620	72,388	856.5
	2000	606	72,265	838.6
	2001	579	73,397	788.9
	2002	575	73,098	786.6
	2003	613	71,547	856.8
	2004	573	71,700	799.2
	2005	582	72,892	798.4
	2006	621	70,592	879.7
	2007	572	73,128	782.2
	2008	582	72,034	808.0
	2009	581	73,457	790.9
	2010	568	73,955	768.0
	2011	604	73,561	821.1
	2012	613	75,504	811.9
	Total	8,289	1,019,518	813.0
Clark County, KY (21049)	1999	306	32,831	932.0
	2000	312	33,144	941.3
	2001	302	33,390	904.5
	2002	365	33,407	1,092.6
	2003	299	33,672	888.0
	2004	310	34,025	911.1
	2005	314	34,377	913.4
	2006	343	34,823	985.0
	2007	309	35,207	877.7
	2008	359	35,256	1,018.3
	2009	348	35,607	977.3
	2010	365	35,613	1,024.9
	2011	373	35,473	1,051.5
	2012	402	35,737	1,124.9
	Total	4,707	482,562	975.4
Clay County, KY (21051)	1999	216	24,522	880.8
	2000	238	24,556	969.2
	2001	222	24,203	917.2
	2002	252	23,995	1,050.2
	2003	242	23,635	1,023.9
	2004	243	23,278	1,043.9
	2005	235	22,946	1,024.1
	2006	195	22,718	858.4
	2007	233	22,332	1,043.3
	2008	240	22,289	1,076.8
	2009	242	21,950	1,102.5
	2010	272	21,730	1,251.7
	2011	281	21,616	1,300.0
	2012	262	21,547	1,215.9
	Total	3,373	321,317	1,049.7
Clinton County, KY (21053)	1999	105	9,619	1,091.6
	2000	104	9,634	1,079.5
	2001	116	9,696	1,196.4
	2002	123	9,762	1,260.0
	2003	126	9,825	1,282.4
	2004	125	9,886	1,264.4
	2005	140	9,932	1,409.6
	2006	118	9,942	1,186.9
	2007	127	10,120	1,254.9
	2008	117	10,253	1,141.1
	2009	110	10,227	1,075.6
	2010	118	10,272	1,148.8
	2011	133	10,159	1,309.2
	2012	129	10,240	1,259.8
	Total	1,691	139,567	1,211.6
Crittenden County, KY (21055)	1999	135	9,344	1,444.8
	2000	133	9,384	1,417.3
	2001	151	9,310	1,621.9
	2002	118	9,217	1,280.2
	2003	126	9,234	1,364.5
	2004	107	9,126	1,172.5
	2005	117	9,138	1,280.4
	2006	114	9,264	1,230.6
	2007	135	9,278	1,455.1
	2008	121	9,408	1,286.1
	2009	97	9,301	1,042.9
	2010	109	9,315	1,170.2
	2011	125	9,279	1,347.1
	2012	142	9,274	1,531.2
	Total	1,730	129,872	1,332.1
Cumberland County, KY (21057)	1999	112	7,090	1,579.7
	2000	103	7,147	1,441.2
	2001	114	7,157	1,592.8
	2002	90	7,164	1,256.3
	2003	91	7,151	1,272.5
	2004	89	7,189	1,238.0
	2005	109	7,066	1,542.6
	2006	104	7,073	1,470.4
	2007	117	6,959	1,681.3
	2008	111	6,917	1,604.7
	2009	111	6,855	1,619.3
	2010	101	6,856	1,473.2
	2011	100	6,857	1,458.4
	2012	88	6,852	1,284.3
	Total	1,440	98,333	1,464.4
Daviess County, KY (21059)	1999	878	91,325	961.4
	2000	950	91,545	1,037.7
	2001	901	91,707	982.5
	2002	899	91,821	979.1
	2003	881	92,457	952.9
	2004	874	92,769	942.1
	2005	959	93,150	1,029.5
	2006	890	93,908	947.7
	2007	855	94,647	903.4
	2008	976	95,411	1,022.9
	2009	943	96,261	979.6
	2010	992	96,656	1,026.3
	2011	929	97,215	955.6
	2012	986	97,737	1,008.8
	Total	12,913	1,316,609	980.8
Edmonson County, KY (21061)	1999	107	11,602	922.3
	2000	98	11,644	841.6
	2001	108	11,728	920.9
	2002	116	11,763	986.1
	2003	121	11,809	1,024.6
	2004	99	11,804	838.7
	2005	102	11,987	850.9
	2006	121	11,957	1,012.0
	2007	103	12,055	854.4
	2008	119	12,127	981.3
	2009	130	12,122	1,072.4
	2010	127	12,161	1,044.3
	2011	119	12,263	970.4
	2012	139	12,108	1,148.0
	Total	1,609	167,130	962.7
Elliott County, KY (21063)	1999	70	6,652	1,052.3
	2000	72	6,748	1,067.0
	2001	75	6,694	1,120.4
	2002	68	6,700	1,014.9
	2003	68	6,782	1,002.7
	2004	80	6,748	1,185.5
	2005	82	6,867	1,194.1
	2006	68	7,151	950.9
	2007	83	7,134	1,163.4
	2008	76	7,556	1,005.8
	2009	57	7,727	737.7
	2010	67	7,852	853.3
	2011	67	7,919	846.1
	2012	79	7,751	1,019.2
	Total	1,012	100,281	1,009.2
Estill County, KY (21065)	1999	165	15,291	1,079.1
	2000	164	15,307	1,071.4
	2001	191	15,293	1,248.9
	2002	187	15,193	1,230.8
	2003	164	15,014	1,092.3
	2004	161	14,913	1,079.6
	2005	185	14,780	1,251.7
	2006	155	14,786	1,048.3
	2007	164	14,778	1,109.8
	2008	164	14,752	1,111.7
	2009	170	14,672	1,158.7
	2010	174	14,672	1,185.9
	2011	202	14,649	1,378.9
	2012	165	14,498	1,138.1
	Total	2,411	208,598	1,155.8
Fayette County, KY (21067)	1999	1,925	258,704	744.1
	2000	1,975	260,512	758.1
	2001	2,008	263,990	760.6
	2002	2,051	265,822	771.6
	2003	1,946	269,904	721.0
	2004	1,839	272,377	675.2
	2005	2,005	275,540	727.7
	2006	1,968	279,971	702.9
	2007	2,058	283,291	726.5
	2008	2,012	287,683	699.4
	2009	1,955	292,514	668.3
	2010	2,043	295,803	690.7
	2011	2,074	301,313	688.3
	2012	2,138	305,252	700.4
	Total	27,997	3,912,676	715.5
Fleming County, KY (21069)	1999	138	13,606	1,014.3
	2000	149	13,792	1,080.3
	2001	150	14,016	1,070.2
	2002	146	14,068	1,037.8
	2003	157	14,230	1,103.3
	2004	146	14,271	1,023.1
	2005	172	14,270	1,205.3
	2006	158	14,235	1,109.9
	2007	148	14,349	1,031.4
	2008	147	14,345	1,024.7
	2009	167	14,280	1,169.5
	2010	162	14,348	1,129.1
	2011	157	14,478	1,084.4
	2012	172	14,515	1,185.0
	Total	2,169	198,803	1,091.0
Floyd County, KY (21071)	1999	455	42,626	1,067.4
	2000	493	42,441	1,161.6
	2001	445	41,844	1,063.5
	2002	494	41,671	1,185.5
	2003	523	41,325	1,265.6
	2004	499	41,128	1,213.3
	2005	482	40,847	1,180.0
	2006	491	40,429	1,214.5
	2007	492	40,261	1,222.0
	2008	525	39,964	1,313.7
	2009	522	39,643	1,316.8
	2010	483	39,451	1,224.3
	2011	527	39,807	1,323.9
	2012	521	39,127	1,331.6
	Total	6,952	570,564	1,218.4
Franklin County, KY (21073)	1999	438	47,163	928.7
	2000	449	47,687	941.6
	2001	454	48,185	942.2
	2002	496	48,293	1,027.1
	2003	500	48,246	1,036.4
	2004	434	48,536	894.2
	2005	517	48,620	1,063.3
	2006	432	48,699	887.1
	2007	415	48,795	850.5
	2008	474	49,301	961.4
	2009	465	49,253	944.1
	2010	495	49,285	1,004.4
	2011	482	49,301	977.7
	2012	488	49,496	985.9
	Total	6,539	680,860	960.4
Fulton County, KY (21075)	1999	117	7,843	1,491.8
	2000	115	7,752	1,483.5
	2001	109	7,753	1,405.9
	2002	126	7,563	1,666.0
	2003	114	7,427	1,534.9
	2004	99	7,274	1,361.0
	2005	132	7,090	1,861.8
	2006	103	6,871	1,499.1
	2007	97	6,861	1,413.8
	2008	98	6,945	1,411.1
	2009	117	6,793	1,722.4
	2010	99	6,813	1,453.1
	2011	106	6,719	1,577.6
	2012	107	6,528	1,639.1
	Total	1,539	100,232	1,535.4
Gallatin County, KY (21077)	1999	68	7,874	863.6
	2000	86	7,870	1,092.8
	2001	76	8,004	949.5
	2002	100	7,891	1,267.3
	2003	83	8,094	1,025.5
	2004	85	8,119	1,046.9
	2005	86	8,225	1,045.6
	2006	64	8,253	775.5
	2007	80	8,337	959.6
	2008	100	8,420	1,187.6
	2009	74	8,533	867.2
	2010	96	8,589	1,117.7
	2011	93	8,550	1,087.7
	2012	100	8,462	1,181.8
	Total	1,191	115,221	1,033.7
Garrard County, KY (21079)	1999	145	14,529	998.0
	2000	130	14,792	878.9
	2001	132	15,090	874.8
	2002	121	15,505	780.4
	2003	145	15,790	918.3
	2004	130	15,941	815.5
	2005	129	16,315	790.7
	2006	138	16,595	831.6
	2007	157	16,887	929.7
	2008	168	16,906	993.7
	2009	152	16,900	899.4
	2010	144	16,912	851.5
	2011	144	16,813	856.5
	2012	176	16,923	1,040.0
	Total	2,011	225,898	890.2
Grant County, KY (21081)	1999	168	21,804	770.5
	2000	184	22,384	822.0
	2001	218	22,972	949.0
	2002	184	23,307	789.5
	2003	181	23,619	766.3
	2004	160	23,856	670.7
	2005	212	23,993	883.6
	2006	200	24,253	824.6
	2007	198	24,544	806.7
	2008	199	24,856	800.6
	2009	213	24,697	862.5
	2010	190	24,662	770.4
	2011	195	24,718	788.9
	2012	236	24,566	960.7
	Total	2,738	334,231	819.2
Graves County, KY (21083)	1999	453	36,851	1,229.3
	2000	457	37,028	1,234.2
	2001	477	36,869	1,293.8
	2002	444	36,770	1,207.5
	2003	465	36,898	1,260.2
	2004	423	36,789	1,149.8
	2005	441	36,926	1,194.3
	2006	429	36,859	1,163.9
	2007	428	36,932	1,158.9
	2008	447	36,862	1,212.6
	2009	425	36,932	1,150.8
	2010	458	37,121	1,233.8
	2011	447	37,503	1,191.9
	2012	466	37,556	1,240.8
	Total	6,260	517,896	1,208.7
Grayson County, KY (21085)	1999	253	23,895	1,058.8
	2000	280	24,053	1,164.1
	2001	310	24,170	1,282.6
	2002	257	24,235	1,060.4
	2003	271	24,648	1,099.5
	2004	246	24,962	985.5
	2005	248	25,181	984.9
	2006	296	25,294	1,170.2
	2007	254	25,444	998.3
	2008	261	25,558	1,021.2
	2009	268	25,619	1,046.1
	2010	289	25,746	1,122.5
	2011	335	25,867	1,295.1
	2012	324	25,891	1,251.4
	Total	3,892	350,563	1,110.2
Green County, KY (21087)	1999	125	11,404	1,096.1
	2000	113	11,518	981.1
	2001	144	11,566	1,245.0
	2002	155	11,543	1,342.8
	2003	136	11,557	1,176.8
	2004	145	11,408	1,271.0
	2005	126	11,406	1,104.7
	2006	147	11,454	1,283.4
	2007	124	11,412	1,086.6
	2008	138	11,432	1,207.1
	2009	130	11,359	1,144.5
	2010	128	11,258	1,137.0
	2011	122	11,199	1,089.4
	2012	129	11,295	1,142.1
	Total	1,862	159,811	1,165.1
Greenup County, KY (21089)	1999	397	36,920	1,075.3
	2000	421	36,891	1,141.2
	2001	390	36,804	1,059.7
	2002	430	36,600	1,174.9
	2003	378	36,681	1,030.5
	2004	410	36,579	1,120.9
	2005	376	36,530	1,029.3
	2006	388	36,827	1,053.6
	2007	433	36,939	1,172.2
	2008	472	37,106	1,272.0
	2009	439	37,053	1,184.8
	2010	419	36,910	1,135.2
	2011	447	36,870	1,212.4
	2012	426	36,757	1,159.0
	Total	5,826	515,467	1,130.2
Hancock County, KY (21091)	1999	65	8,373	776.3
	2000	61	8,392	726.9
	2001	71	8,431	842.1
	2002	83	8,424	985.3
	2003	69	8,426	818.9
	2004	70	8,389	834.4
	2005	81	8,508	952.0
	2006	60	8,542	702.4
	2007	64	8,536	749.8
	2008	87	8,567	1,015.5
	2009	79	8,558	923.1
	2010	73	8,565	852.3
	2011	83	8,576	967.8
	2012	84	8,662	969.8
	Total	1,030	118,949	865.9
Hardin County, KY (21093)	1999	663	93,269	710.8
	2000	697	94,174	740.1
	2001	672	93,715	717.1
	2002	712	94,136	756.4
	2003	659	93,929	701.6
	2004	686	95,015	722.0
	2005	691	96,652	714.9
	2006	768	97,539	787.4
	2007	695	98,728	704.0
	2008	754	99,926	754.6
	2009	816	101,254	805.9
	2010	826	105,543	782.6
	2011	803	107,463	747.2
	2012	853	107,153	796.1
	Total	10,295	1,378,496	746.8
Harlan County, KY (21095)	1999	424	33,647	1,260.1
	2000	421	33,202	1,268.0
	2001	440	32,184	1,367.1
	2002	426	31,938	1,333.8
	2003	466	31,291	1,489.2
	2004	428	30,614	1,398.1
	2005	424	30,277	1,400.4
	2006	413	30,113	1,371.5
	2007	419	29,969	1,398.1
	2008	391	29,591	1,321.3
	2009	403	29,534	1,364.5
	2010	395	29,278	1,349.1
	2011	392	29,176	1,343.6
	2012	429	28,613	1,499.3
	Total	5,871	429,427	1,367.2
Harrison County, KY (21097)	1999	214	17,845	1,199.2
	2000	186	17,983	1,034.3
	2001	194	18,007	1,077.4
	2002	213	18,009	1,182.7
	2003	169	18,171	930.1
	2004	183	18,233	1,003.7
	2005	201	18,314	1,097.5
	2006	197	18,483	1,065.8
	2007	208	18,725	1,110.8
	2008	175	18,876	927.1
	2009	202	18,894	1,069.1
	2010	223	18,846	1,183.3
	2011	221	18,660	1,184.4
	2012	213	18,576	1,146.6
	Total	2,799	257,622	1,086.5
Hart County, KY (21099)	1999	202	17,112	1,180.5
	2000	201	17,445	1,152.2
	2001	180	17,291	1,041.0
	2002	194	17,573	1,104.0
	2003	169	17,741	952.6
	2004	196	17,821	1,099.8
	2005	213	18,040	1,180.7
	2006	207	18,109	1,143.1
	2007	201	18,172	1,106.1
	2008	206	18,320	1,124.5
	2009	194	18,197	1,066.1
	2010	168	18,199	923.1
	2011	187	18,318	1,020.9
	2012	228	18,424	1,237.5
	Total	2,746	250,762	1,095.1
Henderson County, KY (21101)	1999	480	44,801	1,071.4
	2000	460	44,829	1,026.1
	2001	439	44,865	978.5
	2002	444	45,091	984.7
	2003	438	45,214	968.7
	2004	420	45,362	925.9
	2005	454	45,521	997.3
	2006	457	45,633	1,001.5
	2007	427	45,696	934.4
	2008	463	46,046	1,005.5
	2009	492	46,037	1,068.7
	2010	500	46,250	1,081.1
	2011	476	46,386	1,026.2
	2012	446	46,472	959.7
	Total	6,396	638,203	1,002.2
Henry County, KY (21103)	1999	165	14,976	1,101.8
	2000	166	15,060	1,102.3
	2001	150	15,113	992.5
	2002	169	15,107	1,118.7
	2003	130	15,259	852.0
	2004	146	15,327	952.6
	2005	162	15,368	1,054.1
	2006	136	15,475	878.8
	2007	170	15,465	1,099.3
	2008	172	15,511	1,108.9
	2009	154	15,530	991.6
	2010	160	15,416	1,037.9
	2011	172	15,399	1,117.0
	2012	164	15,345	1,068.8
	Total	2,216	214,351	1,033.8
Hickman County, KY (21105)	1999	72	5,298	1,359.0
	2000	58	5,262	1,102.2
	2001	71	5,234	1,356.5
	2002	71	5,225	1,358.9
	2003	74	5,186	1,426.9
	2004	62	5,093	1,217.4
	2005	74	5,061	1,462.2
	2006	54	5,002	1,079.6
	2007	58	4,955	1,170.5
	2008	74	4,957	1,492.8
	2009	74	4,945	1,496.5
	2010	79	4,902	1,611.6
	2011	62	4,822	1,285.8
	2012	42	4,777	879.2
	Total	925	70,719	1,308.0
Hopkins County, KY (21107)	1999	517	46,679	1,107.6
	2000	549	46,519	1,180.2
	2001	519	46,148	1,124.6
	2002	597	46,374	1,287.4
	2003	591	46,668	1,266.4
	2004	569	46,759	1,216.9
	2005	573	46,640	1,228.6
	2006	562	46,727	1,202.7
	2007	535	46,834	1,142.3
	2008	578	47,051	1,228.5
	2009	533	46,921	1,136.0
	2010	543	46,920	1,157.3
	2011	542	46,890	1,155.9
	2012	641	46,722	1,371.9
	Total	7,849	653,852	1,200.4
Jackson County, KY (21109)	1999	137	13,461	1,017.8
	2000	140	13,495	1,037.4
	2001	152	13,611	1,116.7
	2002	153	13,559	1,128.4
	2003	164	13,512	1,213.7
	2004	134	13,476	994.4
	2005	128	13,596	941.5
	2006	143	13,577	1,053.3
	2007	147	13,606	1,080.4
	2008	146	13,650	1,069.6
	2009	151	13,463	1,121.6
	2010	177	13,494	1,311.7
	2011	164	13,396	1,224.2
	2012	170	13,315	1,276.8
	Total	2,106	189,211	1,113.0
Jefferson County, KY (21111)	1999	7,075	691,879	1,022.6
	2000	7,181	693,604	1,035.3
	2001	7,055	697,159	1,012.0
	2002	7,265	699,810	1,038.1
	2003	7,093	703,970	1,007.6
	2004	6,766	706,828	957.2
	2005	6,849	710,018	964.6
	2006	6,866	715,149	960.1
	2007	6,995	723,040	967.4
	2008	6,912	730,194	946.6
	2009	6,755	736,705	916.9
	2010	7,081	741,096	955.5
	2011	7,196	746,295	964.2
	2012	7,375	750,810	982.3
	Total	98,464	10,046,557	980.1
Jessamine County, KY (21113)	1999	284	38,419	739.2
	2000	290	39,041	742.8
	2001	313	39,819	786.1
	2002	315	40,760	772.8
	2003	303	41,545	729.3
	2004	319	42,348	753.3
	2005	333	43,503	765.5
	2006	334	45,024	741.8
	2007	367	46,044	797.1
	2008	340	47,429	716.9
	2009	333	48,153	691.5
	2010	384	48,586	790.4
	2011	372	48,953	759.9
	2012	361	49,586	728.0
	Total	4,648	619,210	750.6
Johnson County, KY (21115)	1999	223	23,719	940.2
	2000	268	23,445	1,143.1
	2001	266	23,230	1,145.1
	2002	263	23,156	1,135.8
	2003	277	23,138	1,197.2
	2004	266	23,229	1,145.1
	2005	296	23,332	1,268.6
	2006	283	23,382	1,210.3
	2007	257	23,354	1,100.5
	2008	280	23,256	1,204.0
	2009	270	23,220	1,162.8
	2010	267	23,356	1,143.2
	2011	284	23,422	1,212.5
	2012	301	23,406	1,286.0
	Total	3,801	326,645	1,163.6
Kenton County, KY (21117)	1999	1,282	150,914	849.5
	2000	1,216	151,464	802.8
	2001	1,355	151,974	891.6
	2002	1,345	151,777	886.2
	2003	1,307	152,591	856.5
	2004	1,294	153,138	845.0
	2005	1,403	153,769	912.4
	2006	1,329	155,557	854.3
	2007	1,308	157,240	831.8
	2008	1,338	158,258	845.5
	2009	1,317	159,239	827.1
	2010	1,367	159,720	855.9
	2011	1,384	160,407	862.8
	2012	1,397	161,502	865.0
	Total	18,642	2,177,550	856.1
Knott County, KY (21119)	1999	170	17,670	962.1
	2000	163	17,649	923.6
	2001	177	17,411	1,016.6
	2002	163	17,457	933.7
	2003	182	17,294	1,052.4
	2004	144	17,093	842.5
	2005	180	17,089	1,053.3
	2006	203	16,837	1,205.7
	2007	199	16,640	1,195.9
	2008	158	16,616	950.9
	2009	173	16,543	1,045.8
	2010	191	16,346	1,168.5
	2011	211	16,219	1,300.9
	2012	226	16,048	1,408.3
	Total	2,540	236,912	1,072.1
Knox County, KY (21121)	1999	349	31,582	1,105.1
	2000	332	31,795	1,044.2
	2001	341	31,431	1,084.9
	2002	364	31,298	1,163.0
	2003	354	31,376	1,128.3
	2004	349	31,371	1,112.5
	2005	381	31,570	1,206.8
	2006	370	31,599	1,170.9
	2007	359	31,668	1,133.6
	2008	391	31,746	1,231.7
	2009	411	31,920	1,287.6
	2010	374	31,883	1,173.0
	2011	394	32,065	1,228.8
	2012	352	31,697	1,110.5
	Total	5,121	443,001	1,156.0
Larue County, KY (21123)	1999	120	13,262	904.8
	2000	148	13,373	1,106.7
	2001	133	13,436	989.9
	2002	154	13,536	1,137.7
	2003	163	13,455	1,211.4
	2004	147	13,615	1,079.7
	2005	169	13,793	1,225.3
	2006	146	13,934	1,047.8
	2007	170	14,008	1,213.6
	2008	139	14,100	985.8
	2009	154	14,172	1,086.6
	2010	155	14,193	1,092.1
	2011	165	14,219	1,160.4
	2012	157	14,087	1,114.5
	Total	2,120	193,183	1,097.4
Laurel County, KY (21125)	1999	455	51,881	877.0
	2000	520	52,715	986.4
	2001	513	53,604	957.0
	2002	517	54,452	949.5
	2003	503	55,371	908.4
	2004	509	55,811	912.0
	2005	519	56,465	919.2
	2006	511	57,239	892.7
	2007	508	57,938	876.8
	2008	594	58,142	1,021.6
	2009	556	58,513	950.2
	2010	564	58,849	958.4
	2011	597	59,360	1,005.7
	2012	567	59,446	953.8
	Total	7,433	789,786	941.1
Lawrence County, KY (21127)	1999	177	15,510	1,141.2
	2000	170	15,569	1,091.9
	2001	175	15,566	1,124.2
	2002	183	15,625	1,171.2
	2003	169	15,558	1,086.3
	2004	186	15,664	1,187.4
	2005	157	15,756	996.4
	2006	189	15,766	1,198.8
	2007	142	15,815	897.9
	2008	184	15,867	1,159.6
	2009	193	15,889	1,214.7
	2010	195	15,860	1,229.5
	2011	188	15,922	1,180.8
	2012	213	15,829	1,345.6
	Total	2,521	220,196	1,144.9
Lee County, KY (21129)	1999	87	7,887	1,103.1
	2000	74	7,916	934.8
	2001	104	7,922	1,312.8
	2002	106	7,971	1,329.8
	2003	103	8,015	1,285.1
	2004	101	7,950	1,270.4
	2005	97	7,823	1,239.9
	2006	78	7,850	993.6
	2007	97	7,855	1,234.9
	2008	90	7,859	1,145.2
	2009	115	7,885	1,458.5
	2010	107	7,887	1,356.7
	2011	108	7,491	1,441.7
	2012	101	7,334	1,377.1
	Total	1,368	109,645	1,247.7
Leslie County, KY (21131)	1999	117	12,503	935.8
	2000	136	12,401	1,096.7
	2001	136	12,183	1,116.3
	2002	133	12,156	1,094.1
	2003	145	12,010	1,207.3
	2004	144	11,820	1,218.3
	2005	131	11,797	1,110.5
	2006	129	11,642	1,108.1
	2007	117	11,585	1,009.9
	2008	124	11,465	1,081.6
	2009	156	11,361	1,373.1
	2010	170	11,310	1,503.1
	2011	156	11,291	1,381.6
	2012	161	11,138	1,445.5
	Total	1,955	164,662	1,187.3
Letcher County, KY (21133)	1999	255	25,392	1,004.3
	2000	302	25,277	1,194.8
	2001	315	24,862	1,267.0
	2002	313	24,914	1,256.3
	2003	301	24,925	1,207.6
	2004	279	24,742	1,127.6
	2005	279	24,585	1,134.8
	2006	334	24,534	1,361.4
	2007	293	24,499	1,196.0
	2008	294	24,363	1,206.7
	2009	273	24,364	1,120.5
	2010	297	24,519	1,211.3
	2011	334	24,458	1,365.6
	2012	313	23,997	1,304.3
	Total	4,182	345,431	1,210.7
Lewis County, KY (21135)	1999	173	13,915	1,243.3
	2000	147	14,092	1,043.1
	2001	137	13,990	979.3
	2002	167	13,728	1,216.5
	2003	170	13,710	1,240.0
	2004	157	13,827	1,135.5
	2005	155	13,861	1,118.2
	2006	118	14,010	842.3
	2007	133	14,069	945.3
	2008	161	13,997	1,150.2
	2009	137	13,915	984.5
	2010	164	13,870	1,182.4
	2011	132	13,868	951.8
	2012	168	13,853	1,212.7
	Total	2,119	194,705	1,088.3
Lincoln County, KY (21137)	1999	248	23,004	1,078.1
	2000	218	23,361	933.2
	2001	238	23,704	1,004.0
	2002	260	23,845	1,090.4
	2003	239	24,109	991.3
	2004	241	24,309	991.4
	2005	213	24,719	861.7
	2006	247	24,838	994.4
	2007	257	24,875	1,033.2
	2008	257	24,664	1,042.0
	2009	260	24,776	1,049.4
	2010	283	24,742	1,143.8
	2011	252	24,698	1,020.3
	2012	266	24,408	1,089.8
	Total	3,479	340,052	1,023.1
Livingston County, KY (21139)	1999	114	9,745	1,169.8
	2000	100	9,804	1,020.0
	2001	112	9,795	1,143.4
	2002	119	9,742	1,221.5
	2003	124	9,656	1,284.2
	2004	124	9,589	1,293.1
	2005	106	9,650	1,098.4
	2006	114	9,594	1,188.2
	2007	112	9,508	1,178.0
	2008	133	9,458	1,406.2
	2009	117	9,476	1,234.7
	2010	133	9,519	1,397.2
	2011	130	9,514	1,366.4
	2012	117	9,449	1,238.2
	Total	1,655	134,499	1,230.5
Logan County, KY (21141)	1999	314	26,469	1,186.3
	2000	259	26,573	974.7
	2001	296	26,609	1,112.4
	2002	272	26,615	1,022.0
	2003	286	26,533	1,077.9
	2004	272	26,632	1,021.3
	2005	294	26,721	1,100.3
	2006	298	26,768	1,113.3
	2007	280	26,911	1,040.5
	2008	287	26,802	1,070.8
	2009	287	26,872	1,068.0
	2010	306	26,835	1,140.3
	2011	293	26,826	1,092.2
	2012	298	26,681	1,116.9
	Total	4,042	373,847	1,081.2
Lyon County, KY (21143)	1999	90	7,978	1,128.1
	2000	117	8,080	1,448.0
	2001	105	8,149	1,288.5
	2002	90	8,144	1,105.1
	2003	95	8,180	1,161.4
	2004	106	8,249	1,285.0
	2005	105	8,327	1,261.0
	2006	102	8,434	1,209.4
	2007	107	8,393	1,274.9
	2008	113	8,374	1,349.4
	2009	122	8,332	1,464.2
	2010	109	8,314	1,311.0
	2011	101	8,417	1,200.0
	2012	92	8,449	1,088.9
	Total	1,454	115,820	1,255.4
McCracken County, KY (21145)	1999	771	65,553	1,176.1
	2000	799	65,514	1,219.6
	2001	755	64,825	1,164.7
	2002	765	64,588	1,184.4
	2003	752	64,430	1,167.2
	2004	691	64,270	1,075.2
	2005	737	64,430	1,143.9
	2006	783	64,678	1,210.6
	2007	744	64,925	1,145.9
	2008	769	65,287	1,177.9
	2009	788	65,654	1,200.2
	2010	787	65,565	1,200.3
	2011	796	65,826	1,209.2
	2012	812	65,634	1,237.2
	Total	10,749	911,179	1,179.7
McCreary County, KY (21147)	1999	173	17,065	1,013.8
	2000	166	17,080	971.9
	2001	168	17,144	979.9
	2002	168	17,320	970.0
	2003	194	17,363	1,117.3
	2004	201	17,469	1,150.6
	2005	168	17,758	946.1
	2006	183	17,892	1,022.8
	2007	150	18,053	830.9
	2008	186	18,144	1,025.1
	2009	168	18,207	922.7
	2010	176	18,306	961.4
	2011	177	18,272	968.7
	2012	221	18,053	1,224.2
	Total	2,499	248,126	1,007.1
McLean County, KY (21149)	1999	124	9,835	1,260.8
	2000	108	9,938	1,086.7
	2001	126	9,853	1,278.8
	2002	108	9,945	1,086.0
	2003	120	9,852	1,218.0
	2004	104	9,841	1,056.8
	2005	108	9,811	1,100.8
	2006	130	9,702	1,339.9
	2007	129	9,717	1,327.6
	2008	112	9,673	1,157.9
	2009	115	9,566	1,202.2
	2010	107	9,531	1,122.7
	2011	119	9,524	1,249.5
	2012	114	9,516	1,198.0
	Total	1,624	136,304	1,191.5
Madison County, KY (21151)	1999	549	69,559	789.3
	2000	509	70,872	718.2
	2001	527	72,571	726.2
	2002	605	73,634	821.6
	2003	533	74,998	710.7
	2004	524	76,673	683.4
	2005	566	78,732	718.9
	2006	607	80,264	756.3
	2007	609	80,659	755.0
	2008	623	81,521	764.2
	2009	625	82,299	759.4
	2010	651	82,916	785.1
	2011	678	84,101	806.2
	2012	659	84,759	777.5
	Total	8,265	1,093,558	755.8
Magoffin County, KY (21153)	1999	125	13,398	933.0
	2000	142	13,332	1,065.1
	2001	141	13,195	1,068.6
	2002	115	13,285	865.6
	2003	117	13,287	880.6
	2004	132	13,297	992.7
	2005	138	13,302	1,037.4
	2006	135	13,258	1,018.3
	2007	162	13,316	1,216.6
	2008	161	13,233	1,216.7
	2009	142	13,335	1,064.9
	2010	138	13,333	1,035.0
	2011	160	13,228	1,209.6
	2012	140	13,065	1,071.6
	Total	1,948	185,864	1,048.1
Marion County, KY (21155)	1999	174	18,050	964.0
	2000	182	18,212	999.3
	2001	200	18,404	1,086.7
	2002	167	18,540	900.8
	2003	176	18,676	942.4
	2004	177	19,066	928.4
	2005	187	19,251	971.4
	2006	187	19,392	964.3
	2007	173	19,458	889.1
	2008	177	19,647	900.9
	2009	194	19,769	981.3
	2010	188	19,820	948.5
	2011	208	20,049	1,037.5
	2012	205	20,039	1,023.0
	Total	2,595	268,373	966.9
Marshall County, KY (21157)	1999	352	30,078	1,170.3
	2000	357	30,125	1,185.1
	2001	361	30,145	1,197.5
	2002	386	30,258	1,275.7
	2003	345	30,494	1,131.4
	2004	385	30,674	1,255.1
	2005	353	30,870	1,143.5
	2006	381	31,204	1,221.0
	2007	374	31,443	1,189.5
	2008	400	31,418	1,273.2
	2009	411	31,411	1,308.5
	2010	390	31,448	1,240.1
	2011	408	31,263	1,305.1
	2012	403	31,242	1,289.9
	Total	5,306	432,073	1,228.0
Martin County, KY (21159)	1999	115	12,527	918.0
	2000	113	12,578	898.4
	2001	139	12,589	1,104.1
	2002	125	12,711	983.4
	2003	113	12,778	884.3
	2004	118	13,138	898.2
	2005	102	13,536	753.5
	2006	147	13,371	1,099.4
	2007	125	13,224	945.3
	2008	118	13,160	896.7
	2009	138	13,040	1,058.3
	2010	137	12,929	1,059.6
	2011	146	12,853	1,135.9
	2012	154	12,758	1,207.1
	Total	1,790	181,192	987.9
Mason County, KY (21161)	1999	209	16,842	1,240.9
	2000	221	16,800	1,315.5
	2001	185	16,808	1,100.7
	2002	205	16,825	1,218.4
	2003	198	16,729	1,183.6
	2004	178	16,802	1,059.4
	2005	183	16,923	1,081.4
	2006	207	17,138	1,207.8
	2007	226	17,259	1,309.5
	2008	176	17,454	1,008.4
	2009	197	17,464	1,128.0
	2010	196	17,490	1,120.6
	2011	197	17,545	1,122.8
	2012	187	17,465	1,070.7
	Total	2,765	239,544	1,154.3
Meade County, KY (21163)	1999	184	26,027	707.0
	2000	158	26,349	599.6
	2001	176	28,506	617.4
	2002	164	28,919	567.1
	2003	155	28,949	535.4
	2004	197	29,600	665.5
	2005	168	29,732	565.0
	2006	179	29,397	608.9
	2007	205	29,108	704.3
	2008	150	28,962	517.9
	2009	196	28,403	690.1
	2010	214	28,602	748.2
	2011	221	29,605	746.5
	2012	202	29,220	691.3
	Total	2,569	401,379	640.0
Menifee County, KY (21165)	1999	65	6,361	1,021.9
	2000	51	6,556	777.9
	2001	71	6,631	1,070.7
	2002	58	6,651	872.0
	2003	61	6,581	926.9
	2004	58	6,597	879.2
	2005	71	6,581	1,078.9
	2006	61	6,567	928.9
	2007	75	6,486	1,156.3
	2008	77	6,457	1,192.5
	2009	80	6,317	1,266.4
	2010	81	6,306	1,284.5
	2011	65	6,400	1,015.6
	2012	62	6,307	983.0
	Total	936	90,798	1,030.9
Mercer County, KY (21167)	1999	229	20,765	1,102.8
	2000	257	20,817	1,234.6
	2001	217	20,755	1,045.5
	2002	218	20,877	1,044.2
	2003	235	21,044	1,116.7
	2004	241	21,118	1,141.2
	2005	235	21,229	1,107.0
	2006	247	21,181	1,166.1
	2007	262	21,255	1,232.7
	2008	244	21,273	1,147.0
	2009	247	21,286	1,160.4
	2010	238	21,331	1,115.7
	2011	236	21,255	1,110.3
	2012	267	21,336	1,251.4
	Total	3,373	295,522	1,141.4
Metcalfe County, KY (21169)	1999	117	10,064	1,162.6
	2000	96	10,037	956.5
	2001	146	10,075	1,449.1
	2002	151	9,961	1,515.9
	2003	125	9,968	1,254.0
	2004	144	10,008	1,438.8
	2005	103	10,094	1,020.4
	2006	117	10,123	1,155.8
	2007	111	10,187	1,089.6
	2008	123	10,166	1,209.9
	2009	129	10,067	1,281.4
	2010	128	10,099	1,267.5
	2011	131	10,068	1,301.2
	2012	123	9,979	1,232.6
	Total	1,744	140,896	1,237.8
Monroe County, KY (21171)	1999	145	11,754	1,233.6
	2000	132	11,756	1,122.8
	2001	132	11,684	1,129.8
	2002	145	11,557	1,254.7
	2003	142	11,481	1,236.8
	2004	128	11,348	1,128.0
	2005	130	11,425	1,137.9
	2006	147	11,337	1,296.6
	2007	155	11,171	1,387.5
	2008	164	10,990	1,492.3
	2009	146	10,969	1,331.0
	2010	179	10,963	1,632.8
	2011	161	10,899	1,477.2
	2012	152	10,841	1,402.1
	Total	2,058	158,175	1,301.1
Montgomery County, KY (21173)	1999	242	22,267	1,086.8
	2000	218	22,554	966.6
	2001	226	22,851	989.0
	2002	238	23,251	1,023.6
	2003	210	23,594	890.1
	2004	201	23,899	841.0
	2005	211	24,491	861.5
	2006	257	25,085	1,024.5
	2007	223	25,550	872.8
	2008	255	25,981	981.5
	2009	259	26,407	980.8
	2010	229	26,499	864.2
	2011	239	26,745	893.6
	2012	285	26,875	1,060.5
	Total	3,293	346,049	951.6
Morgan County, KY (21175)	1999	122	13,870	879.6
	2000	126	13,948	903.4
	2001	104	14,046	740.4
	2002	134	14,165	946.0
	2003	111	14,201	781.6
	2004	115	14,319	803.1
	2005	144	14,219	1,012.7
	2006	100	14,174	705.5
	2007	153	14,191	1,078.1
	2008	123	14,055	875.1
	2009	160	13,928	1,148.8
	2010	135	13,923	969.6
	2011	139	13,740	1,011.6
	2012	128	13,483	949.3
	Total	1,794	196,262	914.1
Muhlenberg County, KY (21177)	1999	366	31,873	1,148.3
	2000	389	31,839	1,221.8
	2001	389	31,768	1,224.5
	2002	400	31,641	1,264.2
	2003	406	31,588	1,285.3
	2004	359	31,615	1,135.5
	2005	345	31,595	1,091.9
	2006	398	31,595	1,259.7
	2007	382	31,627	1,207.8
	2008	420	31,486	1,333.9
	2009	421	31,505	1,336.3
	2010	360	31,499	1,142.9
	2011	384	31,476	1,220.0
	2012	352	31,332	1,123.5
	Total	5,371	442,439	1,214.0
Nelson County, KY (21179)	1999	294	36,825	798.4
	2000	338	37,477	901.9
	2001	303	38,128	794.7
	2002	312	38,681	806.6
	2003	302	39,307	768.3
	2004	304	39,947	761.0
	2005	289	40,582	712.1
	2006	320	41,424	772.5
	2007	359	42,020	854.4
	2008	355	42,588	833.6
	2009	357	42,974	830.7
	2010	356	43,437	819.6
	2011	334	44,045	758.3
	2012	373	44,358	840.9
	Total	4,596	571,793	803.8
Nicholas County, KY (21181)	1999	82	6,891	1,190.0
	2000	80	6,813	1,174.2
	2001	83	6,878	1,206.7
	2002	94	7,015	1,340.0
	2003	89	7,075	1,258.0
	2004	98	7,139	1,372.7
	2005	87	7,134	1,219.5
	2006	100	7,147	1,399.2
	2007	113	7,143	1,582.0
	2008	93	7,135	1,303.4
	2009	107	7,125	1,501.8
	2010	94	7,135	1,317.4
	2011	106	7,102	1,492.5
	2012	93	7,034	1,322.1
	Total	1,319	98,766	1,335.5
Ohio County, KY (21183)	1999	239	22,800	1,048.2
	2000	269	22,916	1,173.9
	2001	264	23,040	1,145.8
	2002	267	23,161	1,152.8
	2003	285	23,158	1,230.7
	2004	228	23,452	972.2
	2005	247	23,611	1,046.1
	2006	248	23,658	1,048.3
	2007	250	23,794	1,050.7
	2008	278	24,025	1,157.1
	2009	250	23,888	1,046.6
	2010	229	23,842	960.5
	2011	259	24,028	1,077.9
	2012	280	24,028	1,165.3
	Total	3,593	329,401	1,090.8
Oldham County, KY (21185)	1999	223	45,027	495.3
	2000	268	46,178	580.4
	2001	255	47,933	532.0
	2002	266	49,250	540.1
	2003	273	51,296	532.2
	2004	252	52,830	477.0
	2005	325	54,266	598.9
	2006	305	56,329	541.5
	2007	298	57,991	513.9
	2008	288	59,375	485.1
	2009	320	59,777	535.3
	2010	327	60,316	542.1
	2011	314	60,749	516.9
	2012	374	61,407	609.1
	Total	4,088	762,724	536.0
Owen County, KY (21187)	1999	115	10,459	1,099.5
	2000	105	10,547	995.5
	2001	105	10,591	991.4
	2002	100	10,749	930.3
	2003	130	10,732	1,211.3
	2004	98	10,893	899.7
	2005	111	10,900	1,018.3
	2006	97	10,886	891.1
	2007	103	11,000	936.4
	2008	98	11,010	890.1
	2009	99	10,909	907.5
	2010	103	10,841	950.1
	2011	109	10,833	1,006.2
	2012	108	10,787	1,001.2
	Total	1,481	151,137	979.9
Owsley County, KY (21189)	1999	74	4,890	1,513.3
	2000	64	4,858	1,317.4
	2001	86	4,809	1,788.3
	2002	76	4,768	1,594.0
	2003	60	4,758	1,261.0
	2004	67	4,840	1,384.3
	2005	82	4,797	1,709.4
	2006	76	4,743	1,602.4
	2007	68	4,729	1,437.9
	2008	79	4,761	1,659.3
	2009	64	4,713	1,357.9
	2010	70	4,755	1,472.1
	2011	80	4,827	1,657.3
	2012	93	4,717	1,971.6
	Total	1,039	66,965	1,551.6
Pendleton County, KY (21191)	1999	124	14,062	881.8
	2000	122	14,390	847.8
	2001	125	14,593	856.6
	2002	100	14,693	680.6
	2003	113	14,819	762.5
	2004	119	14,809	803.6
	2005	138	14,884	927.2
	2006	146	14,972	975.2
	2007	140	14,935	937.4
	2008	150	14,867	1,008.9
	2009	148	14,786	1,000.9
	2010	125	14,877	840.2
	2011	178	14,708	1,210.2
	2012	124	14,582	850.4
	Total	1,852	205,977	899.1
Perry County, KY (21193)	1999	337	29,729	1,133.6
	2000	294	29,390	1,000.3
	2001	342	29,112	1,174.8
	2002	355	29,180	1,216.6
	2003	369	29,173	1,264.9
	2004	326	29,043	1,122.5
	2005	378	28,851	1,310.2
	2006	381	28,829	1,321.6
	2007	346	28,742	1,203.8
	2008	373	28,686	1,300.3
	2009	417	28,713	1,452.3
	2010	422	28,712	1,469.8
	2011	430	28,729	1,496.7
	2012	404	28,283	1,428.4
	Total	5,174	405,172	1,277.0
Pike County, KY (21195)	1999	789	69,502	1,135.2
	2000	776	68,736	1,129.0
	2001	753	67,607	1,113.8
	2002	810	67,438	1,201.1
	2003	787	66,850	1,177.3
	2004	730	66,070	1,104.9
	2005	802	65,719	1,220.3
	2006	817	65,632	1,244.8
	2007	811	65,431	1,239.5
	2008	823	65,275	1,260.8
	2009	779	65,255	1,193.8
	2010	811	65,024	1,247.2
	2011	799	64,679	1,235.3
	2012	832	64,066	1,298.7
	Total	11,119	927,284	1,199.1
Powell County, KY (21197)	1999	135	13,075	1,032.5
	2000	119	13,237	899.0
	2001	141	13,213	1,067.1
	2002	120	13,053	919.3
	2003	127	12,970	979.2
	2004	142	13,051	1,088.0
	2005	158	13,117	1,204.5
	2006	136	12,943	1,050.8
	2007	139	12,926	1,075.4
	2008	145	12,794	1,133.3
	2009	133	12,644	1,051.9
	2010	171	12,613	1,355.7
	2011	137	12,628	1,084.9
	2012	180	12,479	1,442.4
	Total	1,983	180,743	1,097.1
Pulaski County, KY (21199)	1999	613	55,993	1,094.8
	2000	622	56,217	1,106.4
	2001	614	56,911	1,078.9
	2002	649	57,545	1,127.8
	2003	660	58,232	1,133.4
	2004	649	59,175	1,096.7
	2005	654	59,950	1,090.9
	2006	636	60,752	1,046.9
	2007	669	61,440	1,088.9
	2008	704	62,270	1,130.6
	2009	729	62,711	1,162.5
	2010	732	63,063	1,160.7
	2011	724	63,429	1,141.4
	2012	800	63,607	1,257.7
	Total	9,455	841,295	1,123.9
Robertson County, KY (21201)	1999	27	2,286	1,181.1
	2000	26	2,266	1,147.4
	2001	42	2,256	1,861.7
	2002	24	2,292	1,047.1
	2003	32	2,309	1,385.9
	2004	20	2,298	870.3
	2005	31	2,251	1,377.2
	2006	32	2,309	1,385.9
	2007	31	2,244	1,381.5
	2008	27	2,272	1,188.4
	2009	32	2,288	1,398.6
	2010	49	2,282	2,147.2
	2011	26	2,257	1,152.0
	2012	38	2,216	1,714.8
	Total	437	31,826	1,373.1
Rockcastle County, KY (21203)	1999	201	16,466	1,220.7
	2000	156	16,582	940.8
	2001	172	16,572	1,037.9
	2002	185	16,684	1,108.8
	2003	180	16,745	1,074.9
	2004	182	16,822	1,081.9
	2005	180	16,911	1,064.4
	2006	194	16,974	1,142.9
	2007	172	17,078	1,007.1
	2008	198	17,216	1,150.1
	2009	218	17,074	1,276.8
	2010	195	17,056	1,143.3
	2011	208	17,103	1,216.2
	2012	202	17,049	1,184.8
	Total	2,643	236,332	1,118.3
Rowan County, KY (21205)	1999	182	22,111	823.1
	2000	158	22,094	715.1
	2001	161	22,323	721.2
	2002	177	22,329	792.7
	2003	182	22,348	814.4
	2004	211	22,185	951.1
	2005	182	22,362	813.9
	2006	190	22,706	836.8
	2007	204	22,914	890.3
	2008	197	23,097	852.9
	2009	184	23,340	788.3
	2010	218	23,333	934.3
	2011	207	23,496	881.0
	2012	221	23,427	943.4
	Total	2,674	318,065	840.7
Russell County, KY (21207)	1999	191	16,275	1,173.6
	2000	204	16,315	1,250.4
	2001	193	16,367	1,179.2
	2002	192	16,445	1,167.5
	2003	193	16,574	1,164.5
	2004	181	16,851	1,074.1
	2005	169	17,018	993.1
	2006	217	17,232	1,259.3
	2007	176	17,297	1,017.5
	2008	190	17,529	1,083.9
	2009	208	17,632	1,179.7
	2010	229	17,565	1,303.7
	2011	221	17,661	1,251.3
	2012	225	17,585	1,279.5
	Total	2,789	238,346	1,170.1
Scott County, KY (21209)	1999	254	32,048	792.6
	2000	253	33,061	765.3
	2001	223	34,547	645.5
	2002	230	35,601	646.0
	2003	239	36,714	651.0
	2004	234	38,051	615.0
	2005	201	39,637	507.1
	2006	262	41,924	624.9
	2007	281	43,491	646.1
	2008	297	45,157	657.7
	2009	308	46,325	664.9
	2010	282	47,173	597.8
	2011	303	48,029	630.9
	2012	314	48,991	640.9
	Total	3,681	570,749	644.9
Shelby County, KY (21211)	1999	301	32,585	923.7
	2000	284	33,337	851.9
	2001	279	34,047	819.5
	2002	276	34,754	794.2
	2003	290	35,706	812.2
	2004	278	36,682	757.9
	2005	266	37,800	703.7
	2006	273	39,283	695.0
	2007	298	40,335	738.8
	2008	286	41,044	696.8
	2009	285	41,576	685.5
	2010	335	42,074	796.2
	2011	304	42,884	708.9
	2012	347	43,604	795.8
	Total	4,102	535,711	765.7
Simpson County, KY (21213)	1999	166	16,326	1,016.8
	2000	171	16,405	1,042.4
	2001	172	16,599	1,036.2
	2002	179	16,629	1,076.4
	2003	170	16,694	1,018.3
	2004	164	16,820	975.0
	2005	184	16,998	1,082.5
	2006	158	17,115	923.2
	2007	178	17,187	1,035.7
	2008	183	17,182	1,065.1
	2009	158	17,227	917.2
	2010	191	17,327	1,102.3
	2011	199	17,299	1,150.4
	2012	187	17,558	1,065.0
	Total	2,460	237,366	1,036.4
Spencer County, KY (21215)	1999	84	11,017	762.5
	2000	103	11,766	875.4
	2001	90	12,559	716.6
	2002	76	13,219	574.9
	2003	100	13,892	719.8
	2004	96	14,358	668.6
	2005	93	14,929	622.9
	2006	104	15,638	665.0
	2007	103	16,346	630.1
	2008	99	16,845	587.7
	2009	131	16,971	771.9
	2010	119	17,061	697.5
	2011	118	17,353	680.0
	2012	147	17,432	843.3
	Total	1,463	209,386	698.7
Taylor County, KY (21217)	1999	259	22,916	1,130.2
	2000	266	22,927	1,160.2
	2001	273	22,918	1,191.2
	2002	248	23,338	1,062.6
	2003	245	23,388	1,047.5
	2004	243	23,536	1,032.5
	2005	267	23,755	1,124.0
	2006	238	23,971	992.9
	2007	268	24,078	1,113.0
	2008	265	24,256	1,092.5
	2009	299	24,367	1,227.1
	2010	261	24,512	1,064.8
	2011	270	24,677	1,094.1
	2012	292	24,677	1,183.3
	Total	3,694	333,316	1,108.3
Todd County, KY (21219)	1999	157	11,934	1,315.6
	2000	111	11,971	927.2
	2001	123	12,021	1,023.2
	2002	141	11,975	1,177.5
	2003	137	11,917	1,149.6
	2004	136	11,858	1,146.9
	2005	118	11,965	986.2
	2006	142	12,092	1,174.3
	2007	133	12,169	1,092.9
	2008	124	12,340	1,004.9
	2009	130	12,485	1,041.2
	2010	131	12,460	1,051.4
	2011	119	12,447	956.1
	2012	136	12,661	1,074.2
	Total	1,838	170,295	1,079.3
Trigg County, KY (21221)	1999	134	12,399	1,080.7
	2000	152	12,597	1,206.6
	2001	161	12,803	1,257.5
	2002	165	12,900	1,279.1
	2003	146	13,022	1,121.2
	2004	154	13,438	1,146.0
	2005	142	13,619	1,042.7
	2006	162	13,780	1,175.6
	2007	156	14,079	1,108.0
	2008	156	14,153	1,102.2
	2009	170	14,222	1,195.3
	2010	161	14,339	1,122.8
	2011	163	14,208	1,147.2
	2012	163	14,376	1,133.8
	Total	2,185	189,935	1,150.4
Trimble County, KY (21223)	1999	82	7,983	1,027.2
	2000	87	8,125	1,070.8
	2001	75	8,449	887.7
	2002	72	8,572	839.9
	2003	83	8,653	959.2
	2004	84	8,843	949.9
	2005	93	8,788	1,058.3
	2006	85	8,856	959.8
	2007	76	8,903	853.6
	2008	73	8,950	815.6
	2009	88	8,855	993.8
	2010	85	8,809	964.9
	2011	62	8,788	705.5
	2012	93	8,822	1,054.2
	Total	1,138	121,396	937.4
Union County, KY (21225)	1999	185	15,755	1,174.2
	2000	159	15,637	1,016.8
	2001	184	15,330	1,200.3
	2002	184	15,401	1,194.7
	2003	190	15,395	1,234.2
	2004	153	15,451	990.2
	2005	164	15,335	1,069.4
	2006	142	15,246	931.4
	2007	140	15,060	929.6
	2008	201	15,072	1,333.6
	2009	192	15,004	1,279.7
	2010	157	15,007	1,046.2
	2011	153	15,275	1,001.6
	2012	143	15,086	947.9
	Total	2,347	214,054	1,096.5
Warren County, KY (21227)	1999	760	91,550	830.1
	2000	735	92,522	794.4
	2001	783	94,211	831.1
	2002	804	95,576	841.2
	2003	811	97,721	829.9
	2004	725	99,497	728.7
	2005	823	102,121	805.9
	2006	759	105,170	721.7
	2007	777	107,356	723.8
	2008	846	109,803	770.5
	2009	800	112,375	711.9
	2010	838	113,792	736.4
	2011	926	115,371	802.6
	2012	934	116,929	798.8
	Total	11,321	1,453,994	778.6
Washington County, KY (21229)	1999	104	10,895	954.6
	2000	145	10,916	1,328.3
	2001	116	10,997	1,054.8
	2002	109	11,143	978.2
	2003	111	11,222	989.1
	2004	113	11,260	1,003.6
	2005	118	11,339	1,040.7
	2006	113	11,456	986.4
	2007	108	11,640	927.8
	2008	133	11,551	1,151.4
	2009	119	11,550	1,030.3
	2010	128	11,717	1,092.4
	2011	140	11,809	1,185.5
	2012	139	11,861	1,171.9
	Total	1,696	159,356	1,064.3
Wayne County, KY (21231)	1999	211	19,704	1,070.8
	2000	199	19,923	998.8
	2001	222	19,949	1,112.8
	2002	202	20,078	1,006.1
	2003	235	20,353	1,154.6
	2004	227	20,473	1,108.8
	2005	196	20,516	955.4
	2006	203	20,547	988.0
	2007	215	20,667	1,040.3
	2008	205	20,757	987.6
	2009	192	20,793	923.4
	2010	185	20,813	888.9
	2011	231	20,885	1,106.1
	2012	206	20,785	991.1
	Total	2,929	286,243	1,023.3
Webster County, KY (21233)	1999	148	14,077	1,051.4
	2000	158	14,120	1,119.0
	2001	163	13,945	1,168.9
	2002	159	13,982	1,137.2
	2003	165	13,912	1,186.0
	2004	156	13,969	1,116.8
	2005	152	14,004	1,085.4
	2006	166	13,875	1,196.4
	2007	161	13,867	1,161.0
	2008	172	13,646	1,260.4
	2009	162	13,681	1,184.1
	2010	171	13,621	1,255.4
	2011	168	13,562	1,238.8
	2012	169	13,523	1,249.7
	Total	2,270	193,784	1,171.4
Whitley County, KY (21235)	1999	406	35,631	1,139.5
	2000	401	35,865	1,118.1
	2001	426	36,091	1,180.3
	2002	402	36,043	1,115.3
	2003	488	36,099	1,351.8
	2004	411	36,163	1,136.5
	2005	445	36,253	1,227.5
	2006	398	36,149	1,101.0
	2007	383	36,138	1,059.8
	2008	437	36,163	1,208.4
	2009	432	35,994	1,200.2
	2010	430	35,637	1,206.6
	2011	464	35,529	1,306.0
	2012	444	35,617	1,246.6
	Total	5,967	503,372	1,185.4
Wolfe County, KY (21237)	1999	89	6,987	1,273.8
	2000	97	7,065	1,373.0
	2001	85	6,965	1,220.4
	2002	105	7,015	1,496.8
	2003	102	7,053	1,446.2
	2004	101	7,076	1,427.4
	2005	99	7,201	1,374.8
	2006	86	7,256	1,185.2
	2007	87	7,323	1,188.0
	2008	92	7,294	1,261.3
	2009	105	7,351	1,428.4
	2010	109	7,355	1,482.0
	2011	98	7,363	1,331.0
	2012	107	7,183	1,489.6
	Total	1,362	100,487	1,355.4
Woodford County, KY (21239)	1999	181	23,051	785.2
	2000	212	23,208	913.5
	2001	182	23,331	780.1
	2002	201	23,406	858.8
	2003	193	23,555	819.4
	2004	188	23,695	793.4
	2005	192	23,933	802.2
	2006	223	24,134	924.0
	2007	188	24,214	776.4
	2008	184	24,541	749.8
	2009	202	24,702	817.7
	2010	208	24,939	834.0
	2011	225	24,916	903.0
	2012	230	25,049	918.2
	Total	2,809	336,674	834.3
Total		569,667	58,832,671	968.3
