
                        
                      	Year	
                        
                      	
                        
                      	
                        
                      
Beaver County, UT (49001)	1999	59	5,978	987.0
	2000	62	6,005	1,032.5
	2001	44	5,999	733.5
	2002	61	6,058	1,006.9
	2003	65	6,039	1,076.3
	2004	61	6,077	1,003.8
	2005	80	6,192	1,292.0
	2006	52	6,281	827.9
	2007	65	6,266	1,037.3
	2008	50	6,413	779.7
	2009	73	6,552	1,114.2
	2010	58	6,629	874.9
	2011	54	6,514	829.0
	2012	57	6,480	879.6
	Total	841	87,483	961.3
Box Elder County, UT (49003)	1999	267	42,378	630.0
	2000	279	42,745	652.7
	2001	297	43,362	684.9
	2002	303	44,038	688.0
	2003	295	44,548	662.2
	2004	297	44,666	664.9
	2005	298	45,090	660.9
	2006	280	45,948	609.4
	2007	316	47,193	669.6
	2008	284	48,437	586.3
	2009	300	49,372	607.6
	2010	352	49,975	704.4
	2011	322	50,249	640.8
	2012	359	50,232	714.7
	Total	4,249	648,233	655.5
Cache County, UT (49005)	1999	411	90,299	455.2
	2000	447	91,391	489.1
	2001	397	92,831	427.7
	2002	426	95,493	446.1
	2003	452	97,101	465.5
	2004	419	98,854	423.9
	2005	409	100,501	407.0
	2006	412	101,236	407.0
	2007	440	103,624	424.6
	2008	434	106,824	406.3
	2009	458	110,291	415.3
	2010	475	112,656	421.6
	2011	528	114,700	460.3
	2012	453	115,729	391.4
	Total	6,161	1,431,530	430.4
Carbon County, UT (49007)	1999	185	20,574	899.2
	2000	185	20,422	905.9
	2001	201	19,937	1,008.2
	2002	188	20,114	934.7
	2003	242	20,146	1,201.2
	2004	202	20,026	1,008.7
	2005	177	19,870	890.8
	2006	189	20,072	941.6
	2007	213	20,554	1,036.3
	2008	232	20,596	1,126.4
	2009	183	21,143	865.5
	2010	218	21,403	1,018.5
	2011	227	21,333	1,064.1
	2012	210	21,256	988.0
	Total	2,852	287,446	992.2
Daggett County, UT (49009)	2012	10	1,087	920.0 (Unreliable)
	Total	68	13,756	494.3
Davis County, UT (49011)	1999	1,028	235,912	435.8
	2000	1,094	238,994	457.8
	2001	1,102	244,687	450.4
	2002	1,213	249,676	485.8
	2003	1,209	255,582	473.0
	2004	1,211	262,189	461.9
	2005	1,278	269,208	474.7
	2006	1,295	278,800	464.5
	2007	1,376	288,236	477.4
	2008	1,381	295,801	466.9
	2009	1,357	301,965	449.4
	2010	1,351	306,479	440.8
	2011	1,493	311,812	478.8
	2012	1,534	315,781	485.8
	Total	17,922	3,855,122	464.9
Duchesne County, UT (49013)	1999	80	14,395	555.7
	2000	101	14,371	702.8
	2001	114	14,652	778.1
	2002	120	14,969	801.7
	2003	113	15,002	753.2
	2004	125	15,101	827.8
	2005	110	15,473	710.9
	2006	115	15,823	726.8
	2007	115	16,651	690.6
	2008	113	17,412	649.0
	2009	99	18,536	534.1
	2010	145	18,607	779.3
	2011	125	18,838	663.6
	2012	146	19,245	758.6
	Total	1,621	229,075	707.6
Emery County, UT (49015)	1999	79	10,916	723.7
	2000	60	10,860	552.5
	2001	75	10,614	706.6
	2002	79	10,548	749.0
	2003	81	10,545	768.1
	2004	72	10,460	688.3
	2005	83	10,471	792.7
	2006	74	10,445	708.5
	2007	91	10,566	861.3
	2008	102	10,740	949.7
	2009	78	10,896	715.9
	2010	87	10,976	792.6
	2011	88	10,948	803.8
	2012	85	10,911	779.0
	Total	1,134	149,896	756.5
Garfield County, UT (49017)	1999	42	4,649	903.4
	2000	50	4,735	1,056.0
	2001	43	4,705	913.9
	2002	45	4,650	967.7
	2003	41	4,605	890.3
	2004	33	4,552	725.0
	2005	38	4,582	829.3
	2006	36	4,670	770.9
	2007	40	4,850	824.7
	2008	41	5,010	818.4
	2009	31	5,068	611.7
	2010	40	5,172	773.4
	2011	51	5,176	985.3
	2012	52	5,102	1,019.2
	Total	583	67,526	863.4
Grand County, UT (49019)	1999	63	8,358	753.8
	2000	57	8,485	671.8
	2001	72	8,436	853.5
	2002	75	8,556	876.6
	2003	66	8,556	771.4
	2004	59	8,528	691.8
	2005	66	8,657	762.4
	2006	78	8,787	887.7
	2007	68	8,838	769.4
	2008	71	8,981	790.6
	2009	77	9,034	852.3
	2010	73	9,225	791.3
	2011	78	9,293	839.3
	2012	97	9,347	1,037.8
	Total	1,000	123,081	812.5
Iron County, UT (49021)	1999	170	32,883	517.0
	2000	147	33,779	435.2
	2001	164	34,771	471.7
	2002	207	35,728	579.4
	2003	200	36,202	552.5
	2004	196	37,223	526.6
	2005	216	39,555	546.1
	2006	261	42,000	621.4
	2007	270	43,645	618.6
	2008	271	44,547	608.3
	2009	249	45,693	544.9
	2010	247	46,163	535.1
	2011	285	46,665	610.7
	2012	274	46,773	585.8
	Total	3,157	565,627	558.1
Juab County, UT (49023)	1999	57	8,076	705.8
	2000	56	8,238	679.8
	2001	52	8,388	619.9
	2002	50	8,482	589.5
	2003	68	8,622	788.7
	2004	75	8,803	852.0
	2005	71	8,926	795.4
	2006	55	9,175	599.5
	2007	68	9,607	707.8
	2008	74	10,024	738.2
	2009	83	10,209	813.0
	2010	69	10,246	673.4
	2011	82	10,342	792.9
	2012	56	10,342	541.5
	Total	916	129,480	707.4
Kane County, UT (49025)	1999	52	5,986	868.7
	2000	71	6,046	1,174.3
	2001	57	6,000	950.0
	2002	54	6,081	888.0
	2003	44	6,133	717.4
	2004	62	6,200	1,000.0
	2005	48	6,369	753.7
	2006	71	6,678	1,063.2
	2007	81	6,778	1,195.0
	2008	59	6,853	860.9
	2009	58	7,001	828.5
	2010	62	7,125	870.2
	2011	67	7,240	925.4
	2012	72	7,227	996.3
	Total	858	91,717	935.5
Millard County, UT (49027)	1999	111	12,416	894.0
	2000	90	12,405	725.5
	2001	115	12,294	935.4
	2002	118	12,223	965.4
	2003	120	12,168	986.2
	2004	111	12,017	923.7
	2005	104	11,935	871.4
	2006	103	11,946	862.2
	2007	100	11,954	836.5
	2008	85	12,146	699.8
	2009	88	12,343	713.0
	2010	94	12,503	751.8
	2011	98	12,618	776.7
	2012	107	12,570	851.2
	Total	1,444	171,538	841.8
Morgan County, UT (49029)	1999	28	6,991	400.5
	2000	26	7,129	364.7
	2001	25	7,337	340.7
	2002	35	7,488	467.4
	2003	40	7,572	528.3
	2004	41	7,725	530.7
	2005	29	7,977	363.5
	2006	31	8,342	371.6
	2007	47	8,771	535.9
	2008	49	9,126	536.9
	2009	39	9,318	418.5
	2010	41	9,469	433.0
	2011	52	9,641	539.4
	2012	53	9,812	540.2
	Total	536	116,698	459.3
Piute County, UT (49031)	1999	10	1,426	701.3 (Unreliable)
	2000	15	1,435	1,045.3 (Unreliable)
	2001	15	1,414	1,060.8 (Unreliable)
	2002	21	1,417	1,482.0
	2003	18	1,409	1,277.5 (Unreliable)
	2004	19	1,430	1,328.7 (Unreliable)
	2005	12	1,430	839.2 (Unreliable)
	2006	17	1,429	1,189.6 (Unreliable)
	2007	19	1,419	1,339.0 (Unreliable)
	2008	16	1,511	1,058.9 (Unreliable)
	2009	17	1,528	1,112.6 (Unreliable)
	2010	15	1,556	964.0 (Unreliable)
	2011	22	1,520	1,447.4
	2012	14	1,519	921.7 (Unreliable)
	Total	230	20,443	1,125.1
Rich County, UT (49033)	1999	19	1,924	987.5 (Unreliable)
	2000	11	1,961	560.9 (Unreliable)
	2002	17	1,947	873.1 (Unreliable)
	2003	12	2,039	588.5 (Unreliable)
	2004	16	2,051	780.1 (Unreliable)
	2005	10	2,055	486.6 (Unreliable)
	2006	17	2,035	835.4 (Unreliable)
	2007	13	2,124	612.1 (Unreliable)
	2008	17	2,227	763.4 (Unreliable)
	2009	11	2,253	488.2 (Unreliable)
	2010	25	2,264	1,104.2
	Total	189	29,409	642.7
Salt Lake County, UT (49035)	1999	4,985	891,116	559.4
	2000	5,026	898,387	559.4
	2001	5,155	910,750	566.0
	2002	5,241	918,152	570.8
	2003	5,338	924,802	577.2
	2004	5,314	934,140	568.9
	2005	5,291	947,963	558.1
	2006	5,339	966,798	552.2
	2007	5,483	983,719	557.4
	2008	5,417	999,553	541.9
	2009	5,490	1,016,795	539.9
	2010	5,647	1,029,655	548.4
	2011	5,726	1,048,032	546.4
	2012	6,025	1,064,069	566.2
	Total	75,477	13,533,931	557.7
San Juan County, UT (49037)	1999	72	14,403	499.9
	2000	74	14,413	513.4
	2001	86	13,495	637.3
	2002	73	13,662	534.3
	2003	95	13,571	700.0
	2004	79	13,723	575.7
	2005	63	13,653	461.4
	2006	77	13,679	562.9
	2007	95	14,028	677.2
	2008	73	14,436	505.7
	2009	90	14,514	620.1
	2010	89	14,746	603.6
	2011	94	14,767	636.6
	2012	94	14,914	630.3
	Total	1,154	198,004	582.8
Sanpete County, UT (49039)	1999	148	22,550	656.3
	2000	166	22,763	729.3
	2001	165	23,294	708.3
	2002	174	23,566	738.4
	2003	178	23,866	745.8
	2004	181	24,217	747.4
	2005	167	24,607	678.7
	2006	169	25,051	674.6
	2007	160	25,846	619.1
	2008	163	26,959	604.6
	2009	167	27,511	607.0
	2010	188	27,822	675.7
	2011	189	28,020	674.5
	2012	192	28,011	685.4
	Total	2,407	354,083	679.8
Sevier County, UT (49041)	1999	163	18,693	872.0
	2000	164	18,842	870.4
	2001	158	18,975	832.7
	2002	138	19,088	723.0
	2003	183	19,192	953.5
	2004	174	19,412	896.4
	2005	160	19,415	824.1
	2006	199	19,844	1,002.8
	2007	201	20,236	993.3
	2008	183	20,599	888.4
	2009	180	20,694	869.8
	2010	205	20,802	985.5
	2011	173	20,912	827.3
	2012	186	20,727	897.4
	Total	2,467	277,431	889.2
Summit County, UT (49043)	1999	97	29,004	334.4
	2000	86	29,736	289.2
	2001	100	30,803	324.6
	2002	91	31,536	288.6
	2003	98	32,353	302.9
	2004	103	33,271	309.6
	2005	105	34,137	307.6
	2006	107	34,242	312.5
	2007	133	34,647	383.9
	2008	135	35,229	383.2
	2009	123	35,838	343.2
	2010	123	36,324	338.6
	2011	131	37,447	349.8
	2012	130	37,904	343.0
	Total	1,562	472,471	330.6
Tooele County, UT (49045)	1999	216	38,079	567.2
	2000	230	40,735	564.6
	2001	202	43,331	466.2
	2002	236	44,998	524.5
	2003	255	46,652	546.6
	2004	259	47,894	540.8
	2005	255	49,258	517.7
	2006	266	51,483	516.7
	2007	264	53,821	490.5
	2008	261	55,909	466.8
	2009	271	57,218	473.6
	2010	320	58,218	549.7
	2011	297	59,247	501.3
	2012	315	59,874	526.1
	Total	3,647	706,717	516.0
Uintah County, UT (49047)	1999	169	25,203	670.6
	2000	171	25,224	677.9
	2001	171	25,786	663.2
	2002	189	26,395	716.0
	2003	198	26,561	745.5
	2004	189	26,994	700.2
	2005	174	27,661	629.0
	2006	191	28,662	666.4
	2007	196	29,920	655.1
	2008	198	31,009	638.5
	2009	209	32,931	634.7
	2010	204	32,588	626.0
	2011	211	33,157	636.4
	2012	203	34,540	587.7
	Total	2,673	406,631	657.4
Utah County, UT (49049)	1999	1,464	361,631	404.8
	2000	1,551	368,536	420.9
	2001	1,623	385,671	420.8
	2002	1,722	397,190	433.5
	2003	1,749	406,158	430.6
	2004	1,700	416,220	408.4
	2005	1,748	430,697	405.9
	2006	1,852	448,296	413.1
	2007	1,869	469,574	398.0
	2008	1,900	487,615	389.7
	2009	1,853	504,801	367.1
	2010	1,943	516,564	376.1
	2011	2,055	530,126	387.6
	2012	2,114	539,888	391.6
	Total	25,143	6,262,967	401.5
Wasatch County, UT (49051)	1999	76	14,577	521.4
	2000	82	15,215	538.9
	2001	89	16,205	549.2
	2002	114	16,975	671.6
	2003	89	17,765	501.0
	2004	87	18,349	474.1
	2005	111	19,410	571.9
	2006	94	20,755	452.9
	2007	87	21,413	406.3
	2008	100	22,120	452.1
	2009	104	22,886	454.4
	2010	109	23,530	463.2
	2011	115	24,376	471.8
	2012	108	25,311	426.7
	Total	1,365	278,887	489.4
Washington County, UT (49053)	1999	679	88,049	771.2
	2000	670	90,354	741.5
	2001	684	94,512	723.7
	2002	739	99,274	744.4
	2003	766	104,188	735.2
	2004	807	110,207	732.3
	2005	841	119,000	706.7
	2006	935	126,796	737.4
	2007	846	132,277	639.6
	2008	886	135,552	653.6
	2009	951	137,088	693.7
	2010	1,062	138,115	768.9
	2011	1,067	141,537	753.9
	2012	1,135	144,656	784.6
	Total	12,068	1,661,605	726.3
Wayne County, UT (49055)	1999	23	2,442	941.9
	2000	19	2,509	757.3 (Unreliable)
	2001	20	2,532	789.9
	2002	12	2,559	468.9 (Unreliable)
	2003	24	2,527	949.7
	2004	20	2,505	798.4
	2005	18	2,510	717.1 (Unreliable)
	2006	22	2,594	848.1
	2007	24	2,648	906.3
	2008	23	2,731	842.2
	2009	29	2,788	1,040.2
	2010	21	2,778	755.9
	2011	25	2,764	904.5
	2012	22	2,736	804.1
	Total	302	36,623	824.6
Weber County, UT (49057)	1999	1,301	193,697	671.7
	2000	1,374	196,533	699.1
	2001	1,420	200,073	709.7
	2002	1,371	203,045	675.2
	2003	1,367	205,319	665.8
	2004	1,418	207,794	682.4
	2005	1,467	210,150	698.1
	2006	1,423	212,656	669.2
	2007	1,455	217,567	668.8
	2008	1,419	223,676	634.4
	2009	1,461	228,118	640.5
	2010	1,509	231,236	652.6
	2011	1,600	234,035	683.7
	2012	1,567	236,551	662.4
	Total	20,152	3,000,450	671.6
Total		192,178	35,207,860	545.8
