
                        
                      	Year	
                        
                      	
                        
                      	
                        
                      
Adams County, NE (31001)	1999	337	31,106	1,083.4
	2000	258	31,151	828.2
	2001	299	31,021	963.9
	2002	329	30,716	1,071.1
	2003	294	30,693	957.9
	2004	288	30,740	936.9
	2005	315	30,987	1,016.6
	2006	286	30,910	925.3
	2007	300	30,892	971.1
	2008	314	31,160	1,007.7
	2009	328	31,280	1,048.6
	2010	293	31,364	934.2
	2011	287	31,215	919.4
	2012	294	31,391	936.6
	Total	4,222	434,626	971.4
Antelope County, NE (31003)	1999	96	7,493	1,281.2
	2000	89	7,452	1,194.3
	2001	83	7,242	1,146.1
	2002	73	7,229	1,009.8
	2003	85	7,172	1,185.2
	2004	74	7,063	1,047.7
	2005	76	6,994	1,086.6
	2006	74	6,836	1,082.5
	2007	85	6,767	1,256.1
	2008	67	6,704	999.4
	2009	61	6,739	905.2
	2010	80	6,685	1,196.7
	2011	77	6,623	1,162.6
	2012	73	6,525	1,118.8
	Total	1,093	97,524	1,120.7
Arthur County, NE (31005)	Total	51	6,240	817.3
Banner County, NE (31007)	2008	10	677	1,477.1 (Unreliable)
	Total	60	10,438	574.8
Blaine County, NE (31009)	Total	64	7,212	887.4
Boone County, NE (31011)	1999	69	6,376	1,082.2
	2000	58	6,259	926.7
	2001	66	6,146	1,073.9
	2002	75	6,053	1,239.1
	2003	68	5,888	1,154.9
	2004	69	5,813	1,187.0
	2005	87	5,746	1,514.1
	2006	79	5,623	1,404.9
	2007	70	5,582	1,254.0
	2008	52	5,548	937.3
	2009	71	5,514	1,287.6
	2010	71	5,505	1,289.7
	2011	71	5,387	1,318.0
	2012	55	5,420	1,014.8
	Total	961	80,860	1,188.5
Box Butte County, NE (31013)	1999	131	12,374	1,058.7
	2000	137	12,158	1,126.8
	2001	132	11,985	1,101.4
	2002	123	11,951	1,029.2
	2003	127	11,719	1,083.7
	2004	116	11,528	1,006.2
	2005	119	11,422	1,041.8
	2006	114	11,338	1,005.5
	2007	113	11,409	990.4
	2008	130	11,482	1,132.2
	2009	112	11,347	987.0
	2010	125	11,308	1,105.4
	2011	119	11,300	1,053.1
	2012	113	11,312	998.9
	Total	1,711	162,633	1,052.1
Boyd County, NE (31015)	1999	40	2,458	1,627.3
	2000	28	2,438	1,148.5
	2001	35	2,390	1,464.4
	2002	39	2,352	1,658.2
	2003	36	2,304	1,562.5
	2004	41	2,246	1,825.5
	2005	34	2,219	1,532.2
	2006	43	2,143	2,006.5
	2007	26	2,109	1,232.8
	2008	22	2,102	1,046.6
	2009	29	2,075	1,397.6
	2010	32	2,099	1,524.5
	2011	26	2,083	1,248.2
	2012	32	2,058	1,554.9
	Total	463	31,076	1,489.9
Brown County, NE (31017)	1999	44	3,559	1,236.3
	2000	47	3,525	1,333.3
	2001	41	3,510	1,168.1
	2002	42	3,497	1,201.0
	2003	51	3,478	1,466.4
	2004	34	3,441	988.1
	2005	35	3,329	1,051.4
	2006	41	3,319	1,235.3
	2007	49	3,225	1,519.4
	2008	34	3,149	1,079.7
	2009	48	3,115	1,540.9
	2010	37	3,145	1,176.5
	2011	37	3,076	1,202.9
	2012	48	3,016	1,591.5
	Total	588	46,384	1,267.7
Buffalo County, NE (31019)	1999	333	41,904	794.7
	2000	323	42,259	764.3
	2001	302	42,418	712.0
	2002	325	42,949	756.7
	2003	364	43,251	841.6
	2004	329	43,753	751.9
	2005	308	44,131	697.9
	2006	342	44,645	766.0
	2007	365	45,060	810.0
	2008	370	45,343	816.0
	2009	345	45,970	750.5
	2010	348	46,102	754.8
	2011	330	46,816	704.9
	2012	347	47,574	729.4
	Total	4,731	622,175	760.4
Burt County, NE (31021)	1999	111	7,799	1,423.3
	2000	109	7,791	1,399.1
	2001	111	7,659	1,449.3
	2002	119	7,486	1,589.6
	2003	121	7,366	1,642.7
	2004	89	7,399	1,202.9
	2005	102	7,225	1,411.8
	2006	95	7,122	1,333.9
	2007	104	6,999	1,485.9
	2008	102	6,967	1,464.0
	2009	93	6,885	1,350.8
	2010	90	6,858	1,312.3
	2011	98	6,780	1,445.4
	2012	113	6,661	1,696.4
	Total	1,457	100,997	1,442.6
Butler County, NE (31023)	1999	96	8,743	1,098.0
	2000	111	8,767	1,266.1
	2001	102	8,878	1,148.9
	2002	122	8,817	1,383.7
	2003	93	8,716	1,067.0
	2004	90	8,631	1,042.8
	2005	106	8,479	1,250.1
	2006	101	8,396	1,203.0
	2007	104	8,375	1,241.8
	2008	79	8,355	945.5
	2009	89	8,387	1,061.2
	2010	96	8,395	1,143.5
	2011	103	8,300	1,241.0
	2012	97	8,298	1,169.0
	Total	1,389	119,537	1,162.0
Cass County, NE (31025)	1999	200	24,184	827.0
	2000	203	24,334	834.2
	2001	228	24,460	932.1
	2002	207	24,602	841.4
	2003	219	24,868	880.6
	2004	209	25,074	833.5
	2005	207	25,170	822.4
	2006	205	25,240	812.2
	2007	228	25,256	902.8
	2008	202	25,322	797.7
	2009	224	25,122	891.6
	2010	253	25,241	1,002.3
	2011	224	25,237	887.6
	2012	192	25,148	763.5
	Total	3,001	349,258	859.3
Cedar County, NE (31027)	1999	111	9,697	1,144.7
	2000	106	9,615	1,102.4
	2001	100	9,470	1,056.0
	2002	128	9,391	1,363.0
	2003	134	9,291	1,442.3
	2004	95	9,246	1,027.5
	2005	104	9,240	1,125.5
	2006	93	9,060	1,026.5
	2007	104	8,941	1,163.2
	2008	107	8,839	1,210.5
	2009	109	8,854	1,231.1
	2010	105	8,852	1,186.2
	2011	102	8,782	1,161.5
	2012	94	8,774	1,071.3
	Total	1,492	128,052	1,165.2
Chase County, NE (31029)	1999	69	4,128	1,671.5
	2000	53	4,068	1,302.9
	2001	50	4,003	1,249.1
	2002	54	4,045	1,335.0
	2003	58	4,090	1,418.1
	2004	62	4,018	1,543.1
	2005	52	3,983	1,305.5
	2006	40	3,965	1,008.8
	2007	57	3,913	1,456.7
	2008	59	3,865	1,526.5
	2009	57	3,921	1,453.7
	2010	47	3,966	1,185.1
	2011	54	3,997	1,351.0
	2012	45	4,041	1,113.6
	Total	757	56,003	1,351.7
Cherry County, NE (31031)	1999	54	6,185	873.1
	2000	74	6,148	1,203.6
	2001	68	6,060	1,122.1
	2002	68	6,054	1,123.2
	2003	71	6,031	1,177.3
	2004	67	6,064	1,104.9
	2005	65	6,039	1,076.3
	2006	51	5,927	860.5
	2007	67	5,834	1,148.4
	2008	58	5,752	1,008.3
	2009	61	5,683	1,073.4
	2010	57	5,713	997.7
	2011	52	5,745	905.1
	2012	65	5,743	1,131.8
	Total	878	82,978	1,058.1
Cheyenne County, NE (31033)	1999	121	9,813	1,233.1
	2000	122	9,830	1,241.1
	2001	133	9,943	1,337.6
	2002	108	9,973	1,082.9
	2003	119	9,935	1,197.8
	2004	90	9,970	902.7
	2005	121	10,125	1,195.1
	2006	98	9,943	985.6
	2007	106	10,139	1,045.5
	2008	104	10,150	1,024.6
	2009	76	10,032	757.6
	2010	95	9,998	950.2
	2011	84	9,960	843.4
	2012	88	10,065	874.3
	Total	1,465	139,876	1,047.4
Clay County, NE (31035)	1999	106	7,100	1,493.0
	2000	84	7,039	1,193.4
	2001	66	6,944	950.5
	2002	95	6,899	1,377.0
	2003	78	6,859	1,137.2
	2004	68	6,795	1,000.7
	2005	74	6,669	1,109.6
	2006	77	6,609	1,165.1
	2007	71	6,564	1,081.7
	2008	92	6,543	1,406.1
	2009	83	6,512	1,274.6
	2010	77	6,542	1,177.0
	2011	71	6,481	1,095.5
	2012	75	6,416	1,169.0
	Total	1,117	93,972	1,188.7
Colfax County, NE (31037)	1999	104	10,466	993.7
	2000	110	10,441	1,053.5
	2001	96	10,440	919.5
	2002	101	10,478	963.9
	2003	89	10,433	853.1
	2004	99	10,457	946.7
	2005	104	10,238	1,015.8
	2006	93	9,993	930.7
	2007	81	9,993	810.6
	2008	91	10,083	902.5
	2009	84	10,380	809.2
	2010	69	10,515	656.2
	2011	82	10,579	775.1
	2012	101	10,550	957.3
	Total	1,304	145,046	899.0
Cuming County, NE (31039)	1999	122	10,253	1,189.9
	2000	127	10,203	1,244.7
	2001	105	10,054	1,044.4
	2002	118	9,962	1,184.5
	2003	127	9,832	1,291.7
	2004	103	9,709	1,060.9
	2005	127	9,642	1,317.2
	2006	141	9,440	1,493.6
	2007	100	9,286	1,076.9
	2008	103	9,215	1,117.7
	2009	89	9,132	974.6
	2010	97	9,139	1,061.4
	2011	110	9,126	1,205.3
	2012	105	9,081	1,156.3
	Total	1,574	134,074	1,174.0
Custer County, NE (31041)	1999	158	11,803	1,338.6
	2000	147	11,793	1,246.5
	2001	164	11,593	1,414.6
	2002	167	11,508	1,451.2
	2003	159	11,388	1,396.2
	2004	141	11,328	1,244.7
	2005	174	11,248	1,546.9
	2006	134	11,090	1,208.3
	2007	145	11,005	1,317.6
	2008	163	11,001	1,481.7
	2009	147	10,999	1,336.5
	2010	141	10,939	1,289.0
	2011	154	10,879	1,415.6
	2012	122	10,782	1,131.5
	Total	2,116	157,356	1,344.7
Dakota County, NE (31043)	1999	168	20,094	836.1
	2000	164	20,253	809.8
	2001	143	20,331	703.4
	2002	159	20,374	780.4
	2003	152	20,488	741.9
	2004	144	20,410	705.5
	2005	186	20,191	921.2
	2006	171	20,295	842.6
	2007	180	20,564	875.3
	2008	143	20,559	695.6
	2009	144	20,924	688.2
	2010	171	21,006	814.1
	2011	162	20,846	777.1
	2012	145	20,853	695.3
	Total	2,232	287,188	777.2
Dawes County, NE (31045)	1999	88	9,132	963.6
	2000	86	9,060	949.2
	2001	88	9,162	960.5
	2002	99	9,227	1,072.9
	2003	89	9,306	956.4
	2004	106	9,127	1,161.4
	2005	89	9,087	979.4
	2006	75	9,040	829.6
	2007	88	9,181	958.5
	2008	73	9,134	799.2
	2009	91	9,218	987.2
	2010	83	9,182	903.9
	2011	91	9,219	987.1
	2012	89	9,170	970.6
	Total	1,235	128,245	963.0
Dawson County, NE (31047)	1999	238	24,159	985.1
	2000	240	24,365	985.0
	2001	238	24,359	977.1
	2002	209	24,149	865.5
	2003	221	24,175	914.2
	2004	220	24,112	912.4
	2005	212	24,085	880.2
	2006	232	24,291	955.1
	2007	203	24,178	839.6
	2008	226	24,160	935.4
	2009	216	24,212	892.1
	2010	202	24,326	830.4
	2011	188	24,342	772.3
	2012	240	24,161	993.3
	Total	3,085	339,074	909.8
Deuel County, NE (31049)	1999	26	2,059	1,262.7
	2000	20	2,098	953.3
	2001	38	2,085	1,822.5
	2002	30	2,029	1,478.6
	2003	40	2,027	1,973.4
	2004	26	2,025	1,284.0
	2005	32	1,999	1,600.8
	2006	23	1,969	1,168.1
	2007	22	1,982	1,110.0
	2008	27	1,986	1,359.5
	2009	26	1,941	1,339.5
	2010	27	1,941	1,391.0
	2011	22	1,968	1,117.9
	2012	19	1,978	960.6 (Unreliable)
	Total	378	28,087	1,345.8
Dixon County, NE (31051)	1999	46	6,396	719.2
	2000	70	6,339	1,104.3
	2001	82	6,156	1,332.0
	2002	66	6,064	1,088.4
	2003	62	5,984	1,036.1
	2004	78	5,908	1,320.2
	2005	69	5,961	1,157.5
	2006	57	5,987	952.1
	2007	57	5,993	951.1
	2008	77	6,004	1,282.5
	2009	67	6,013	1,114.3
	2010	66	6,000	1,100.0
	2011	78	6,013	1,297.2
	2012	75	5,917	1,267.5
	Total	950	84,735	1,121.1
Dodge County, NE (31053)	1999	437	35,904	1,217.1
	2000	388	36,160	1,073.0
	2001	435	36,143	1,203.6
	2002	384	36,060	1,064.9
	2003	426	36,184	1,177.3
	2004	393	36,267	1,083.6
	2005	371	36,442	1,018.1
	2006	414	36,597	1,131.2
	2007	435	36,647	1,187.0
	2008	411	36,548	1,124.5
	2009	408	36,604	1,114.6
	2010	400	36,691	1,090.2
	2011	472	36,943	1,277.6
	2012	428	36,613	1,169.0
	Total	5,802	509,803	1,138.1
Douglas County, NE (31055)	1999	3,668	460,798	796.0
	2000	3,536	463,585	762.8
	2001	3,649	468,125	779.5
	2002	3,686	471,866	781.2
	2003	3,644	476,701	764.4
	2004	3,512	482,075	728.5
	2005	3,552	488,114	727.7
	2006	3,580	493,757	725.1
	2007	3,589	498,743	719.6
	2008	3,714	504,547	736.1
	2009	3,434	511,902	670.8
	2010	3,635	517,110	702.9
	2011	3,789	524,535	722.4
	2012	3,837	531,208	722.3
	Total	50,825	6,893,066	737.3
Dundy County, NE (31057)	1999	39	2,304	1,692.7
	2000	28	2,292	1,221.6
	2001	29	2,179	1,330.9
	2002	29	2,159	1,343.2
	2003	33	2,170	1,520.7
	2004	32	2,154	1,485.6
	2005	30	2,091	1,434.7
	2006	32	2,051	1,560.2
	2007	32	2,010	1,592.0
	2008	37	1,973	1,875.3
	2009	39	1,997	1,952.9
	2010	18	2,008	896.4 (Unreliable)
	2011	30	1,978	1,516.7
	2012	38	2,004	1,896.2
	Total	446	29,370	1,518.6
Fillmore County, NE (31059)	1999	87	6,705	1,297.5
	2000	101	6,634	1,522.5
	2001	104	6,493	1,601.7
	2002	103	6,376	1,615.4
	2003	82	6,371	1,287.1
	2004	88	6,281	1,401.1
	2005	96	6,126	1,567.1
	2006	84	6,053	1,387.7
	2007	93	5,985	1,553.9
	2008	88	5,940	1,481.5
	2009	73	5,898	1,237.7
	2010	95	5,890	1,612.9
	2011	86	5,851	1,469.8
	2012	81	5,756	1,407.2
	Total	1,261	86,359	1,460.2
Franklin County, NE (31061)	1999	56	3,656	1,531.7
	2000	63	3,574	1,762.7
	2001	48	3,467	1,384.5
	2002	60	3,484	1,722.2
	2003	56	3,440	1,627.9
	2004	48	3,411	1,407.2
	2005	45	3,425	1,313.9
	2006	45	3,352	1,342.5
	2007	56	3,207	1,746.2
	2008	44	3,167	1,389.3
	2009	40	3,186	1,255.5
	2010	42	3,225	1,302.3
	2011	57	3,211	1,775.1
	2012	40	3,192	1,253.1
	Total	700	46,997	1,489.5
Frontier County, NE (31063)	1999	26	3,115	834.7
	2000	31	3,099	1,000.3
	2001	34	3,069	1,107.9
	2002	35	3,037	1,152.5
	2003	22	2,981	738.0
	2004	20	2,990	668.9
	2005	24	2,944	815.2
	2006	29	2,879	1,007.3
	2007	31	2,860	1,083.9
	2008	21	2,786	753.8
	2009	18	2,772	649.4 (Unreliable)
	2010	14	2,756	508.0 (Unreliable)
	2011	17	2,730	622.7 (Unreliable)
	2012	19	2,730	696.0 (Unreliable)
	Total	341	40,748	836.9
Furnas County, NE (31065)	1999	110	5,386	2,042.3
	2000	101	5,324	1,897.1
	2001	91	5,232	1,739.3
	2002	85	5,261	1,615.7
	2003	74	5,207	1,421.2
	2004	83	5,112	1,623.6
	2005	63	5,051	1,247.3
	2006	85	5,016	1,694.6
	2007	71	4,929	1,440.5
	2008	71	4,873	1,457.0
	2009	71	4,934	1,439.0
	2010	69	4,959	1,391.4
	2011	69	4,939	1,397.0
	2012	63	4,908	1,283.6
	Total	1,106	71,131	1,554.9
Gage County, NE (31067)	1999	289	22,939	1,259.9
	2000	316	22,993	1,374.3
	2001	271	23,039	1,176.3
	2002	259	23,031	1,124.6
	2003	299	23,056	1,296.8
	2004	270	23,052	1,171.3
	2005	256	22,866	1,119.6
	2006	297	22,875	1,298.4
	2007	272	22,843	1,190.7
	2008	295	22,574	1,306.8
	2009	283	22,364	1,265.4
	2010	288	22,311	1,290.8
	2011	270	21,967	1,229.1
	2012	275	21,787	1,262.2
	Total	3,940	317,697	1,240.2
Garden County, NE (31069)	1999	47	2,288	2,054.2
	2000	39	2,292	1,701.6
	2001	34	2,306	1,474.4
	2002	37	2,284	1,620.0
	2003	41	2,304	1,779.5
	2004	32	2,245	1,425.4
	2005	37	2,111	1,752.7
	2006	31	2,120	1,462.3
	2007	38	2,046	1,857.3
	2008	23	2,004	1,147.7
	2009	31	2,010	1,542.3
	2010	29	2,057	1,409.8
	2011	40	2,043	1,957.9
	2012	35	1,962	1,783.9
	Total	494	30,072	1,642.7
Garfield County, NE (31071)	1999	31	1,921	1,613.7
	2000	28	1,902	1,472.1
	2001	45	1,913	2,352.3
	2002	35	1,945	1,799.5
	2003	40	1,936	2,066.1
	2004	34	1,955	1,739.1
	2005	31	1,969	1,574.4
	2006	30	1,984	1,512.1
	2007	34	1,977	1,719.8
	2008	24	2,001	1,199.4
	2009	25	2,029	1,232.1
	2010	32	2,049	1,561.7
	2011	29	1,989	1,458.0
	2012	34	1,992	1,706.8
	Total	452	27,562	1,639.9
Gosper County, NE (31073)	1999	21	2,142	980.4
	2000	26	2,143	1,213.3
	2001	34	2,096	1,622.1
	2002	29	2,100	1,381.0
	2003	31	2,136	1,451.3
	2004	31	2,112	1,467.8
	2005	22	2,110	1,042.7
	2006	13	2,075	626.5 (Unreliable)
	2007	28	2,101	1,332.7
	2008	29	2,049	1,415.3
	2009	22	2,020	1,089.1
	2010	28	2,044	1,369.9
	2011	17	1,953	870.5 (Unreliable)
	2012	27	2,030	1,330.0
	Total	358	29,111	1,229.8
Grant County, NE (31075)	2003	10	697	1,434.7 (Unreliable)
	Total	65	9,506	683.8
Greeley County, NE (31077)	1999	46	2,730	1,685.0
	2000	41	2,714	1,510.7
	2001	31	2,700	1,148.1
	2002	42	2,696	1,557.9
	2003	34	2,662	1,277.2
	2004	37	2,643	1,399.9
	2005	34	2,577	1,319.4
	2006	29	2,578	1,124.9
	2007	29	2,538	1,142.6
	2008	32	2,548	1,255.9
	2009	39	2,502	1,558.8
	2010	34	2,538	1,339.6
	2011	32	2,533	1,263.3
	2012	31	2,463	1,258.6
	Total	491	36,422	1,348.1
Hall County, NE (31079)	1999	508	53,553	948.6
	2000	524	53,534	978.8
	2001	489	53,508	913.9
	2002	479	53,722	891.6
	2003	507	54,050	938.0
	2004	479	54,413	880.3
	2005	506	54,535	927.8
	2006	542	55,190	982.1
	2007	493	55,742	884.4
	2008	514	56,795	905.0
	2009	517	57,955	892.1
	2010	541	58,607	923.1
	2011	528	59,481	887.7
	2012	527	60,220	875.1
	Total	7,154	781,305	915.6
Hamilton County, NE (31081)	1999	108	9,456	1,142.1
	2000	93	9,403	989.0
	2001	97	9,307	1,042.2
	2002	117	9,323	1,255.0
	2003	75	9,349	802.2
	2004	101	9,319	1,083.8
	2005	96	9,269	1,035.7
	2006	76	9,196	826.4
	2007	99	9,204	1,075.6
	2008	97	9,157	1,059.3
	2009	83	9,113	910.8
	2010	87	9,124	953.5
	2011	82	9,070	904.1
	2012	82	9,029	908.2
	Total	1,293	129,319	999.9
Harlan County, NE (31083)	1999	57	3,807	1,497.2
	2000	43	3,786	1,135.8
	2001	45	3,732	1,205.8
	2002	39	3,677	1,060.6
	2003	50	3,717	1,345.2
	2004	55	3,633	1,513.9
	2005	38	3,558	1,068.0
	2006	45	3,522	1,277.7
	2007	45	3,511	1,281.7
	2008	46	3,435	1,339.2
	2009	48	3,406	1,409.3
	2010	45	3,423	1,314.6
	2011	54	3,449	1,565.7
	2012	61	3,426	1,780.5
	Total	671	50,082	1,339.8
Hayes County, NE (31085)	2001	10	1,088	919.1 (Unreliable)
	2003	11	1,092	1,007.3 (Unreliable)
	2008	11	986	1,115.6 (Unreliable)
	Total	107	14,381	744.0
Hitchcock County, NE (31087)	1999	58	3,151	1,840.7
	2000	52	3,111	1,671.5
	2001	33	3,095	1,066.2
	2002	48	3,056	1,570.7
	2003	46	3,047	1,509.7
	2004	42	3,055	1,374.8
	2005	38	2,954	1,286.4
	2006	39	2,956	1,319.4
	2007	37	2,931	1,262.4
	2008	45	2,927	1,537.4
	2009	39	2,906	1,342.1
	2010	48	2,908	1,650.6
	2011	27	2,869	941.1
	2012	44	2,881	1,527.2
	Total	596	41,847	1,424.2
Holt County, NE (31089)	1999	154	11,741	1,311.6
	2000	126	11,551	1,090.8
	2001	120	11,346	1,057.6
	2002	147	11,210	1,311.3
	2003	121	11,042	1,095.8
	2004	119	10,868	1,095.0
	2005	143	10,839	1,319.3
	2006	130	10,613	1,224.9
	2007	135	10,541	1,280.7
	2008	133	10,399	1,279.0
	2009	131	10,406	1,258.9
	2010	134	10,435	1,284.1
	2011	126	10,459	1,204.7
	2012	114	10,404	1,095.7
	Total	1,833	151,854	1,207.1
Hooker County, NE (31091)	1999	14	780	1,794.9 (Unreliable)
	2000	11	783	1,404.9 (Unreliable)
	2002	16	731	2,188.8 (Unreliable)
	2003	13	737	1,763.9 (Unreliable)
	2004	11	748	1,470.6 (Unreliable)
	2005	14	744	1,881.7 (Unreliable)
	2006	11	751	1,464.7 (Unreliable)
	2007	12	732	1,639.3 (Unreliable)
	2008	13	734	1,771.1 (Unreliable)
	2009	13	733	1,773.5 (Unreliable)
	2010	10	736	1,358.7 (Unreliable)
	2012	18	720	2,500.0 (Unreliable)
	Total	170	10,419	1,631.6
Howard County, NE (31093)	1999	81	6,587	1,229.7
	2000	82	6,567	1,248.7
	2001	55	6,448	853.0
	2002	64	6,427	995.8
	2003	56	6,509	860.3
	2004	65	6,465	1,005.4
	2005	63	6,432	979.5
	2006	81	6,357	1,274.2
	2007	72	6,333	1,136.9
	2008	81	6,261	1,293.7
	2009	60	6,288	954.2
	2010	56	6,274	892.6
	2011	62	6,310	982.6
	2012	82	6,319	1,297.7
	Total	960	89,577	1,071.7
Jefferson County, NE (31095)	1999	121	8,337	1,451.4
	2000	125	8,333	1,500.1
	2001	88	8,288	1,061.8
	2002	123	8,253	1,490.4
	2003	101	8,157	1,238.2
	2004	97	8,117	1,195.0
	2005	105	8,025	1,308.4
	2006	109	7,970	1,367.6
	2007	128	7,765	1,648.4
	2008	119	7,684	1,548.7
	2009	101	7,602	1,328.6
	2010	106	7,547	1,404.5
	2011	127	7,564	1,679.0
	2012	113	7,554	1,495.9
	Total	1,563	111,196	1,405.6
Johnson County, NE (31097)	1999	57	4,498	1,267.2
	2000	57	4,488	1,270.1
	2001	48	4,491	1,068.8
	2002	65	4,927	1,319.3
	2003	64	5,102	1,254.4
	2004	45	5,372	837.7
	2005	49	5,257	932.1
	2006	66	5,257	1,255.5
	2007	49	5,163	949.1
	2008	58	5,203	1,114.7
	2009	67	5,199	1,288.7
	2010	55	5,217	1,054.2
	2011	61	5,192	1,174.9
	2012	53	5,161	1,026.9
	Total	794	70,527	1,125.8
Kearney County, NE (31099)	1999	84	6,897	1,217.9
	2000	71	6,882	1,031.7
	2001	75	6,842	1,096.2
	2002	72	6,785	1,061.2
	2003	66	6,800	970.6
	2004	78	6,776	1,151.1
	2005	74	6,698	1,104.8
	2006	74	6,614	1,118.8
	2007	64	6,624	966.2
	2008	45	6,554	686.6
	2009	65	6,476	1,003.7
	2010	71	6,489	1,094.2
	2011	85	6,562	1,295.3
	2012	62	6,509	952.5
	Total	986	93,508	1,054.5
Keith County, NE (31101)	1999	100	8,953	1,116.9
	2000	108	8,875	1,216.9
	2001	89	8,767	1,015.2
	2002	92	8,757	1,050.6
	2003	106	8,514	1,245.0
	2004	86	8,444	1,018.5
	2005	102	8,418	1,211.7
	2006	94	8,381	1,121.6
	2007	94	8,423	1,116.0
	2008	107	8,290	1,290.7
	2009	89	8,320	1,069.7
	2010	107	8,368	1,278.7
	2011	82	8,221	997.4
	2012	87	8,204	1,060.5
	Total	1,343	118,935	1,129.2
Keya Paha County, NE (31103)	2000	10	983	1,017.3 (Unreliable)
	2002	10	957	1,044.9 (Unreliable)
	2005	10	904	1,106.2 (Unreliable)
	2007	12	857	1,400.2 (Unreliable)
	2011	10	823	1,215.1 (Unreliable)
	2012	11	797	1,380.2 (Unreliable)
	Total	119	12,559	947.5
Kimball County, NE (31105)	1999	64	4,148	1,542.9
	2000	43	4,089	1,051.6
	2001	39	4,055	961.8
	2002	72	4,046	1,779.5
	2003	60	3,960	1,515.2
	2004	58	3,921	1,479.2
	2005	50	3,925	1,273.9
	2006	61	3,879	1,572.6
	2007	42	3,809	1,102.7
	2008	54	3,761	1,435.8
	2009	47	3,799	1,237.2
	2010	56	3,821	1,465.6
	2011	54	3,783	1,427.4
	2012	60	3,786	1,584.8
	Total	760	54,782	1,387.3
Knox County, NE (31107)	1999	135	9,404	1,435.6
	2000	127	9,374	1,354.8
	2001	146	9,177	1,590.9
	2002	140	9,108	1,537.1
	2003	120	9,065	1,323.8
	2004	133	9,025	1,473.7
	2005	132	8,897	1,483.6
	2006	128	8,846	1,447.0
	2007	154	8,862	1,737.8
	2008	116	8,708	1,332.1
	2009	117	8,700	1,344.8
	2010	103	8,701	1,183.8
	2011	121	8,574	1,411.2
	2012	110	8,577	1,282.5
	Total	1,782	125,018	1,425.4
Lancaster County, NE (31109)	1999	1,681	247,442	679.4
	2000	1,652	250,291	660.0
	2001	1,682	254,630	660.6
	2002	1,742	258,398	674.2
	2003	1,718	262,667	654.1
	2004	1,691	265,087	637.9
	2005	1,698	268,868	631.5
	2006	1,646	272,286	604.5
	2007	1,766	276,012	639.8
	2008	1,832	279,605	655.2
	2009	1,788	283,097	631.6
	2010	1,847	285,407	647.1
	2011	1,974	289,704	681.4
	2012	1,927	293,400	656.8
	Total	24,644	3,786,894	650.8
Lincoln County, NE (31111)	1999	333	34,562	963.5
	2000	305	34,632	880.7
	2001	365	34,669	1,052.8
	2002	346	34,525	1,002.2
	2003	359	34,776	1,032.3
	2004	322	35,177	915.4
	2005	342	35,577	961.3
	2006	356	35,973	989.6
	2007	334	36,011	927.5
	2008	345	36,301	950.4
	2009	350	36,280	964.7
	2010	320	36,288	881.8
	2011	346	36,045	959.9
	2012	366	35,998	1,016.7
	Total	4,789	496,814	963.9
Logan County, NE (31113)	2001	15	780	1,923.1 (Unreliable)
	2002	14	764	1,832.5 (Unreliable)
	2005	10	747	1,338.7 (Unreliable)
	2009	12	738	1,626.0 (Unreliable)
	Total	110	10,603	1,037.4
Loup County, NE (31115)	2003	11	722	1,523.5 (Unreliable)
	Total	85	9,297	914.3
McPherson County, NE (31117)	Total	47	7,487	627.8
Madison County, NE (31119)	1999	332	35,347	939.3
	2000	323	35,226	916.9
	2001	320	35,601	898.9
	2002	369	35,862	1,028.9
	2003	361	35,858	1,006.7
	2004	338	35,722	946.2
	2005	360	35,631	1,010.4
	2006	344	35,415	971.3
	2007	338	34,298	985.5
	2008	372	34,319	1,083.9
	2009	375	34,609	1,083.5
	2010	321	34,876	920.4
	2011	320	35,024	913.7
	2012	342	35,113	974.0
	Total	4,815	492,901	976.9
Merrick County, NE (31121)	1999	101	8,290	1,218.3
	2000	81	8,204	987.3
	2001	76	8,045	944.7
	2002	94	8,054	1,167.1
	2003	87	8,033	1,083.0
	2004	84	8,018	1,047.6
	2005	76	7,904	961.5
	2006	81	7,813	1,036.7
	2007	78	7,709	1,011.8
	2008	93	7,734	1,202.5
	2009	85	7,813	1,087.9
	2010	82	7,845	1,045.3
	2011	89	7,736	1,150.5
	2012	80	7,804	1,025.1
	Total	1,187	111,002	1,069.4
Morrill County, NE (31123)	1999	75	5,409	1,386.6
	2000	56	5,440	1,029.4
	2001	82	5,344	1,534.4
	2002	50	5,225	956.9
	2003	54	5,202	1,038.1
	2004	59	5,147	1,146.3
	2005	61	5,110	1,193.7
	2006	47	5,090	923.4
	2007	63	5,122	1,230.0
	2008	48	5,079	945.1
	2009	51	5,019	1,016.1
	2010	53	5,042	1,051.2
	2011	57	4,934	1,155.2
	2012	59	4,892	1,206.1
	Total	815	72,055	1,131.1
Nance County, NE (31125)	1999	48	4,036	1,189.3
	2000	45	4,038	1,114.4
	2001	64	4,039	1,584.6
	2002	52	3,948	1,317.1
	2003	69	3,842	1,795.9
	2004	56	3,787	1,478.7
	2005	58	3,831	1,514.0
	2006	48	3,807	1,260.8
	2007	56	3,766	1,487.0
	2008	52	3,745	1,388.5
	2009	45	3,729	1,206.8
	2010	51	3,735	1,365.5
	2011	58	3,735	1,552.9
	2012	56	3,716	1,507.0
	Total	758	53,754	1,410.1
Nemaha County, NE (31127)	1999	92	7,629	1,205.9
	2000	96	7,576	1,267.2
	2001	105	7,446	1,410.2
	2002	91	7,330	1,241.5
	2003	94	7,215	1,302.8
	2004	59	7,182	821.5
	2005	70	7,252	965.3
	2006	97	7,311	1,326.8
	2007	80	7,220	1,108.0
	2008	100	7,280	1,373.6
	2009	68	7,178	947.3
	2010	96	7,248	1,324.5
	2011	81	7,267	1,114.6
	2012	99	7,186	1,377.7
	Total	1,228	102,320	1,200.2
Nuckolls County, NE (31129)	1999	89	5,138	1,732.2
	2000	80	5,057	1,582.0
	2001	64	4,947	1,293.7
	2002	87	4,844	1,796.0
	2003	72	4,873	1,477.5
	2004	81	4,872	1,662.6
	2005	57	4,796	1,188.5
	2006	72	4,709	1,529.0
	2007	61	4,642	1,314.1
	2008	81	4,571	1,772.0
	2009	78	4,495	1,735.3
	2010	59	4,500	1,311.1
	2011	66	4,452	1,482.5
	2012	63	4,442	1,418.3
	Total	1,010	66,338	1,522.5
Otoe County, NE (31131)	1999	175	15,277	1,145.5
	2000	174	15,396	1,130.2
	2001	172	15,554	1,105.8
	2002	212	15,524	1,365.6
	2003	186	15,478	1,201.7
	2004	158	15,525	1,017.7
	2005	178	15,607	1,140.5
	2006	167	15,753	1,060.1
	2007	190	15,841	1,199.4
	2008	203	15,728	1,290.7
	2009	178	15,608	1,140.4
	2010	188	15,740	1,194.4
	2011	183	15,773	1,160.2
	2012	198	15,735	1,258.3
	Total	2,562	218,539	1,172.3
Pawnee County, NE (31133)	1999	54	3,103	1,740.3
	2000	56	3,087	1,814.1
	2001	52	3,020	1,721.9
	2002	60	3,020	1,986.8
	2003	45	2,907	1,548.0
	2004	36	2,907	1,238.4
	2005	43	2,884	1,491.0
	2006	38	2,802	1,356.2
	2007	50	2,791	1,791.5
	2008	48	2,711	1,770.6
	2009	41	2,752	1,489.8
	2010	47	2,773	1,694.9
	2011	31	2,781	1,114.7
	2012	45	2,780	1,618.7
	Total	646	40,318	1,602.3
Perkins County, NE (31135)	1999	45	3,281	1,371.5
	2000	39	3,200	1,218.8
	2001	41	3,125	1,312.0
	2002	49	3,119	1,571.0
	2003	38	3,082	1,233.0
	2004	43	3,134	1,372.0
	2005	32	3,145	1,017.5
	2006	38	3,041	1,249.6
	2007	47	3,013	1,559.9
	2008	35	2,949	1,186.8
	2009	29	2,937	987.4
	2010	31	2,970	1,043.8
	2011	33	2,955	1,116.8
	2012	34	2,948	1,153.3
	Total	534	42,899	1,244.8
Phelps County, NE (31137)	1999	114	9,755	1,168.6
	2000	126	9,747	1,292.7
	2001	124	9,704	1,277.8
	2002	104	9,684	1,073.9
	2003	112	9,576	1,169.6
	2004	117	9,535	1,227.1
	2005	106	9,402	1,127.4
	2006	121	9,405	1,286.5
	2007	112	9,222	1,214.5
	2008	95	9,195	1,033.2
	2009	90	9,148	983.8
	2010	102	9,188	1,110.1
	2011	138	9,169	1,505.1
	2012	105	9,217	1,139.2
	Total	1,566	131,947	1,186.8
Pierce County, NE (31139)	1999	94	7,914	1,187.8
	2000	95	7,857	1,209.1
	2001	98	7,731	1,267.6
	2002	88	7,627	1,153.8
	2003	77	7,615	1,011.2
	2004	96	7,477	1,283.9
	2005	75	7,508	998.9
	2006	78	7,416	1,051.8
	2007	75	7,314	1,025.4
	2008	71	7,286	974.5
	2009	70	7,260	964.2
	2010	72	7,266	990.9
	2011	57	7,195	792.2
	2012	73	7,184	1,016.1
	Total	1,119	104,650	1,069.3
Platte County, NE (31141)	1999	257	31,558	814.4
	2000	268	31,662	846.4
	2001	246	31,319	785.5
	2002	271	30,939	875.9
	2003	251	30,756	816.1
	2004	212	30,658	691.5
	2005	246	30,865	797.0
	2006	224	31,100	720.3
	2007	243	31,408	773.7
	2008	243	31,527	770.8
	2009	249	32,017	777.7
	2010	282	32,237	874.8
	2011	270	32,402	833.3
	2012	255	32,560	783.2
	Total	3,517	441,008	797.5
Polk County, NE (31143)	1999	69	5,705	1,209.5
	2000	59	5,639	1,046.3
	2001	56	5,533	1,012.1
	2002	79	5,556	1,421.9
	2003	75	5,529	1,356.5
	2004	55	5,466	1,006.2
	2005	73	5,473	1,333.8
	2006	65	5,409	1,201.7
	2007	47	5,447	862.9
	2008	56	5,402	1,036.7
	2009	67	5,409	1,238.7
	2010	68	5,406	1,257.9
	2011	80	5,342	1,497.6
	2012	72	5,299	1,358.7
	Total	921	76,615	1,202.1
Red Willow County, NE (31145)	1999	139	11,440	1,215.0
	2000	128	11,448	1,118.1
	2001	134	11,483	1,166.9
	2002	117	11,436	1,023.1
	2003	136	11,336	1,199.7
	2004	127	11,351	1,118.8
	2005	134	11,219	1,194.4
	2006	121	11,194	1,080.9
	2007	153	11,053	1,384.2
	2008	130	11,034	1,178.2
	2009	120	11,018	1,089.1
	2010	134	11,055	1,212.1
	2011	111	11,003	1,008.8
	2012	105	10,994	955.1
	Total	1,789	157,064	1,139.0
Richardson County, NE (31147)	1999	159	9,555	1,664.1
	2000	150	9,531	1,573.8
	2001	156	9,260	1,684.7
	2002	145	9,125	1,589.0
	2003	152	8,949	1,698.5
	2004	149	8,879	1,678.1
	2005	132	8,799	1,500.2
	2006	120	8,642	1,388.6
	2007	135	8,480	1,592.0
	2008	139	8,413	1,652.2
	2009	117	8,383	1,395.7
	2010	116	8,363	1,387.1
	2011	112	8,326	1,345.2
	2012	130	8,269	1,572.1
	Total	1,912	122,974	1,554.8
Rock County, NE (31149)	1999	17	1,745	974.2 (Unreliable)
	2000	20	1,756	1,139.0
	2001	20	1,709	1,170.3
	2002	22	1,674	1,314.2
	2003	25	1,600	1,562.5
	2004	22	1,597	1,377.6
	2005	21	1,557	1,348.7
	2006	18	1,552	1,159.8 (Unreliable)
	2007	17	1,551	1,096.1 (Unreliable)
	2008	22	1,554	1,415.7
	2009	21	1,550	1,354.8
	2010	22	1,526	1,441.7
	2011	21	1,433	1,465.5
	2012	26	1,385	1,877.3
	Total	294	22,189	1,325.0
Saline County, NE (31151)	1999	168	13,821	1,215.5
	2000	178	13,843	1,285.8
	2001	155	14,004	1,106.8
	2002	169	14,110	1,197.7
	2003	170	14,232	1,194.5
	2004	147	14,206	1,034.8
	2005	144	14,136	1,018.7
	2006	144	13,987	1,029.5
	2007	146	14,069	1,037.7
	2008	153	14,048	1,089.1
	2009	134	14,166	945.9
	2010	156	14,200	1,098.6
	2011	127	14,399	882.0
	2012	170	14,525	1,170.4
	Total	2,161	197,746	1,092.8
Sarpy County, NE (31153)	1999	527	121,025	435.4
	2000	502	122,595	409.5
	2001	634	126,442	501.4
	2002	625	129,496	482.6
	2003	618	132,017	468.1
	2004	594	136,339	435.7
	2005	602	140,239	429.3
	2006	632	144,070	438.7
	2007	712	148,214	480.4
	2008	723	152,762	473.3
	2009	746	156,147	477.8
	2010	734	158,840	462.1
	2011	781	162,639	480.2
	2012	831	165,787	501.2
	Total	9,261	1,996,612	463.8
Saunders County, NE (31155)	1999	188	19,751	951.9
	2000	145	19,830	731.2
	2001	182	19,962	911.7
	2002	197	19,925	988.7
	2003	171	20,104	850.6
	2004	187	20,248	923.5
	2005	178	20,460	870.0
	2006	193	20,411	945.6
	2007	210	20,483	1,025.2
	2008	190	20,446	929.3
	2009	174	20,515	848.2
	2010	205	20,780	986.5
	2011	182	20,874	871.9
	2012	185	20,820	888.6
	Total	2,587	284,609	909.0
Scotts Bluff County, NE (31157)	1999	396	36,849	1,074.7
	2000	423	36,951	1,144.8
	2001	410	36,561	1,121.4
	2002	498	36,572	1,361.7
	2003	436	36,468	1,195.6
	2004	424	36,278	1,168.8
	2005	429	36,277	1,182.6
	2006	432	36,223	1,192.6
	2007	414	36,338	1,139.3
	2008	457	36,536	1,250.8
	2009	416	36,677	1,134.2
	2010	413	36,970	1,117.1
	2011	414	36,920	1,121.3
	2012	429	36,908	1,162.3
	Total	5,991	512,528	1,168.9
Seward County, NE (31159)	1999	164	16,438	997.7
	2000	146	16,496	885.1
	2001	152	16,607	915.3
	2002	160	16,574	965.4
	2003	176	16,527	1,064.9
	2004	168	16,681	1,007.1
	2005	183	16,601	1,102.3
	2006	173	16,654	1,038.8
	2007	168	16,490	1,018.8
	2008	160	16,653	960.8
	2009	151	16,536	913.2
	2010	182	16,750	1,086.6
	2011	156	16,739	932.0
	2012	161	16,965	949.0
	Total	2,300	232,711	988.4
Sheridan County, NE (31161)	1999	94	6,286	1,495.4
	2000	85	6,198	1,371.4
	2001	76	5,995	1,267.7
	2002	88	5,995	1,467.9
	2003	92	5,842	1,574.8
	2004	64	5,851	1,093.8
	2005	93	5,726	1,624.2
	2006	75	5,649	1,327.7
	2007	87	5,592	1,555.8
	2008	72	5,500	1,309.1
	2009	66	5,498	1,200.4
	2010	62	5,469	1,133.7
	2011	68	5,393	1,260.9
	2012	80	5,351	1,495.0
	Total	1,102	80,345	1,371.6
Sherman County, NE (31163)	1999	33	3,384	975.2
	2000	45	3,318	1,356.2
	2001	44	3,289	1,337.8
	2002	45	3,228	1,394.1
	2003	44	3,222	1,365.6
	2004	46	3,255	1,413.2
	2005	47	3,239	1,451.1
	2006	39	3,148	1,238.9
	2007	51	3,145	1,621.6
	2008	41	3,147	1,302.8
	2009	51	3,129	1,629.9
	2010	42	3,152	1,332.5
	2011	47	3,147	1,493.5
	2012	36	3,118	1,154.6
	Total	611	44,921	1,360.2
Sioux County, NE (31165)	2000	10	1,475	678.0 (Unreliable)
	2004	13	1,438	904.0 (Unreliable)
	2005	11	1,437	765.5 (Unreliable)
	2008	15	1,360	1,102.9 (Unreliable)
	Total	111	19,614	565.9
Stanton County, NE (31167)	1999	46	6,483	709.5
	2000	52	6,455	805.6
	2001	57	6,374	894.3
	2002	55	6,453	852.3
	2003	55	6,437	854.4
	2004	41	6,426	638.0
	2005	60	6,376	941.0
	2006	49	6,363	770.1
	2007	47	6,248	752.2
	2008	52	6,145	846.2
	2009	41	6,157	665.9
	2010	46	6,129	750.5
	2011	40	6,202	645.0
	2012	56	6,118	915.3
	Total	697	88,366	788.8
Thayer County, NE (31169)	1999	119	6,096	1,952.1
	2000	89	6,055	1,469.9
	2001	94	5,884	1,597.6
	2002	98	5,723	1,712.4
	2003	99	5,625	1,760.0
	2004	92	5,495	1,674.2
	2005	77	5,454	1,411.8
	2006	63	5,312	1,186.0
	2007	83	5,308	1,563.7
	2008	81	5,253	1,542.0
	2009	95	5,210	1,823.4
	2010	77	5,228	1,472.8
	2011	70	5,169	1,354.2
	2012	90	5,147	1,748.6
	Total	1,227	76,959	1,594.4
Thomas County, NE (31171)	1999	12	721	1,664.4 (Unreliable)
	2001	13	717	1,813.1 (Unreliable)
	2010	12	647	1,854.7 (Unreliable)
	Total	104	9,548	1,089.2
Thurston County, NE (31173)	1999	80	7,138	1,120.8
	2000	67	7,171	934.3
	2001	69	7,085	973.9
	2002	95	6,989	1,359.3
	2003	74	6,987	1,059.1
	2004	64	6,943	921.8
	2005	74	7,009	1,055.8
	2006	82	6,947	1,180.4
	2007	73	6,925	1,054.2
	2008	74	6,821	1,084.9
	2009	64	6,866	932.1
	2010	73	6,940	1,051.9
	2011	64	6,913	925.8
	2012	67	6,928	967.1
	Total	1,020	97,662	1,044.4
Valley County, NE (31175)	1999	69	4,655	1,482.3
	2000	63	4,647	1,355.7
	2001	58	4,623	1,254.6
	2002	65	4,541	1,431.4
	2003	72	4,581	1,571.7
	2004	55	4,482	1,227.1
	2005	48	4,395	1,092.2
	2006	56	4,367	1,282.3
	2007	61	4,327	1,409.8
	2008	60	4,228	1,419.1
	2009	61	4,228	1,442.8
	2010	53	4,260	1,244.1
	2011	54	4,247	1,271.5
	2012	65	4,225	1,538.5
	Total	840	61,806	1,359.1
Washington County, NE (31177)	1999	179	18,704	957.0
	2000	171	18,780	910.5
	2001	143	19,134	747.4
	2002	169	19,264	877.3
	2003	173	19,510	886.7
	2004	161	19,589	821.9
	2005	147	19,861	740.1
	2006	161	20,056	802.8
	2007	162	20,203	801.9
	2008	161	20,101	801.0
	2009	166	20,124	824.9
	2010	158	20,234	780.9
	2011	160	20,267	789.5
	2012	159	20,283	783.9
	Total	2,270	276,110	822.1
Wayne County, NE (31179)	1999	73	9,909	736.7
	2000	65	9,851	659.8
	2001	62	9,788	633.4
	2002	78	9,664	807.1
	2003	75	9,689	774.1
	2004	54	9,612	561.8
	2005	61	9,654	631.9
	2006	71	9,720	730.5
	2007	57	9,506	599.6
	2008	67	9,481	706.7
	2009	51	9,552	533.9
	2010	56	9,595	583.6
	2011	75	9,440	794.5
	2012	76	9,489	800.9
	Total	921	134,950	682.5
Webster County, NE (31181)	1999	66	4,106	1,607.4
	2000	55	4,061	1,354.3
	2001	63	4,017	1,568.3
	2002	61	3,970	1,536.5
	2003	62	3,952	1,568.8
	2004	61	3,949	1,544.7
	2005	66	3,902	1,691.4
	2006	62	3,846	1,612.1
	2007	68	3,859	1,762.1
	2008	70	3,771	1,856.3
	2009	56	3,788	1,478.4
	2010	50	3,812	1,311.6
	2011	63	3,766	1,672.9
	2012	56	3,753	1,492.1
	Total	859	54,552	1,574.6
Wheeler County, NE (31183)	2002	12	837	1,433.7 (Unreliable)
	2003	10	815	1,227.0 (Unreliable)
	2005	11	832	1,322.1 (Unreliable)
	2008	12	831	1,444.0 (Unreliable)
	Total	99	11,666	848.6
York County, NE (31185)	1999	156	14,680	1,062.7
	2000	158	14,598	1,082.3
	2001	132	14,438	914.3
	2002	162	14,230	1,138.4
	2003	137	14,175	966.5
	2004	135	13,952	967.6
	2005	133	14,021	948.6
	2006	128	14,130	905.9
	2007	155	14,078	1,101.0
	2008	142	13,881	1,023.0
	2009	141	13,689	1,030.0
	2010	140	13,665	1,024.5
	2011	142	13,753	1,032.5
	2012	151	13,837	1,091.3
	Total	2,012	197,127	1,020.7
Total		213,307	24,802,299	860.0
