
                        
                      	Year	
                        
                      	
                        
                      	
                        
                      
Accomack County, VA (51001)	1968	443	29,852	1,484.0
	1969	436	29,319	1,487.1
	1970	401	29,047	1,380.5
	1971	461	28,571	1,613.5
	1972	398	28,726	1,385.5
	1973	435	29,550	1,472.1
	1974	426	30,539	1,394.9
	1975	428	30,906	1,384.8
	1976	411	30,873	1,331.3
	1977	421	30,960	1,359.8
	1978	435	31,303	1,389.6
	Total	4,695	329,646	1,424.3
Albemarle County, VA (51003)	1968	730	75,081	972.3
	1969	673	75,631	889.8
	1970	686	76,842	892.7
	1971	614	77,954	787.6
	1972	664	83,068	799.3
	1973	662	85,551	773.8
	1974	726	88,229	822.9
	1975	656	92,096	712.3
	1976	668	92,725	720.4
	1977	671	93,637	716.6
	1978	649	94,020	690.3
	Total	7,399	934,834	791.5
Alleghany County, VA (51005)	1968	310	27,645	1,121.4
	1969	316	28,505	1,108.6
	1970	309	28,030	1,102.4
	1971	329	29,131	1,129.4
	1972	302	28,673	1,053.3
	1973	279	28,568	976.6
	1974	311	27,393	1,135.3
	1975	280	27,334	1,024.4
	1976	301	28,086	1,071.7
	1977	355	27,989	1,268.4
	1978	309	28,658	1,078.2
	Total	3,401	310,012	1,097.1
Amelia County, VA (51007)	1968	89	7,546	1,179.4
	1969	86	7,597	1,132.0
	1970	77	7,636	1,008.4
	1971	69	7,645	902.6
	1972	88	7,865	1,118.9
	1973	69	7,978	864.9
	1974	76	8,207	926.0
	1975	88	8,375	1,050.7
	1976	100	8,464	1,181.5
	1977	87	8,482	1,025.7
	1978	83	8,356	993.3
	Total	912	88,151	1,034.6
Amherst County, VA (51009)	1968	202	25,203	801.5
	1969	209	25,637	815.2
	1970	180	25,986	692.7
	1971	188	26,781	702.0
	1972	226	27,523	821.1
	1973	240	27,367	877.0
	1974	213	27,243	781.9
	1975	206	27,520	748.5
	1976	251	27,719	905.5
	1977	202	27,671	730.0
	1978	255	28,276	901.8
	Total	2,372	296,926	798.9
Appomattox County, VA (51011)	1968	98	9,517	1,029.7
	1969	94	9,666	972.5
	1970	112	9,771	1,146.2
	1971	99	10,012	988.8
	1972	106	10,390	1,020.2
	1973	97	10,314	940.5
	1974	133	10,648	1,249.1
	1975	102	11,185	911.9
	1976	115	11,364	1,012.0
	1977	107	11,561	925.5
	1978	127	11,774	1,078.6
	Total	1,190	116,202	1,024.1
Arlington County, VA (51013)	1968	1,186	175,697	675.0
	1969	1,212	175,249	691.6
	1970	1,250	175,102	713.9
	1971	1,234	174,901	705.5
	1972	1,274	173,060	736.2
	1973	1,173	164,546	712.9
	1974	1,159	157,031	738.1
	1975	1,090	157,058	694.0
	1976	1,117	159,197	701.6
	1977	1,051	156,890	669.9
	1978	1,039	155,003	670.3
	Total	12,785	1,823,734	701.0
Augusta County, VA (51015)	1968	739	82,076	900.4
	1969	739	83,661	883.3
	1970	743	85,504	869.0
	1971	791	87,683	902.1
	1972	816	88,327	923.8
	1973	799	87,965	908.3
	1974	750	88,800	844.6
	1975	742	89,982	824.6
	1976	795	90,186	881.5
	1977	831	90,496	918.3
	1978	791	90,611	873.0
	Total	8,536	965,291	884.3
Bath County, VA (51017)	1968	75	5,116	1,466.0
	1969	62	5,142	1,205.8
	1970	72	5,202	1,384.1
	1971	76	5,244	1,449.3
	1972	70	5,259	1,331.1
	1973	80	5,258	1,521.5
	1974	81	4,909	1,650.0
	1975	58	5,348	1,084.5
	1976	62	5,214	1,189.1
	1977	53	5,126	1,033.9
	1978	60	5,457	1,099.5
	Total	749	57,275	1,307.7
Bedford County, VA (51019)	1968	399	28,139	1,418.0
	1969	358	29,870	1,198.5
	1970	371	31,310	1,184.9
	1971	353	33,917	1,040.8
	1972	358	33,652	1,063.8
	1973	381	34,726	1,097.2
	1974	364	35,645	1,021.2
	1975	363	36,084	1,006.0
	1976	379	36,578	1,036.1
	1977	383	37,311	1,026.5
	1978	390	39,044	998.9
	Total	4,099	376,276	1,089.4
Bland County, VA (51021)	1968	54	5,114	1,055.9
	1969	55	5,258	1,046.0
	1970	72	5,392	1,335.3
	1971	65	5,657	1,149.0
	1972	66	5,615	1,175.4
	1973	73	5,603	1,302.9
	1974	52	5,622	924.9
	1975	61	5,628	1,083.9
	1976	59	5,748	1,026.4
	1977	55	6,087	903.6
	1978	53	6,266	845.8
	Total	665	61,990	1,072.8
Botetourt County, VA (51023)	1968	181	17,723	1,021.3
	1969	175	17,981	973.2
	1970	177	18,157	974.8
	1971	163	18,502	881.0
	1972	192	19,269	996.4
	1973	177	19,759	895.8
	1974	167	20,311	822.2
	1975	191	21,104	905.0
	1976	153	21,569	709.4
	1977	200	22,068	906.3
	1978	196	22,509	870.8
	Total	1,972	218,952	900.7
Brunswick County, VA (51025)	1968	192	16,060	1,195.5
	1969	201	16,118	1,247.1
	1970	178	16,156	1,101.8
	1971	188	16,265	1,155.9
	1972	162	16,124	1,004.7
	1973	191	16,058	1,189.4
	1974	223	16,010	1,392.9
	1975	168	16,042	1,047.3
	1976	179	16,002	1,118.6
	1977	166	15,908	1,043.5
	1978	191	16,010	1,193.0
	Total	2,039	176,753	1,153.6
Buchanan County, VA (51027)	1968	241	30,062	801.7
	1969	211	31,223	675.8
	1970	268	32,132	834.1
	1971	259	33,710	768.3
	1972	232	34,168	679.0
	1973	250	34,663	721.2
	1974	260	34,836	746.4
	1975	263	35,892	732.8
	1976	264	37,685	700.5
	1977	276	38,530	716.3
	1978	249	38,420	648.1
	Total	2,773	381,321	727.2
Buckingham County, VA (51029)	1968	151	10,282	1,468.6
	1969	118	10,443	1,129.9
	1970	121	10,646	1,136.6
	1971	127	10,820	1,173.8
	1972	102	10,655	957.3
	1973	96	10,749	893.1
	1974	114	10,942	1,041.9
	1975	126	11,191	1,125.9
	1976	135	11,172	1,208.4
	1977	127	11,219	1,132.0
	1978	106	11,524	919.8
	Total	1,323	119,643	1,105.8
Campbell County, VA (51031)	1968	1,045	97,005	1,077.3
	1969	1,004	97,904	1,025.5
	1970	917	99,196	924.4
	1971	1,004	100,798	996.1
	1972	1,030	103,064	999.4
	1973	1,055	103,831	1,016.1
	1974	1,034	104,561	988.9
	1975	955	109,261	874.1
	1976	1,006	109,448	919.2
	1977	1,079	110,105	980.0
	1978	1,018	112,079	908.3
	Total	11,147	1,147,252	971.6
Caroline County, VA (51033)	1968	163	13,309	1,224.7
	1969	132	13,639	967.8
	1970	162	13,927	1,163.2
	1971	146	14,453	1,010.2
	1972	172	14,965	1,149.3
	1973	155	15,153	1,022.9
	1974	129	15,839	814.4
	1975	147	16,566	887.4
	1976	153	16,934	903.5
	1977	169	17,615	959.4
	1978	164	17,994	911.4
	Total	1,692	170,394	993.0
Carroll County, VA (51035)	1968	271	22,533	1,202.7
	1969	232	22,873	1,014.3
	1970	221	23,097	956.8
	1971	238	23,522	1,011.8
	1972	236	24,021	982.5
	1973	222	24,564	903.8
	1974	208	25,085	829.2
	1975	235	25,954	905.4
	1976	223	26,149	852.8
	1977	257	26,541	968.3
	1978	231	26,940	857.5
	Total	2,574	271,279	948.8
Charles City County, VA (51036)	1968	61	5,947	1,025.7
	1969	57	6,037	944.2
	1970	52	6,169	842.9
	1971	43	6,337	678.6
	1972	76	6,324	1,201.8
	1973	54	6,587	819.8
	1974	66	6,677	988.5
	1975	53	6,496	815.9
	1976	47	6,490	724.2
	1977	60	6,575	912.5
	1978	50	6,774	738.1
	Total	619	70,413	879.1
Charlotte County, VA (51037)	1968	152	11,866	1,281.0
	1969	134	12,120	1,105.6
	1970	140	12,373	1,131.5
	1971	155	12,769	1,213.9
	1972	168	12,574	1,336.1
	1973	148	12,189	1,214.2
	1974	137	12,297	1,114.1
	1975	138	12,585	1,096.5
	1976	139	12,464	1,115.2
	1977	154	12,444	1,237.5
	1978	150	12,674	1,183.5
	Total	1,615	136,355	1,184.4
Chesterfield County, VA (51041)	1968	699	86,328	809.7
	1969	758	90,134	841.0
	1970	542	92,241	587.6
	1971	568	97,465	582.8
	1972	534	102,342	521.8
	1973	581	107,423	540.9
	1974	572	112,619	507.9
	1975	619	119,025	520.1
	1976	651	124,990	520.8
	1977	656	138,200	474.7
	1978	692	144,351	479.4
	Total	6,872	1,215,118	565.5
Clarke County, VA (51043)	1968	93	7,613	1,221.6
	1969	78	7,885	989.2
	1970	124	8,096	1,531.6
	1971	90	8,462	1,063.6
	1972	120	8,669	1,384.2
	1973	114	8,747	1,303.3
	1974	100	9,011	1,109.8
	1975	92	9,068	1,014.6
	1976	80	9,252	864.7
	1977	106	9,517	1,113.8
	1978	84	9,812	856.1
	Total	1,081	96,132	1,124.5
Craig County, VA (51045)	1968	39	3,516	1,109.2
	1969	41	3,522	1,164.1
	1970	37	3,527	1,049.1
	1971	36	3,528	1,020.4
	1972	52	3,591	1,448.1
	1973	45	3,612	1,245.8
	1974	46	3,615	1,272.5
	1975	47	3,629	1,295.1
	1976	24	3,684	651.5
	1977	32	3,709	862.8
	1978	36	3,811	944.6
	Total	435	39,744	1,094.5
Culpeper County, VA (51047)	1968	226	17,468	1,293.8
	1969	192	17,850	1,075.6
	1970	188	18,196	1,033.2
	1971	202	18,822	1,073.2
	1972	234	19,127	1,223.4
	1973	200	19,647	1,018.0
	1974	187	20,459	914.0
	1975	196	20,970	934.7
	1976	223	21,531	1,035.7
	1977	211	21,930	962.2
	1978	195	22,682	859.7
	Total	2,254	218,682	1,030.7
Cumberland County, VA (51049)	1968	71	6,057	1,172.2
	1969	74	6,126	1,208.0
	1970	90	6,166	1,459.6
	1971	71	6,276	1,131.3
	1972	72	6,418	1,121.8
	1973	74	6,845	1,081.1
	1974	68	7,111	956.3
	1975	81	7,321	1,106.4
	1976	79	7,279	1,085.3
	1977	85	7,457	1,139.9
	1978	70	7,612	919.6
	Total	835	74,668	1,118.3
Dickenson County, VA (51051)	1968	122	15,440	790.2
	1969	171	15,773	1,084.1
	1970	142	16,064	884.0
	1971	147	16,593	885.9
	1972	158	17,247	916.1
	1973	150	17,559	854.3
	1974	135	17,747	760.7
	1975	152	17,901	849.1
	1976	185	18,901	978.8
	1977	154	19,559	787.4
	1978	146	19,657	742.7
	Total	1,662	192,441	863.6
Dinwiddie County, VA (51053)	1968	662	72,331	915.2
	1969	668	68,192	979.6
	1970	648	65,980	982.1
	1971	676	61,494	1,099.3
	1972	670	66,945	1,000.8
	1973	658	66,156	994.6
	1974	657	65,905	996.9
	1975	681	66,644	1,021.8
	1976	611	66,538	918.3
	1977	642	65,497	980.2
	1978	635	65,387	971.1
	Total	7,208	731,069	986.0
Essex County, VA (51057)	1968	86	6,800	1,264.7
	1969	72	6,949	1,036.1
	1970	92	7,109	1,294.1
	1971	80	7,346	1,089.0
	1972	86	7,556	1,138.2
	1973	87	7,773	1,119.3
	1974	106	8,248	1,285.2
	1975	87	8,517	1,021.5
	1976	94	8,708	1,079.5
	1977	102	8,958	1,138.6
	1978	73	9,094	802.7
	Total	965	87,058	1,108.5
Fairfax County, VA (51059)	1968	1,803	478,002	377.2
	1969	1,775	483,361	367.2
	1970	1,916	487,435	393.1
	1971	1,946	496,165	392.2
	1972	2,054	527,204	389.6
	1973	2,036	537,061	379.1
	1974	2,242	544,304	411.9
	1975	2,230	553,975	402.5
	1976	2,195	570,653	384.6
	1977	2,211	576,772	383.3
	1978	2,394	594,417	402.7
	Total	22,802	5,849,349	389.8
Fauquier County, VA (51061)	1968	298	24,985	1,192.7
	1969	268	25,755	1,040.6
	1970	291	26,447	1,100.3
	1971	247	27,581	895.5
	1972	308	28,018	1,099.3
	1973	290	28,376	1,022.0
	1974	260	29,990	867.0
	1975	292	30,359	961.8
	1976	296	31,442	941.4
	1977	241	32,734	736.2
	1978	272	34,242	794.3
	Total	3,063	319,929	957.4
Floyd County, VA (51063)	1968	109	9,539	1,142.7
	1969	106	9,654	1,098.0
	1970	122	9,767	1,249.1
	1971	118	9,959	1,184.9
	1972	124	10,183	1,217.7
	1973	122	10,139	1,203.3
	1974	95	10,396	913.8
	1975	115	10,636	1,081.2
	1976	110	10,750	1,023.3
	1977	100	11,099	901.0
	1978	96	11,481	836.2
	Total	1,217	113,603	1,071.3
Fluvanna County, VA (51065)	1968	89	7,170	1,241.3
	1969	81	7,378	1,097.9
	1970	89	7,593	1,172.1
	1971	77	7,997	962.9
	1972	90	7,955	1,131.4
	1973	75	8,396	893.3
	1974	85	8,437	1,007.5
	1975	89	8,896	1,000.4
	1976	80	9,653	828.8
	1977	102	9,713	1,050.1
	1978	108	10,045	1,075.2
	Total	965	93,233	1,035.0
Franklin County, VA (51067)	1968	279	26,532	1,051.6
	1969	255	27,384	931.2
	1970	261	28,125	928.0
	1971	238	29,433	808.6
	1972	258	30,178	854.9
	1973	263	30,419	864.6
	1974	260	31,292	830.9
	1975	288	32,389	889.2
	1976	246	33,096	743.3
	1977	248	34,307	722.9
	1978	263	34,941	752.7
	Total	2,859	338,096	845.6
Frederick County, VA (51069)	1968	390	40,373	966.0
	1969	445	41,979	1,060.1
	1970	413	43,604	947.2
	1971	454	45,946	988.1
	1972	458	45,539	1,005.7
	1973	459	46,551	986.0
	1974	466	48,574	959.4
	1975	431	49,611	868.8
	1976	448	50,419	888.6
	1977	463	51,859	892.8
	1978	525	53,565	980.1
	Total	4,952	518,020	955.9
Giles County, VA (51071)	1968	181	16,589	1,091.1
	1969	186	16,702	1,113.6
	1970	170	16,757	1,014.5
	1971	179	16,917	1,058.1
	1972	202	16,811	1,201.6
	1973	185	16,816	1,100.1
	1974	189	16,862	1,120.9
	1975	173	17,244	1,003.2
	1976	193	17,585	1,097.5
	1977	173	17,652	980.1
	1978	199	17,998	1,105.7
	Total	2,030	187,933	1,080.2
Gloucester County, VA (51073)	1968	188	13,302	1,413.3
	1969	155	13,698	1,131.6
	1970	161	14,034	1,147.2
	1971	160	14,731	1,086.1
	1972	158	15,320	1,031.3
	1973	143	16,353	874.5
	1974	140	17,210	813.5
	1975	145	17,451	830.9
	1976	160	17,651	906.5
	1977	157	18,212	862.1
	1978	183	19,018	962.2
	Total	1,750	176,980	988.8
Goochland County, VA (51075)	1968	88	9,981	881.7
	1969	90	10,023	897.9
	1970	91	10,059	904.7
	1971	80	10,137	789.2
	1972	94	10,216	920.1
	1973	94	10,350	908.2
	1974	76	10,815	702.7
	1975	90	11,128	808.8
	1976	76	11,397	666.8
	1977	95	11,698	812.1
	1978	74	11,365	651.1
	Total	948	117,169	809.1
Grayson County, VA (51077)	1968	247	21,572	1,145.0
	1969	208	22,231	935.6
	1970	227	21,701	1,046.0
	1971	231	22,502	1,026.6
	1972	220	22,049	997.8
	1973	258	22,634	1,139.9
	1974	238	22,607	1,052.8
	1975	221	22,406	986.3
	1976	235	22,400	1,049.1
	1977	231	22,708	1,017.3
	1978	249	22,836	1,090.4
	Total	2,565	245,646	1,044.2
Greene County, VA (51079)	1968	73	4,960	1,471.8
	1969	55	5,103	1,077.8
	1970	73	5,219	1,398.7
	1971	51	5,485	929.8
	1972	66	5,409	1,220.2
	1973	48	5,615	854.9
	1974	53	5,859	904.6
	1975	61	6,308	967.0
	1976	55	6,713	819.3
	1977	65	6,836	950.8
	1978	68	7,181	946.9
	Total	668	64,688	1,032.6
Greensville County, VA (51081)	1968	178	15,028	1,184.5
	1969	163	15,060	1,082.3
	1970	150	14,932	1,004.6
	1971	162	15,097	1,073.1
	1972	182	15,104	1,205.0
	1973	163	15,073	1,081.4
	1974	177	15,175	1,166.4
	1975	153	15,575	982.3
	1976	160	15,380	1,040.3
	1977	162	15,417	1,050.8
	1978	176	15,502	1,135.3
	Total	1,826	167,343	1,091.2
Halifax County, VA (51083)	1968	399	36,703	1,087.1
	1969	410	36,939	1,109.9
	1970	395	36,927	1,069.7
	1971	452	37,285	1,212.3
	1972	406	37,340	1,087.3
	1973	386	37,141	1,039.3
	1974	368	37,408	983.7
	1975	379	37,590	1,008.2
	1976	420	37,625	1,116.3
	1977	423	37,897	1,116.2
	1978	393	37,890	1,037.2
	Total	4,431	410,745	1,078.8
Hanover County, VA (51085)	1968	301	35,131	856.8
	1969	286	36,410	785.5
	1970	301	37,419	804.4
	1971	327	39,386	830.2
	1972	334	41,667	801.6
	1973	355	43,345	819.0
	1974	348	43,947	791.9
	1975	323	46,269	698.1
	1976	347	47,558	729.6
	1977	350	49,135	712.3
	1978	372	50,699	733.7
	Total	3,644	470,966	773.7
Henrico County, VA (51087)	1968	4,057	397,177	1,021.5
	1969	4,063	398,694	1,019.1
	1970	4,248	404,566	1,050.0
	1971	4,181	407,366	1,026.3
	1972	4,372	401,132	1,089.9
	1973	4,320	403,770	1,069.9
	1974	4,200	403,670	1,040.5
	1975	4,149	402,624	1,030.5
	1976	3,982	404,650	984.1
	1977	3,969	401,461	988.6
	1978	3,877	399,865	969.6
	Total	45,418	4,424,975	1,026.4
Henry County, VA (51089)	1968	522	70,768	737.6
	1969	513	71,739	715.1
	1970	520	70,635	736.2
	1971	535	71,841	744.7
	1972	508	72,459	701.1
	1973	586	73,527	797.0
	1974	498	74,305	670.2
	1975	580	74,711	776.3
	1976	568	74,756	759.8
	1977	553	75,102	736.3
	1978	587	76,121	771.1
	Total	5,970	805,964	740.7
Highland County, VA (51091)	1968	35	2,398	1,459.5
	1969	41	2,468	1,661.3
	1970	27	2,524	1,069.7
	1971	34	2,637	1,289.3
	1972	48	2,495	1,923.8
	1973	35	2,469	1,417.6
	1974	32	2,413	1,326.2
	1975	27	2,432	1,110.2
	1976	28	2,325	1,204.3
	1977	28	2,381	1,176.0
	1978	30	2,535	1,183.4
	Total	365	27,077	1,348.0
Isle of Wight County, VA (51093)	1968	193	17,013	1,134.4
	1969	165	17,694	932.5
	1970	184	18,318	1,004.5
	1971	194	19,348	1,002.7
	1972	158	19,474	811.3
	1973	181	19,764	915.8
	1974	198	20,020	989.0
	1975	170	20,310	837.0
	1976	174	20,806	836.3
	1977	172	20,940	821.4
	1978	166	21,619	767.8
	Total	1,955	215,306	908.0
James City County, VA (51095)	1968	141	25,004	563.9
	1969	172	25,975	662.2
	1970	158	27,008	585.0
	1971	159	28,494	558.0
	1972	192	29,346	654.3
	1973	174	28,906	602.0
	1974	204	29,578	689.7
	1975	168	29,390	571.6
	1976	181	31,992	565.8
	1977	203	31,656	641.3
	1978	231	31,957	722.8
	Total	1,983	319,306	621.0
King and Queen County, VA (51097)	1968	61	5,507	1,107.7
	1969	70	5,500	1,272.7
	1970	51	5,459	934.2
	1971	60	5,497	1,091.5
	1972	76	5,480	1,386.9
	1973	74	5,681	1,302.6
	1974	68	5,808	1,170.8
	1975	63	5,918	1,064.5
	1976	62	6,143	1,009.3
	1977	68	6,168	1,102.5
	1978	68	6,104	1,114.0
	Total	721	63,265	1,139.7
King George County, VA (51099)	1968	79	7,687	1,027.7
	1969	69	7,915	871.8
	1970	73	8,044	907.5
	1971	50	8,333	600.0
	1972	80	8,369	955.9
	1973	87	8,622	1,009.0
	1974	82	8,872	924.3
	1975	87	9,121	953.8
	1976	79	9,483	833.1
	1977	67	9,675	692.5
	1978	71	9,897	717.4
	Total	824	96,018	858.2
King William County, VA (51101)	1968	85	7,672	1,107.9
	1969	88	7,535	1,167.9
	1970	81	7,466	1,084.9
	1971	69	7,378	935.2
	1972	104	7,690	1,352.4
	1973	74	7,816	946.8
	1974	87	8,148	1,067.7
	1975	71	8,245	861.1
	1976	80	8,321	961.4
	1977	85	8,579	990.8
	1978	107	8,860	1,207.7
	Total	931	87,710	1,061.5
Lancaster County, VA (51103)	1968	117	9,403	1,244.3
	1969	143	9,275	1,541.8
	1970	111	9,116	1,217.6
	1971	105	8,965	1,171.2
	1972	102	9,193	1,109.5
	1973	121	9,379	1,290.1
	1974	125	9,492	1,316.9
	1975	136	9,752	1,394.6
	1976	126	9,852	1,278.9
	1977	152	9,945	1,528.4
	1978	113	10,369	1,089.8
	Total	1,351	104,741	1,289.8
Lee County, VA (51105)	1968	293	18,495	1,584.2
	1969	259	19,503	1,328.0
	1970	290	20,353	1,424.9
	1971	306	21,940	1,394.7
	1972	284	22,234	1,277.3
	1973	303	22,430	1,350.9
	1974	272	23,035	1,180.8
	1975	284	24,007	1,183.0
	1976	311	25,132	1,237.5
	1977	302	25,465	1,185.9
	1978	312	25,628	1,217.4
	Total	3,216	248,222	1,295.6
Loudoun County, VA (51107)	1968	288	35,438	812.7
	1969	283	36,392	777.6
	1970	282	37,088	760.4
	1971	302	38,443	785.6
	1972	300	40,391	742.7
	1973	322	43,680	737.2
	1974	318	47,373	671.3
	1975	290	50,228	577.4
	1976	331	52,216	633.9
	1977	316	53,944	585.8
	1978	324	55,600	582.7
	Total	3,356	490,793	683.8
Louisa County, VA (51109)	1968	184	12,427	1,480.6
	1969	156	13,301	1,172.8
	1970	150	13,964	1,074.2
	1971	169	15,395	1,097.8
	1972	192	15,455	1,242.3
	1973	177	15,940	1,110.4
	1974	194	16,547	1,172.4
	1975	171	16,730	1,022.1
	1976	182	17,390	1,046.6
	1977	193	17,966	1,074.3
	1978	181	18,201	994.5
	Total	1,949	173,316	1,124.5
Lunenburg County, VA (51111)	1968	121	11,900	1,016.8
	1969	154	11,726	1,313.3
	1970	132	11,654	1,132.7
	1971	132	11,516	1,146.2
	1972	144	11,920	1,208.1
	1973	168	11,864	1,416.0
	1974	152	12,076	1,258.7
	1975	169	12,193	1,386.0
	1976	142	12,311	1,153.4
	1977	141	12,121	1,163.3
	1978	136	12,122	1,121.9
	Total	1,591	131,403	1,210.8
Madison County, VA (51113)	1968	87	8,334	1,043.9
	1969	102	8,503	1,199.6
	1970	91	8,604	1,057.6
	1971	103	8,873	1,160.8
	1972	78	9,163	851.2
	1973	91	9,629	945.1
	1974	92	9,862	932.9
	1975	110	10,008	1,099.1
	1976	104	9,947	1,045.5
	1977	93	9,972	932.6
	1978	100	10,319	969.1
	Total	1,051	103,214	1,018.3
Mathews County, VA (51115)	1968	134	6,696	2,001.2
	1969	106	6,975	1,519.7
	1970	115	7,158	1,606.6
	1971	117	7,519	1,556.1
	1972	128	7,854	1,629.7
	1973	124	7,873	1,575.0
	1974	116	8,000	1,450.0
	1975	126	8,085	1,558.4
	1976	110	8,181	1,344.6
	1977	125	8,172	1,529.6
	1978	107	8,228	1,300.4
	Total	1,308	84,741	1,543.5
Mecklenburg County, VA (51117)	1968	333	28,406	1,172.3
	1969	323	28,948	1,115.8
	1970	342	29,438	1,161.8
	1971	346	30,249	1,143.8
	1972	350	29,980	1,167.4
	1973	356	30,320	1,174.1
	1974	355	30,171	1,176.6
	1975	336	29,852	1,125.6
	1976	306	29,756	1,028.4
	1977	331	30,032	1,102.2
	1978	352	30,308	1,161.4
	Total	3,730	327,460	1,139.1
Middlesex County, VA (51119)	1968	93	6,467	1,438.1
	1969	92	6,346	1,449.7
	1970	87	6,289	1,383.4
	1971	79	6,204	1,273.4
	1972	96	6,535	1,469.0
	1973	88	6,573	1,338.8
	1974	99	6,699	1,477.8
	1975	103	6,968	1,478.2
	1976	98	6,954	1,409.3
	1977	99	7,352	1,346.6
	1978	100	7,321	1,365.9
	Total	1,034	73,708	1,402.8
Montgomery County, VA (51121)	1968	424	56,952	744.5
	1969	400	57,999	689.7
	1970	391	58,959	663.2
	1971	432	60,739	711.2
	1972	400	63,308	631.8
	1973	438	65,560	668.1
	1974	403	68,625	587.2
	1975	402	70,386	571.1
	1976	473	71,397	662.5
	1977	438	73,414	596.6
	1978	437	74,685	585.1
	Total	4,638	722,024	642.4
Nelson County, VA (51125)	1968	159	12,186	1,304.8
	1969	220	11,911	1,847.0
	1970	141	11,745	1,200.5
	1971	173	11,426	1,514.1
	1972	152	11,657	1,303.9
	1973	146	11,752	1,242.3
	1974	134	11,859	1,129.9
	1975	143	12,123	1,179.6
	1976	163	12,230	1,332.8
	1977	151	12,187	1,239.0
	1978	185	12,396	1,492.4
	Total	1,767	131,472	1,344.0
New Kent County, VA (51127)	1968	49	5,191	943.9
	1969	63	5,237	1,203.0
	1970	68	5,306	1,281.6
	1971	57	5,441	1,047.6
	1972	36	5,973	602.7
	1973	52	6,516	798.0
	1974	49	7,024	697.6
	1975	63	7,221	872.5
	1976	52	7,524	691.1
	1977	48	7,717	622.0
	1978	64	8,234	777.3
	Total	601	71,384	841.9
Northampton County, VA (51131)	1968	265	14,252	1,859.4
	1969	245	14,333	1,709.3
	1970	203	14,444	1,405.4
	1971	222	14,674	1,512.9
	1972	206	15,071	1,366.9
	1973	248	15,091	1,643.4
	1974	208	14,865	1,399.3
	1975	190	15,043	1,263.0
	1976	183	15,291	1,196.8
	1977	195	15,205	1,282.5
	1978	196	15,426	1,270.6
	Total	2,361	163,695	1,442.3
Northumberland County, VA (51133)	1968	131	8,728	1,500.9
	1969	124	8,985	1,380.1
	1970	124	9,223	1,344.5
	1971	129	9,671	1,333.9
	1972	160	9,217	1,735.9
	1973	133	9,364	1,420.3
	1974	131	9,372	1,397.8
	1975	125	9,704	1,288.1
	1976	136	9,777	1,391.0
	1977	143	9,895	1,445.2
	1978	145	9,880	1,467.6
	Total	1,481	103,816	1,426.6
Nottoway County, VA (51135)	1968	187	13,846	1,350.6
	1969	173	14,039	1,232.3
	1970	190	14,258	1,332.6
	1971	197	14,621	1,347.4
	1972	180	14,475	1,243.5
	1973	152	14,447	1,052.1
	1974	184	14,371	1,280.4
	1975	161	14,499	1,110.4
	1976	177	14,529	1,218.3
	1977	197	15,011	1,312.4
	1978	174	14,766	1,178.4
	Total	1,972	158,862	1,241.3
Orange County, VA (51137)	1968	200	12,715	1,572.9
	1969	169	13,299	1,270.8
	1970	152	13,812	1,100.5
	1971	191	14,716	1,297.9
	1972	208	14,918	1,394.3
	1973	164	15,516	1,057.0
	1974	182	16,027	1,135.6
	1975	174	16,259	1,070.2
	1976	198	17,068	1,160.1
	1977	182	17,649	1,031.2
	1978	188	17,634	1,066.1
	Total	2,008	169,613	1,183.9
Page County, VA (51139)	1968	175	15,927	1,098.8
	1969	167	16,299	1,024.6
	1970	178	16,590	1,072.9
	1971	199	17,045	1,167.5
	1972	170	17,567	967.7
	1973	214	17,783	1,203.4
	1974	207	18,357	1,127.6
	1975	182	18,629	977.0
	1976	150	18,949	791.6
	1977	204	19,201	1,062.4
	1978	205	19,470	1,052.9
	Total	2,051	195,817	1,047.4
Patrick County, VA (51141)	1968	123	14,405	853.9
	1969	148	14,899	993.4
	1970	164	15,312	1,071.1
	1971	148	16,026	923.5
	1972	146	16,148	904.1
	1973	163	16,414	993.1
	1974	140	16,677	839.5
	1975	141	16,900	834.3
	1976	141	16,887	835.0
	1977	154	17,380	886.1
	1978	146	17,495	834.5
	Total	1,614	178,543	904.0
Pittsylvania County, VA (51143)	1968	1,049	102,224	1,026.2
	1969	1,058	103,495	1,022.3
	1970	1,061	105,351	1,007.1
	1971	1,038	107,134	968.9
	1972	1,056	108,490	973.4
	1973	1,086	109,036	996.0
	1974	1,048	109,300	958.8
	1975	948	110,803	855.6
	1976	1,080	110,549	976.9
	1977	1,002	110,983	902.8
	1978	1,099	111,637	984.4
	Total	11,525	1,189,002	969.3
Powhatan County, VA (51145)	1968	69	7,116	969.6
	1969	66	7,438	887.3
	1970	69	7,719	893.9
	1971	62	8,206	755.5
	1972	82	9,207	890.6
	1973	80	9,481	843.8
	1974	76	9,949	763.9
	1975	66	10,321	639.5
	1976	64	10,908	586.7
	1977	68	11,803	576.1
	1978	86	12,660	679.3
	Total	788	104,808	751.9
Prince Edward County, VA (51147)	1968	198	13,906	1,423.8
	1969	160	14,144	1,131.2
	1970	197	14,423	1,365.9
	1971	164	14,866	1,103.2
	1972	186	15,667	1,187.2
	1973	174	15,503	1,122.4
	1974	181	16,090	1,124.9
	1975	131	16,218	807.7
	1976	147	16,569	887.2
	1977	156	16,765	930.5
	1978	195	16,488	1,182.7
	Total	1,889	170,639	1,107.0
Prince George County, VA (51149)	1968	276	48,452	569.6
	1969	282	51,583	546.7
	1970	334	48,203	692.9
	1971	289	52,897	546.3
	1972	306	45,598	671.1
	1973	302	44,470	679.1
	1974	281	43,292	649.1
	1975	282	44,005	640.8
	1976	294	47,091	624.3
	1977	289	49,307	586.1
	1978	305	49,345	618.1
	Total	3,240	524,243	618.0
Prince William County, VA (51153)	1968	420	101,231	414.9
	1969	412	106,518	386.8
	1970	430	111,115	387.0
	1971	472	119,281	395.7
	1972	440	125,550	350.5
	1973	493	135,429	364.0
	1974	489	142,520	343.1
	1975	483	148,171	326.0
	1976	531	149,457	355.3
	1977	478	154,406	309.6
	1978	515	161,244	319.4
	Total	5,163	1,454,922	354.9
Pulaski County, VA (51155)	1968	271	28,409	953.9
	1969	288	29,090	990.0
	1970	302	29,660	1,018.2
	1971	334	30,585	1,092.0
	1972	322	30,678	1,049.6
	1973	330	32,029	1,030.3
	1974	293	33,220	882.0
	1975	305	33,994	897.2
	1976	313	34,457	908.4
	1977	273	34,924	781.7
	1978	332	35,741	928.9
	Total	3,363	352,787	953.3
Rappahannock County, VA (51157)	1968	62	5,149	1,204.1
	1969	68	5,161	1,317.6
	1970	65	5,201	1,249.8
	1971	67	5,257	1,274.5
	1972	70	5,290	1,323.3
	1973	59	5,205	1,133.5
	1974	60	5,378	1,115.7
	1975	58	5,550	1,045.0
	1976	61	5,586	1,092.0
	1977	70	5,811	1,204.6
	1978	64	5,939	1,077.6
	Total	704	59,527	1,182.7
Richmond County, VA (51159)	1968	85	6,394	1,329.4
	1969	63	6,421	981.2
	1970	84	6,500	1,292.3
	1971	74	6,592	1,122.6
	1972	86	6,271	1,371.4
	1973	89	6,316	1,409.1
	1974	76	6,261	1,213.9
	1975	73	6,520	1,119.6
	1976	81	6,619	1,223.7
	1977	77	6,774	1,136.7
	1978	104	6,851	1,518.0
	Total	892	71,519	1,247.2
Roanoke County, VA (51161)	1968	1,799	176,869	1,017.1
	1969	1,819	180,497	1,007.8
	1970	1,853	182,014	1,018.1
	1971	1,850	187,178	988.4
	1972	1,930	190,247	1,014.5
	1973	1,869	194,017	963.3
	1974	1,984	195,780	1,013.4
	1975	1,881	195,952	959.9
	1976	1,860	196,893	944.7
	1977	1,820	198,456	917.1
	1978	1,881	198,538	947.4
	Total	20,546	2,096,441	980.0
Rockbridge County, VA (51163)	1968	306	30,842	992.2
	1969	347	30,762	1,128.0
	1970	334	30,688	1,088.4
	1971	297	30,612	970.2
	1972	336	31,007	1,083.6
	1973	341	30,995	1,100.2
	1974	285	31,286	911.0
	1975	297	31,578	940.5
	1976	277	31,202	887.8
	1977	283	31,719	892.2
	1978	284	31,983	888.0
	Total	3,387	342,674	988.4
Rockingham County, VA (51165)	1968	548	61,923	885.0
	1969	586	63,630	920.9
	1970	590	62,532	943.5
	1971	533	65,177	817.8
	1972	630	68,106	925.0
	1973	539	69,203	778.9
	1974	562	71,555	785.4
	1975	555	73,369	756.5
	1976	539	74,126	727.1
	1977	593	75,167	788.9
	1978	594	76,592	775.5
	Total	6,269	761,380	823.4
Russell County, VA (51167)	1968	239	23,765	1,005.7
	1969	242	24,145	1,002.3
	1970	222	24,569	903.6
	1971	279	25,222	1,106.2
	1972	250	25,599	976.6
	1973	277	26,479	1,046.1
	1974	265	26,420	1,003.0
	1975	236	27,170	868.6
	1976	224	28,829	777.0
	1977	250	29,621	844.0
	1978	247	30,661	805.6
	Total	2,731	292,480	933.7
Scott County, VA (51169)	1968	250	23,734	1,053.3
	1969	229	24,060	951.8
	1970	212	24,370	869.9
	1971	204	24,867	820.4
	1972	256	25,084	1,020.6
	1973	261	24,842	1,050.6
	1974	239	24,892	960.1
	1975	258	24,776	1,041.3
	1976	244	25,062	973.6
	1977	246	25,172	977.3
	1978	231	25,096	920.5
	Total	2,630	271,955	967.1
Shenandoah County, VA (51171)	1968	252	21,644	1,164.3
	1969	284	22,305	1,273.3
	1970	281	22,888	1,227.7
	1971	306	23,785	1,286.5
	1972	290	24,263	1,195.2
	1973	337	24,427	1,379.6
	1974	282	24,743	1,139.7
	1975	284	25,877	1,097.5
	1976	302	25,854	1,168.1
	1977	293	26,534	1,104.2
	1978	306	27,052	1,131.2
	Total	3,217	269,372	1,194.3
Smyth County, VA (51173)	1968	280	30,096	930.4
	1969	292	30,751	949.6
	1970	293	31,408	932.9
	1971	312	32,385	963.4
	1972	262	32,315	810.8
	1973	302	32,669	924.4
	1974	260	33,060	786.4
	1975	299	32,846	910.3
	1976	346	33,253	1,040.5
	1977	302	33,566	899.7
	1978	322	33,814	952.3
	Total	3,270	356,163	918.1
Southampton County, VA (51175)	1968	296	25,814	1,146.7
	1969	260	25,606	1,015.4
	1970	270	25,479	1,059.7
	1971	285	25,322	1,125.5
	1972	258	25,250	1,021.8
	1973	258	25,251	1,021.7
	1974	262	25,304	1,035.4
	1975	247	25,375	973.4
	1976	230	25,538	900.6
	1977	232	25,759	900.7
	1978	303	26,435	1,146.2
	Total	2,901	281,133	1,031.9
Spotsylvania County, VA (51177)	1968	315	29,119	1,081.8
	1969	295	30,295	973.8
	1970	301	30,932	973.1
	1971	323	32,596	990.9
	1972	358	33,678	1,063.0
	1973	330	35,459	930.7
	1974	365	37,824	965.0
	1975	345	39,946	863.7
	1976	369	41,640	886.2
	1977	326	44,939	725.4
	1978	368	47,561	773.7
	Total	3,695	403,989	914.6
Stafford County, VA (51179)	1968	171	23,390	731.1
	1969	187	24,027	778.3
	1970	161	24,673	652.5
	1971	173	25,647	674.5
	1972	146	26,772	545.3
	1973	194	28,148	689.2
	1974	168	29,748	564.7
	1975	167	31,045	537.9
	1976	192	32,881	583.9
	1977	189	35,055	539.2
	1978	217	37,654	576.3
	Total	1,965	319,040	615.9
Surry County, VA (51181)	1968	77	5,261	1,463.6
	1969	64	5,588	1,145.3
	1970	67	5,866	1,142.2
	1971	64	6,365	1,005.5
	1972	96	6,493	1,478.5
	1973	81	5,785	1,400.2
	1974	56	5,742	975.3
	1975	64	6,254	1,023.3
	1976	66	6,236	1,058.4
	1977	52	6,074	856.1
	1978	75	6,087	1,232.1
	Total	762	65,751	1,158.9
Sussex County, VA (51183)	1968	138	11,427	1,207.7
	1969	128	11,428	1,120.1
	1970	119	11,478	1,036.8
	1971	121	11,476	1,054.4
	1972	134	11,486	1,166.6
	1973	123	11,461	1,073.2
	1974	101	11,291	894.5
	1975	134	11,380	1,177.5
	1976	139	11,373	1,222.2
	1977	127	11,294	1,124.5
	1978	105	11,104	945.6
	Total	1,369	125,198	1,093.5
Tazewell County, VA (51185)	1968	413	37,455	1,102.7
	1969	428	38,767	1,104.0
	1970	441	39,900	1,105.3
	1971	449	41,909	1,071.4
	1972	500	42,855	1,166.7
	1973	471	43,542	1,081.7
	1974	475	44,645	1,063.9
	1975	462	45,875	1,007.1
	1976	487	48,084	1,012.8
	1977	474	49,676	954.2
	1978	434	50,446	860.3
	Total	5,034	483,154	1,041.9
Warren County, VA (51187)	1968	192	14,156	1,356.3
	1969	164	14,779	1,109.7
	1970	142	15,357	924.7
	1971	206	16,255	1,267.3
	1972	186	16,993	1,094.6
	1973	174	17,564	990.7
	1974	216	18,564	1,163.5
	1975	185	19,150	966.1
	1976	186	19,718	943.3
	1977	182	20,365	893.7
	1978	211	21,069	1,001.5
	Total	2,044	193,970	1,053.8
Washington County, VA (51191)	1968	599	53,960	1,110.1
	1969	550	55,354	993.6
	1970	566	55,810	1,014.2
	1971	550	57,688	953.4
	1972	598	59,148	1,011.0
	1973	653	59,897	1,090.2
	1974	588	60,282	975.4
	1975	596	61,402	970.7
	1976	616	62,101	991.9
	1977	570	63,178	902.2
	1978	638	64,345	991.5
	Total	6,524	653,165	998.8
Westmoreland County, VA (51193)	1968	151	11,215	1,346.4
	1969	132	11,751	1,123.3
	1970	126	12,093	1,041.9
	1971	143	12,868	1,111.3
	1972	162	12,848	1,260.9
	1973	150	13,194	1,136.9
	1974	147	13,247	1,109.7
	1975	165	13,423	1,229.2
	1976	172	13,432	1,280.5
	1977	142	13,674	1,038.5
	1978	158	13,849	1,140.9
	Total	1,648	141,594	1,163.9
Wise County, VA (51195)	1968	543	40,259	1,348.8
	1969	498	41,145	1,210.4
	1970	458	40,251	1,137.9
	1971	448	41,586	1,077.3
	1972	504	42,510	1,185.6
	1973	498	43,248	1,151.5
	1974	464	43,959	1,055.5
	1975	505	45,435	1,111.5
	1976	488	47,832	1,020.2
	1977	491	48,366	1,015.2
	1978	475	49,025	968.9
	Total	5,372	483,616	1,110.8
Wythe County, VA (51197)	1968	238	21,168	1,124.3
	1969	232	21,667	1,070.8
	1970	256	22,117	1,157.5
	1971	251	22,969	1,092.8
	1972	256	22,541	1,135.7
	1973	254	23,126	1,098.3
	1974	253	23,754	1,065.1
	1975	230	23,959	960.0
	1976	251	24,383	1,029.4
	1977	262	24,487	1,070.0
	1978	251	25,242	994.4
	Total	2,734	255,413	1,070.4
York County, VA (51199)	1968	168	31,454	534.1
	1969	173	32,337	535.0
	1970	166	33,091	501.6
	1971	171	34,337	498.0
	1972	194	35,495	546.6
	1973	199	36,253	548.9
	1974	194	36,148	536.7
	1975	170	36,546	465.2
	1976	187	38,137	490.3
	1977	197	40,316	488.6
	1978	201	41,796	480.9
	Total	2,020	395,910	510.2
Alexandria city, VA (51510)	1968	963	113,643	847.4
	1969	918	112,464	816.3
	1970	943	111,874	842.9
	1971	903	111,024	813.3
	1972	926	108,607	852.6
	1973	987	110,014	897.2
	1974	866	109,009	794.4
	1975	838	108,589	771.7
	1976	813	107,799	754.2
	1977	836	106,641	783.9
	1978	789	105,929	744.8
	Total	9,782	1,205,593	811.4
Chesapeake city, VA (51550)	1968	678	87,449	775.3
	1969	656	88,538	740.9
	1970	615	89,744	685.3
	1971	683	91,868	743.5
	1972	670	94,300	710.5
	1973	755	97,926	771.0
	1974	759	102,473	740.7
	1975	746	105,127	709.6
	1976	711	108,767	653.7
	1977	721	112,127	643.0
	1978	746	113,932	654.8
	Total	7,740	1,092,251	708.6
Hampton city, VA (51650)	1968	804	118,553	678.2
	1969	767	118,687	646.2
	1970	738	121,139	609.2
	1971	769	121,478	633.0
	1972	828	127,710	648.3
	1973	846	128,067	660.6
	1974	808	128,782	627.4
	1975	837	128,831	649.7
	1976	798	127,070	628.0
	1977	799	127,318	627.6
	1978	798	126,128	632.7
	Total	8,792	1,373,763	640.0
Newport News city, VA (51700)	1968	1,024	134,630	760.6
	1969	929	135,168	687.3
	1970	924	138,876	665.3
	1971	970	140,257	691.6
	1972	1,018	138,742	733.7
	1973	1,016	139,726	727.1
	1974	996	140,928	706.7
	1975	994	142,641	696.9
	1976	1,029	145,969	704.9
	1977	1,022	148,267	689.3
	1978	1,055	149,557	705.4
	Total	10,977	1,554,761	706.0
Norfolk city, VA (51710)	1968	3,741	425,985	878.2
	1969	3,720	419,498	886.8
	1970	3,561	420,544	846.8
	1971	3,619	414,826	872.4
	1972	3,746	394,844	948.7
	1973	3,804	398,823	953.8
	1974	3,649	397,767	917.4
	1975	3,355	392,748	854.2
	1976	3,523	389,964	903.4
	1977	3,308	388,754	850.9
	1978	3,338	384,245	868.7
	Total	39,364	4,427,998	889.0
Suffolk city, VA (51800)	1968	543	43,474	1,249.0
	1969	498	44,186	1,127.1
	1970	512	45,040	1,136.8
	1971	531	46,128	1,151.1
	1972	534	47,727	1,118.9
	1973	549	48,095	1,141.5
	1974	477	48,807	977.3
	1975	471	48,943	962.3
	1976	481	48,066	1,000.7
	1977	470	48,748	964.1
	1978	518	51,575	1,004.4
	Total	5,584	520,789	1,072.2
Virginia Beach city, VA (51810)	1968	717	159,168	450.5
	1969	782	164,463	475.5
	1970	737	172,238	427.9
	1971	782	180,253	433.8
	1972	856	188,236	454.7
	1973	857	198,100	432.6
	1974	906	210,104	431.2
	1975	970	217,824	445.3
	1976	970	224,580	431.9
	1977	1,017	236,241	430.5
	1978	1,071	244,226	438.5
	Total	9,665	2,195,433	440.2
Total		440,421	53,944,189	816.4
